-3 -2 9.70062e-09 
-3 -1.95 1.53716e-08 
-3 -1.9 2.43566e-08 
-3 -1.85 3.85913e-08 
-3 -1.8 6.11403e-08 
-3 -1.75 9.68556e-08 
-3 -1.7 1.53416e-07 
-3 -1.65 2.42967e-07 
-3 -1.6 3.84719e-07 
-3 -1.55 6.09023e-07 
-3 -1.5 9.63813e-07 
-3 -1.45 1.52471e-06 
-3 -1.4 2.41085e-06 
-3 -1.35 3.80973e-06 
-3 -1.3 6.01571e-06 
-3 -1.25 9.49001e-06 
-3 -1.2 1.49529e-05 
-3 -1.15 2.35252e-05 
-3 -1.1 3.6942e-05 
-3 -1.05 5.78738e-05 
-3 -1 9.03981e-05 
-3 -0.95 0.000140679 
-3 -0.9 0.000217921 
-3 -0.85 0.00033564 
-3 -0.8 0.000513279 
-3 -0.75 0.000778053 
-3 -0.7 0.0011667 
-3 -0.65 0.00172646 
-3 -0.6 0.00251406 
-3 -0.55 0.00359102 
-3 -0.5 0.00501345 
-3 -0.45 0.00681559 
-3 -0.4 0.00898928 
-3 -0.35 0.0114663 
-3 -0.3 0.0141143 
-3 -0.25 0.0167559 
-3 -0.2 0.0192078 
-3 -0.15 0.0213218 
-3 -0.1 0.0230123 
-3 -0.05 0.0242721 
-3 1.20737e-15 0.0252073 
-3 0.05 0.0260835 
-3 0.1 0.0273078 
-3 0.15 0.0292982 
-3 0.2 0.0323595 
-3 0.25 0.0365677 
-3 0.3 0.0415244 
-3 0.35 0.0462955 
-3 0.4 0.04973 
-3 0.45 0.0507138 
-3 0.5 0.0486409 
-3 0.55 0.0440837 
-3 0.6 0.0386245 
-3 0.65 0.0337599 
-3 0.7 0.029872 
-3 0.75 0.027365 
-3 0.8 0.0271585 
-3 0.85 0.0267216 
-3 0.9 0.024702 
-3 0.95 0.024575 
-3 1 0.0216054 
-3 1.05 0.0200665 
-3 1.1 0.0156435 
-3 1.15 0.0166635 
-3 1.2 0.0122252 
-3 1.25 0.0125897 
-3 1.3 0.00908084 
-3 1.35 0.00876427 
-3 1.4 0.00633222 
-3 1.45 0.0061809 
-3 1.5 0.00445916 
-3 1.55 0.0037608 
-3 1.6 0.00338681 
-3 1.65 0.00204944 
-3 1.7 0.00207849 
-3 1.75 0.00134836 
-3 1.8 0.0011069 
-3 1.85 0.000786521 
-3 1.9 0.00060594 
-3 1.95 0.00041905 
-3 2 0.000304487 
-2.95 -2 1.22124e-08 
-2.95 -1.95 1.93517e-08 
-2.95 -1.9 3.06632e-08 
-2.95 -1.85 4.85835e-08 
-2.95 -1.8 7.69711e-08 
-2.95 -1.75 1.21934e-07 
-2.95 -1.7 1.93139e-07 
-2.95 -1.65 3.05878e-07 
-2.95 -1.6 4.84332e-07 
-2.95 -1.55 7.66715e-07 
-2.95 -1.5 1.21337e-06 
-2.95 -1.45 1.91949e-06 
-2.95 -1.4 3.03509e-06 
-2.95 -1.35 4.79616e-06 
-2.95 -1.3 7.57334e-06 
-2.95 -1.25 1.19472e-05 
-2.95 -1.2 1.88246e-05 
-2.95 -1.15 2.96165e-05 
-2.95 -1.1 4.65073e-05 
-2.95 -1.05 7.2859e-05 
-2.95 -1 0.000113805 
-2.95 -0.95 0.000177106 
-2.95 -0.9 0.000274347 
-2.95 -0.85 0.000422548 
-2.95 -0.8 0.000646185 
-2.95 -0.75 0.00097952 
-2.95 -0.7 0.00146881 
-2.95 -0.65 0.00217351 
-2.95 -0.6 0.00316507 
-2.95 -0.55 0.00452092 
-2.95 -0.5 0.00631172 
-2.95 -0.45 0.00858059 
-2.95 -0.4 0.0113173 
-2.95 -0.35 0.0144358 
-2.95 -0.3 0.0177698 
-2.95 -0.25 0.0210958 
-2.95 -0.2 0.0241829 
-2.95 -0.15 0.0268449 
-2.95 -0.1 0.0289736 
-2.95 -0.05 0.0305601 
-2.95 1.20737e-15 0.0317379 
-2.95 0.05 0.0328415 
-2.95 0.1 0.0343833 
-2.95 0.15 0.0368896 
-2.95 0.2 0.0407444 
-2.95 0.25 0.0460431 
-2.95 0.3 0.0522839 
-2.95 0.35 0.058291 
-2.95 0.4 0.0626148 
-2.95 0.45 0.0638528 
-2.95 0.5 0.0612421 
-2.95 0.55 0.0555036 
-2.95 0.6 0.0486297 
-2.95 0.65 0.0425045 
-2.95 0.7 0.0376094 
-2.95 0.75 0.0344528 
-2.95 0.8 0.0341928 
-2.95 0.85 0.0336426 
-2.95 0.9 0.0310999 
-2.95 0.95 0.0309399 
-2.95 1 0.027201 
-2.95 1.05 0.0252634 
-2.95 1.1 0.0196948 
-2.95 1.15 0.0209789 
-2.95 1.2 0.0153912 
-2.95 1.25 0.01585 
-2.95 1.3 0.0114324 
-2.95 1.35 0.0110338 
-2.95 1.4 0.00797194 
-2.95 1.45 0.00778142 
-2.95 1.5 0.00561383 
-2.95 1.55 0.00473461 
-2.95 1.6 0.00426378 
-2.95 1.65 0.00258011 
-2.95 1.7 0.00261668 
-2.95 1.75 0.0016975 
-2.95 1.8 0.00139351 
-2.95 1.85 0.000990174 
-2.95 1.9 0.000762835 
-2.95 1.95 0.000527553 
-2.95 2 0.000383327 
-2.9 -2 1.53745e-08 
-2.9 -1.95 2.43623e-08 
-2.9 -1.9 3.86026e-08 
-2.9 -1.85 6.1163e-08 
-2.9 -1.8 9.69009e-08 
-2.9 -1.75 1.53506e-07 
-2.9 -1.7 2.43147e-07 
-2.9 -1.65 3.85077e-07 
-2.9 -1.6 6.09738e-07 
-2.9 -1.55 9.65237e-07 
-2.9 -1.5 1.52754e-06 
-2.9 -1.45 2.4165e-06 
-2.9 -1.4 3.82095e-06 
-2.9 -1.35 6.03802e-06 
-2.9 -1.3 9.53428e-06 
-2.9 -1.25 1.50407e-05 
-2.9 -1.2 2.36988e-05 
-2.9 -1.15 3.7285e-05 
-2.9 -1.1 5.85494e-05 
-2.9 -1.05 9.17243e-05 
-2.9 -1 0.000143272 
-2.9 -0.95 0.000222964 
-2.9 -0.9 0.000345385 
-2.9 -0.85 0.00053196 
-2.9 -0.8 0.000813505 
-2.9 -0.75 0.00123315 
-2.9 -0.7 0.00184914 
-2.9 -0.65 0.00273633 
-2.9 -0.6 0.00398466 
-2.9 -0.55 0.00569163 
-2.9 -0.5 0.00794621 
-2.9 -0.45 0.0108027 
-2.9 -0.4 0.0142482 
-2.9 -0.35 0.0181745 
-2.9 -0.3 0.0223722 
-2.9 -0.25 0.0265599 
-2.9 -0.2 0.030447 
-2.9 -0.15 0.033799 
-2.9 -0.1 0.0364795 
-2.9 -0.05 0.0384776 
-2.9 1.20737e-15 0.0399611 
-2.9 0.05 0.0413511 
-2.9 0.1 0.0432928 
-2.9 0.15 0.046449 
-2.9 0.2 0.0513029 
-2.9 0.25 0.0579747 
-2.9 0.3 0.0658327 
-2.9 0.35 0.0733959 
-2.9 0.4 0.0788393 
-2.9 0.45 0.0803971 
-2.9 0.5 0.077109 
-2.9 0.55 0.0698827 
-2.9 0.6 0.0612273 
-2.9 0.65 0.0535149 
-2.9 0.7 0.0473513 
-2.9 0.75 0.0433769 
-2.9 0.8 0.0430495 
-2.9 0.85 0.0423566 
-2.9 0.9 0.0391552 
-2.9 0.95 0.0389536 
-2.9 1 0.034246 
-2.9 1.05 0.0318065 
-2.9 1.1 0.0247955 
-2.9 1.15 0.026412 
-2.9 1.2 0.0193771 
-2.9 1.25 0.0199546 
-2.9 1.3 0.014393 
-2.9 1.35 0.0138911 
-2.9 1.4 0.0100363 
-2.9 1.45 0.00979641 
-2.9 1.5 0.0070675 
-2.9 1.55 0.0059606 
-2.9 1.6 0.00536784 
-2.9 1.65 0.00324819 
-2.9 1.7 0.00329423 
-2.9 1.75 0.00213703 
-2.9 1.8 0.00175434 
-2.9 1.85 0.00124656 
-2.9 1.9 0.000960354 
-2.9 1.95 0.000664151 
-2.9 2 0.000482581 
-2.85 -2 1.93553e-08 
-2.85 -1.95 3.06704e-08 
-2.85 -1.9 4.85979e-08 
-2.85 -1.85 7.69997e-08 
-2.85 -1.8 1.21991e-07 
-2.85 -1.75 1.93252e-07 
-2.85 -1.7 3.06104e-07 
-2.85 -1.65 4.84784e-07 
-2.85 -1.6 7.67615e-07 
-2.85 -1.55 1.21516e-06 
-2.85 -1.5 1.92306e-06 
-2.85 -1.45 3.04219e-06 
-2.85 -1.4 4.81029e-06 
-2.85 -1.35 7.60142e-06 
-2.85 -1.3 1.2003e-05 
-2.85 -1.25 1.89351e-05 
-2.85 -1.2 2.98351e-05 
-2.85 -1.15 4.69391e-05 
-2.85 -1.1 7.37095e-05 
-2.85 -1.05 0.000115474 
-2.85 -1 0.00018037 
-2.85 -0.95 0.000280696 
-2.85 -0.9 0.000434816 
-2.85 -0.85 0.000669702 
-2.85 -0.8 0.00102415 
-2.85 -0.75 0.00155247 
-2.85 -0.7 0.00232796 
-2.85 -0.65 0.0034449 
-2.85 -0.6 0.0050165 
-2.85 -0.55 0.00716553 
-2.85 -0.5 0.010004 
-2.85 -0.45 0.0136003 
-2.85 -0.4 0.0179383 
-2.85 -0.35 0.0228817 
-2.85 -0.3 0.0281668 
-2.85 -0.25 0.0334397 
-2.85 -0.2 0.0383341 
-2.85 -0.15 0.042555 
-2.85 -0.1 0.0459306 
-2.85 -0.05 0.0484471 
-2.85 1.20737e-15 0.0503157 
-2.85 0.05 0.0520666 
-2.85 0.1 0.0545121 
-2.85 0.15 0.0584867 
-2.85 0.2 0.0645988 
-2.85 0.25 0.0729998 
-2.85 0.3 0.0828941 
-2.85 0.35 0.0924167 
-2.85 0.4 0.0992697 
-2.85 0.45 0.10123 
-2.85 0.5 0.0970881 
-2.85 0.55 0.0879882 
-2.85 0.6 0.0770893 
-2.85 0.65 0.067378 
-2.85 0.7 0.0596173 
-2.85 0.75 0.0546131 
-2.85 0.8 0.0542006 
-2.85 0.85 0.0533282 
-2.85 0.9 0.0492974 
-2.85 0.95 0.0490433 
-2.85 1 0.0431161 
-2.85 1.05 0.0400444 
-2.85 1.1 0.0312175 
-2.85 1.15 0.0332524 
-2.85 1.2 0.0243954 
-2.85 1.25 0.0251223 
-2.85 1.3 0.0181203 
-2.85 1.35 0.0174884 
-2.85 1.4 0.0126353 
-2.85 1.45 0.0123332 
-2.85 1.5 0.0088976 
-2.85 1.55 0.00750405 
-2.85 1.6 0.00675779 
-2.85 1.65 0.00408927 
-2.85 1.7 0.00414722 
-2.85 1.75 0.00269038 
-2.85 1.8 0.00220859 
-2.85 1.85 0.00156933 
-2.85 1.9 0.00120902 
-2.85 1.95 0.000836118 
-2.85 2 0.000607534 
-2.8 -2 2.43669e-08 
-2.8 -1.95 3.86117e-08 
-2.8 -1.9 6.11811e-08 
-2.8 -1.85 9.69369e-08 
-2.8 -1.8 1.53578e-07 
-2.8 -1.75 2.4329e-07 
-2.8 -1.7 3.85363e-07 
-2.8 -1.65 6.10307e-07 
-2.8 -1.6 9.6637e-07 
-2.8 -1.55 1.5298e-06 
-2.8 -1.5 2.42099e-06 
-2.8 -1.45 3.82989e-06 
-2.8 -1.4 6.0558e-06 
-2.8 -1.35 9.56962e-06 
-2.8 -1.3 1.51108e-05 
-2.8 -1.25 2.38379e-05 
-2.8 -1.2 3.75602e-05 
-2.8 -1.15 5.9093e-05 
-2.8 -1.1 9.2795e-05 
-2.8 -1.05 0.000145374 
-2.8 -1 0.000227073 
-2.8 -0.95 0.000353377 
-2.8 -0.9 0.000547404 
-2.8 -0.85 0.000843112 
-2.8 -0.8 0.00128934 
-2.8 -0.75 0.00195447 
-2.8 -0.7 0.00293078 
-2.8 -0.65 0.00433696 
-2.8 -0.6 0.00631555 
-2.8 -0.55 0.00902114 
-2.8 -0.5 0.0125948 
-2.8 -0.45 0.0171226 
-2.8 -0.4 0.0225842 
-2.8 -0.35 0.0288082 
-2.8 -0.3 0.0354626 
-2.8 -0.25 0.0421018 
-2.8 -0.2 0.0482649 
-2.8 -0.15 0.05358 
-2.8 -0.1 0.0578312 
-2.8 -0.05 0.0610007 
-2.8 1.20737e-15 0.0633545 
-2.8 0.05 0.0655601 
-2.8 0.1 0.0686403 
-2.8 0.15 0.0736457 
-2.8 0.2 0.0813425 
-2.8 0.25 0.0919212 
-2.8 0.3 0.10438 
-2.8 0.35 0.116369 
-2.8 0.4 0.124997 
-2.8 0.45 0.127463 
-2.8 0.5 0.122246 
-2.8 0.55 0.110786 
-2.8 0.6 0.0970618 
-2.8 0.65 0.0848335 
-2.8 0.7 0.0750615 
-2.8 0.75 0.0687605 
-2.8 0.8 0.068241 
-2.8 0.85 0.0671423 
-2.8 0.9 0.0620671 
-2.8 0.95 0.0617469 
-2.8 1 0.054284 
-2.8 1.05 0.0504164 
-2.8 1.1 0.0393029 
-2.8 1.15 0.0418646 
-2.8 1.2 0.0307135 
-2.8 1.25 0.0316285 
-2.8 1.3 0.0228129 
-2.8 1.35 0.0220172 
-2.8 1.4 0.0159073 
-2.8 1.45 0.0155269 
-2.8 1.5 0.0112016 
-2.8 1.55 0.00944719 
-2.8 1.6 0.00850766 
-2.8 1.65 0.00514813 
-2.8 1.7 0.00522108 
-2.8 1.75 0.00338701 
-2.8 1.8 0.00278046 
-2.8 1.85 0.00197568 
-2.8 1.9 0.00152207 
-2.8 1.95 0.00105261 
-2.8 2 0.000764842 
-2.75 -2 3.06761e-08 
-2.75 -1.95 4.86092e-08 
-2.75 -1.9 7.70224e-08 
-2.75 -1.85 1.22036e-07 
-2.75 -1.8 1.93343e-07 
-2.75 -1.75 3.06285e-07 
-2.75 -1.7 4.85143e-07 
-2.75 -1.65 7.68331e-07 
-2.75 -1.6 1.21659e-06 
-2.75 -1.55 1.9259e-06 
-2.75 -1.5 3.04785e-06 
-2.75 -1.45 4.82155e-06 
-2.75 -1.4 7.62381e-06 
-2.75 -1.35 1.20475e-05 
-2.75 -1.3 1.90234e-05 
-2.75 -1.25 3.00102e-05 
-2.75 -1.2 4.72856e-05 
-2.75 -1.15 7.43938e-05 
-2.75 -1.1 0.000116822 
-2.75 -1.05 0.000183016 
-2.75 -1 0.000285869 
-2.75 -0.95 0.000444878 
-2.75 -0.9 0.000689146 
-2.75 -0.85 0.00106142 
-2.75 -0.8 0.00162321 
-2.75 -0.75 0.00246056 
-2.75 -0.7 0.00368969 
-2.75 -0.65 0.00546002 
-2.75 -0.6 0.00795102 
-2.75 -0.55 0.0113573 
-2.75 -0.5 0.0158565 
-2.75 -0.45 0.0215571 
-2.75 -0.4 0.0284335 
-2.75 -0.35 0.03627 
-2.75 -0.3 0.0446486 
-2.75 -0.25 0.0530084 
-2.75 -0.2 0.0607691 
-2.75 -0.15 0.0674624 
-2.75 -0.1 0.0728164 
-2.75 -0.05 0.0768087 
-2.75 1.20737e-15 0.0797738 
-2.75 0.05 0.0825525 
-2.75 0.1 0.0864322 
-2.75 0.15 0.0927361 
-2.75 0.2 0.102429 
-2.75 0.25 0.11575 
-2.75 0.3 0.131437 
-2.75 0.35 0.146534 
-2.75 0.4 0.157396 
-2.75 0.45 0.160498 
-2.75 0.5 0.153926 
-2.75 0.55 0.139494 
-2.75 0.6 0.122211 
-2.75 0.65 0.106813 
-2.75 0.7 0.0945079 
-2.75 0.75 0.0865739 
-2.75 0.8 0.0859193 
-2.75 0.85 0.0845359 
-2.75 0.9 0.0781456 
-2.75 0.95 0.0777419 
-2.75 1 0.0683453 
-2.75 1.05 0.0634753 
-2.75 1.1 0.0494828 
-2.75 1.15 0.0527077 
-2.75 1.2 0.0386681 
-2.75 1.25 0.0398199 
-2.75 1.3 0.028721 
-2.75 1.35 0.0277191 
-2.75 1.4 0.0200267 
-2.75 1.45 0.0195478 
-2.75 1.5 0.0141023 
-2.75 1.55 0.0118935 
-2.75 1.6 0.0107107 
-2.75 1.65 0.00648118 
-2.75 1.7 0.00657301 
-2.75 1.75 0.00426402 
-2.75 1.8 0.00350041 
-2.75 1.85 0.00248724 
-2.75 1.9 0.00191617 
-2.75 1.95 0.00132516 
-2.75 2 0.00096288 
-2.7 -2 3.86189e-08 
-2.7 -1.95 6.11954e-08 
-2.7 -1.9 9.69655e-08 
-2.7 -1.85 1.53635e-07 
-2.7 -1.8 2.43404e-07 
-2.7 -1.75 3.85589e-07 
-2.7 -1.7 6.10759e-07 
-2.7 -1.65 9.67271e-07 
-2.7 -1.6 1.53159e-06 
-2.7 -1.55 2.42457e-06 
-2.7 -1.5 3.83702e-06 
-2.7 -1.45 6.06998e-06 
-2.7 -1.4 9.59782e-06 
-2.7 -1.35 1.51669e-05 
-2.7 -1.3 2.39491e-05 
-2.7 -1.25 3.77807e-05 
-2.7 -1.2 5.95292e-05 
-2.7 -1.15 9.36565e-05 
-2.7 -1.1 0.000147071 
-2.7 -1.05 0.000230404 
-2.7 -1 0.00035989 
-2.7 -0.95 0.000560072 
-2.7 -0.9 0.000867591 
-2.7 -0.85 0.00133627 
-2.7 -0.8 0.00204352 
-2.7 -0.75 0.00309771 
-2.7 -0.7 0.00464514 
-2.7 -0.65 0.00687393 
-2.7 -0.6 0.01001 
-2.7 -0.55 0.0142985 
-2.7 -0.5 0.0199631 
-2.7 -0.45 0.0271403 
-2.7 -0.4 0.035798 
-2.7 -0.35 0.0456649 
-2.7 -0.3 0.0562147 
-2.7 -0.25 0.0667412 
-2.7 -0.2 0.0765138 
-2.7 -0.15 0.0849431 
-2.7 -0.1 0.0916863 
-2.7 -0.05 0.0967152 
-2.7 1.20737e-15 0.100451 
-2.7 0.05 0.103952 
-2.7 0.1 0.108839 
-2.7 0.15 0.116778 
-2.7 0.2 0.128985 
-2.7 0.25 0.14576 
-2.7 0.3 0.165514 
-2.7 0.35 0.184523 
-2.7 0.4 0.198197 
-2.7 0.45 0.2021 
-2.7 0.5 0.19382 
-2.7 0.55 0.175643 
-2.7 0.6 0.153879 
-2.7 0.65 0.134488 
-2.7 0.7 0.118994 
-2.7 0.75 0.109003 
-2.7 0.8 0.108179 
-2.7 0.85 0.106437 
-2.7 0.9 0.0983903 
-2.7 0.95 0.0978814 
-2.7 1 0.0860498 
-2.7 1.05 0.0799175 
-2.7 1.1 0.0622999 
-2.7 1.15 0.0663597 
-2.7 1.2 0.0486833 
-2.7 1.25 0.050133 
-2.7 1.3 0.0361593 
-2.7 1.35 0.0348976 
-2.7 1.4 0.025213 
-2.7 1.45 0.0246099 
-2.7 1.5 0.0177542 
-2.7 1.55 0.0149733 
-2.7 1.6 0.0134841 
-2.7 1.65 0.00815942 
-2.7 1.7 0.00827502 
-2.7 1.75 0.00536812 
-2.7 1.8 0.00440679 
-2.7 1.85 0.00313126 
-2.7 1.9 0.00241233 
-2.7 1.95 0.00166829 
-2.7 2 0.0012122 
-2.65 -2 4.86183e-08 
-2.65 -1.95 7.70405e-08 
-2.65 -1.9 1.22072e-07 
-2.65 -1.85 1.93415e-07 
-2.65 -1.8 3.06428e-07 
-2.65 -1.75 4.85428e-07 
-2.65 -1.7 7.689e-07 
-2.65 -1.65 1.21772e-06 
-2.65 -1.6 1.92816e-06 
-2.65 -1.55 3.05235e-06 
-2.65 -1.5 4.83052e-06 
-2.65 -1.45 7.64166e-06 
-2.65 -1.4 1.20829e-05 
-2.65 -1.35 1.9094e-05 
-2.65 -1.3 3.01502e-05 
-2.65 -1.25 4.75632e-05 
-2.65 -1.2 7.4943e-05 
-2.65 -1.15 0.000117907 
-2.65 -1.1 0.000185152 
-2.65 -1.05 0.000290063 
-2.65 -1 0.000453077 
-2.65 -0.95 0.000705094 
-2.65 -0.9 0.00109224 
-2.65 -0.85 0.00168228 
-2.65 -0.8 0.00257268 
-2.65 -0.75 0.00389986 
-2.65 -0.7 0.00584801 
-2.65 -0.65 0.00865401 
-2.65 -0.6 0.0126023 
-2.65 -0.55 0.0180016 
-2.65 -0.5 0.0251333 
-2.65 -0.45 0.0341697 
-2.65 -0.4 0.0450705 
-2.65 -0.35 0.057494 
-2.65 -0.3 0.0707777 
-2.65 -0.25 0.0840329 
-2.65 -0.2 0.0963395 
-2.65 -0.15 0.106955 
-2.65 -0.1 0.115449 
-2.65 -0.05 0.121784 
-2.65 1.20737e-15 0.126491 
-2.65 0.05 0.130902 
-2.65 0.1 0.137058 
-2.65 0.15 0.147059 
-2.65 0.2 0.162432 
-2.65 0.25 0.183557 
-2.65 0.3 0.208432 
-2.65 0.35 0.232367 
-2.65 0.4 0.249583 
-2.65 0.45 0.254492 
-2.65 0.5 0.244059 
-2.65 0.55 0.221166 
-2.65 0.6 0.193756 
-2.65 0.65 0.169338 
-2.65 0.7 0.149826 
-2.65 0.75 0.137246 
-2.65 0.8 0.136207 
-2.65 0.85 0.134013 
-2.65 0.9 0.123881 
-2.65 0.95 0.12324 
-2.65 1 0.108342 
-2.65 1.05 0.10062 
-2.65 1.1 0.0784378 
-2.65 1.15 0.0835484 
-2.65 1.2 0.0612929 
-2.65 1.25 0.0631176 
-2.65 1.3 0.0455243 
-2.65 1.35 0.0439355 
-2.65 1.4 0.0317425 
-2.65 1.45 0.030983 
-2.65 1.5 0.0223518 
-2.65 1.55 0.0188507 
-2.65 1.6 0.0169758 
-2.65 1.65 0.0102722 
-2.65 1.7 0.0104177 
-2.65 1.75 0.00675812 
-2.65 1.8 0.00554785 
-2.65 1.85 0.00394205 
-2.65 1.9 0.00303695 
-2.65 1.95 0.00210026 
-2.65 2 0.00152607 
-2.6 -2 6.12068e-08 
-2.6 -1.95 9.69882e-08 
-2.6 -1.9 1.5368e-07 
-2.6 -1.85 2.43495e-07 
-2.6 -1.8 3.8577e-07 
-2.6 -1.75 6.11118e-07 
-2.6 -1.7 9.67988e-07 
-2.6 -1.65 1.53302e-06 
-2.6 -1.6 2.42742e-06 
-2.6 -1.55 3.84269e-06 
-2.6 -1.5 6.08127e-06 
-2.6 -1.45 9.62028e-06 
-2.6 -1.4 1.52115e-05 
-2.6 -1.35 2.40379e-05 
-2.6 -1.3 3.79569e-05 
-2.6 -1.25 5.98786e-05 
-2.6 -1.2 9.43479e-05 
-2.6 -1.15 0.000148436 
-2.6 -1.1 0.000233094 
-2.6 -1.05 0.00036517 
-2.6 -1 0.000570394 
-2.6 -0.95 0.000887667 
-2.6 -0.9 0.00137507 
-2.6 -0.85 0.00211789 
-2.6 -0.8 0.00323886 
-2.6 -0.75 0.00490973 
-2.6 -0.7 0.0073624 
-2.6 -0.65 0.0108951 
-2.6 -0.6 0.015866 
-2.6 -0.55 0.0226637 
-2.6 -0.5 0.0316428 
-2.6 -0.45 0.0430201 
-2.6 -0.4 0.0567452 
-2.6 -0.35 0.072388 
-2.6 -0.3 0.0891147 
-2.6 -0.25 0.105806 
-2.6 -0.2 0.121304 
-2.6 -0.15 0.134675 
-2.6 -0.1 0.145373 
-2.6 -0.05 0.153354 
-2.6 1.20737e-15 0.159285 
-2.6 0.05 0.164844 
-2.6 0.1 0.172601 
-2.6 0.15 0.185197 
-2.6 0.2 0.204559 
-2.6 0.25 0.231163 
-2.6 0.3 0.262489 
-2.6 0.35 0.292627 
-2.6 0.4 0.314302 
-2.6 0.45 0.320475 
-2.6 0.5 0.307329 
-2.6 0.55 0.278493 
-2.6 0.6 0.243973 
-2.6 0.65 0.213222 
-2.6 0.7 0.188651 
-2.6 0.75 0.17281 
-2.6 0.8 0.1715 
-2.6 0.85 0.168737 
-2.6 0.9 0.155979 
-2.6 0.95 0.15517 
-2.6 1 0.136411 
-2.6 1.05 0.126687 
-2.6 1.1 0.0987569 
-2.6 1.15 0.10519 
-2.6 1.2 0.0771693 
-2.6 1.25 0.0794658 
-2.6 1.3 0.0573151 
-2.6 1.35 0.0553143 
-2.6 1.4 0.0399631 
-2.6 1.45 0.0390068 
-2.6 1.5 0.0281401 
-2.6 1.55 0.0237322 
-2.6 1.6 0.0213717 
-2.6 1.65 0.0129322 
-2.6 1.7 0.0131153 
-2.6 1.75 0.00850806 
-2.6 1.8 0.00698439 
-2.6 1.85 0.00496277 
-2.6 1.9 0.00382332 
-2.6 1.95 0.00264407 
-2.6 2 0.00192121 
-2.55 -2 7.70548e-08 
-2.55 -1.95 1.22101e-07 
-2.55 -1.9 1.93472e-07 
-2.55 -1.85 3.06542e-07 
-2.55 -1.8 4.85655e-07 
-2.55 -1.75 7.69353e-07 
-2.55 -1.7 1.21863e-06 
-2.55 -1.65 1.92996e-06 
-2.55 -1.6 3.05594e-06 
-2.55 -1.55 4.83766e-06 
-2.55 -1.5 7.65587e-06 
-2.55 -1.45 1.21112e-05 
-2.55 -1.4 1.91502e-05 
-2.55 -1.35 3.0262e-05 
-2.55 -1.3 4.7785e-05 
-2.55 -1.25 7.53829e-05 
-2.55 -1.2 0.000118777 
-2.55 -1.15 0.000186871 
-2.55 -1.1 0.000293449 
-2.55 -1.05 0.000459724 
-2.55 -1 0.000718089 
-2.55 -0.95 0.00111752 
-2.55 -0.9 0.00173112 
-2.55 -0.85 0.00266631 
-2.55 -0.8 0.00407756 
-2.55 -0.75 0.00618112 
-2.55 -0.7 0.00926897 
-2.55 -0.65 0.0137166 
-2.55 -0.6 0.019975 
-2.55 -0.55 0.0285334 
-2.55 -0.5 0.0398385 
-2.55 -0.45 0.0541634 
-2.55 -0.4 0.0714447 
-2.55 -0.35 0.0911415 
-2.55 -0.3 0.112204 
-2.55 -0.25 0.133224 
-2.55 -0.2 0.152742 
-2.55 -0.15 0.169582 
-2.55 -0.1 0.183058 
-2.55 -0.05 0.193114 
-2.55 1.20737e-15 0.200589 
-2.55 0.05 0.207595 
-2.55 0.1 0.217368 
-2.55 0.15 0.233235 
-2.55 0.2 0.257622 
-2.55 0.25 0.291129 
-2.55 0.3 0.330579 
-2.55 0.35 0.36853 
-2.55 0.4 0.395817 
-2.55 0.45 0.40358 
-2.55 0.5 0.387014 
-2.55 0.55 0.35069 
-2.55 0.6 0.307212 
-2.55 0.65 0.268484 
-2.55 0.7 0.237542 
-2.55 0.75 0.217592 
-2.55 0.8 0.215942 
-2.55 0.85 0.212461 
-2.55 0.9 0.196397 
-2.55 0.95 0.195376 
-2.55 1 0.171754 
-2.55 1.05 0.159508 
-2.55 1.1 0.124341 
-2.55 1.15 0.13244 
-2.55 1.2 0.0971589 
-2.55 1.25 0.100049 
-2.55 1.3 0.0721602 
-2.55 1.35 0.0696406 
-2.55 1.4 0.050313 
-2.55 1.45 0.0491086 
-2.55 1.5 0.0354274 
-2.55 1.55 0.0298779 
-2.55 1.6 0.026906 
-2.55 1.65 0.0162809 
-2.55 1.7 0.0165115 
-2.55 1.75 0.0107111 
-2.55 1.8 0.0087929 
-2.55 1.85 0.0062478 
-2.55 1.9 0.00481329 
-2.55 1.95 0.0033287 
-2.55 2 0.00241867 
-2.5 -2 9.70063e-08 
-2.5 -1.95 1.53716e-07 
-2.5 -1.9 2.43566e-07 
-2.5 -1.85 3.85913e-07 
-2.5 -1.8 6.11404e-07 
-2.5 -1.75 9.68558e-07 
-2.5 -1.7 1.53416e-06 
-2.5 -1.65 2.42968e-06 
-2.5 -1.6 3.8472e-06 
-2.5 -1.55 6.09026e-06 
-2.5 -1.5 9.63818e-06 
-2.5 -1.45 1.52472e-05 
-2.5 -1.4 2.41087e-05 
-2.5 -1.35 3.80976e-05 
-2.5 -1.3 6.01579e-05 
-2.5 -1.25 9.49016e-05 
-2.5 -1.2 0.000149532 
-2.5 -1.15 0.000235258 
-2.5 -1.1 0.000369432 
-2.5 -1.05 0.000578762 
-2.5 -1 0.000904028 
-2.5 -0.95 0.00140689 
-2.5 -0.9 0.00217938 
-2.5 -0.85 0.00335674 
-2.5 -0.8 0.00513344 
-2.5 -0.75 0.00778176 
-2.5 -0.7 0.0116693 
-2.5 -0.65 0.0172688 
-2.5 -0.6 0.0251482 
-2.5 -0.55 0.0359235 
-2.5 -0.5 0.0501573 
-2.5 -0.45 0.0681937 
-2.5 -0.4 0.0899532 
-2.5 -0.35 0.114755 
-2.5 -0.3 0.141278 
-2.5 -0.25 0.167749 
-2.5 -0.2 0.192331 
-2.5 -0.15 0.213542 
-2.5 -0.1 0.23052 
-2.5 -0.05 0.243192 
-2.5 1.20737e-15 0.252613 
-2.5 0.05 0.261443 
-2.5 0.1 0.273759 
-2.5 0.15 0.293748 
-2.5 0.2 0.324466 
-2.5 0.25 0.366668 
-2.5 0.3 0.41635 
-2.5 0.35 0.46414 
-2.5 0.4 0.498494 
-2.5 0.45 0.508255 
-2.5 0.5 0.487375 
-2.5 0.55 0.441617 
-2.5 0.6 0.386854 
-2.5 0.65 0.338078 
-2.5 0.7 0.29911 
-2.5 0.75 0.273986 
-2.5 0.8 0.271906 
-2.5 0.85 0.267522 
-2.5 0.9 0.247292 
-2.5 0.95 0.246004 
-2.5 1 0.216257 
-2.5 1.05 0.200836 
-2.5 1.1 0.156555 
-2.5 1.15 0.16675 
-2.5 1.2 0.122328 
-2.5 1.25 0.125965 
-2.5 1.3 0.0908511 
-2.5 1.35 0.0876779 
-2.5 1.4 0.0633437 
-2.5 1.45 0.061827 
-2.5 1.5 0.0446022 
-2.5 1.55 0.0376153 
-2.5 1.6 0.0338736 
-2.5 1.65 0.0204969 
-2.5 1.7 0.020787 
-2.5 1.75 0.0134847 
-2.5 1.8 0.0110697 
-2.5 1.85 0.00786557 
-2.5 1.9 0.00605961 
-2.5 1.95 0.00419061 
-2.5 2 0.00304493 
-2.45 -2 1.22124e-07 
-2.45 -1.95 1.93517e-07 
-2.45 -1.9 3.06632e-07 
-2.45 -1.85 4.85836e-07 
-2.45 -1.8 7.69712e-07 
-2.45 -1.75 1.21934e-06 
-2.45 -1.7 1.93139e-06 
-2.45 -1.65 3.05879e-06 
-2.45 -1.6 4.84334e-06 
-2.45 -1.55 7.66718e-06 
-2.45 -1.5 1.21338e-05 
-2.45 -1.45 1.91951e-05 
-2.45 -1.4 3.03511e-05 
-2.45 -1.35 4.79622e-05 
-2.45 -1.3 7.57345e-05 
-2.45 -1.25 0.000119474 
-2.45 -1.2 0.000188251 
-2.45 -1.15 0.000296173 
-2.45 -1.1 0.00046509 
-2.45 -1.05 0.000728624 
-2.45 -1 0.00113811 
-2.45 -0.95 0.00177118 
-2.45 -0.9 0.00274372 
-2.45 -0.85 0.00422596 
-2.45 -0.8 0.00646277 
-2.45 -0.75 0.00979694 
-2.45 -0.7 0.0146913 
-2.45 -0.65 0.0217411 
-2.45 -0.6 0.0316614 
-2.45 -0.55 0.045228 
-2.45 -0.5 0.0631494 
-2.45 -0.45 0.0858593 
-2.45 -0.4 0.113258 
-2.45 -0.35 0.144489 
-2.45 -0.3 0.177889 
-2.45 -0.25 0.211226 
-2.45 -0.2 0.242187 
-2.45 -0.15 0.268907 
-2.45 -0.1 0.290297 
-2.45 -0.05 0.306266 
-2.45 1.20737e-15 0.318142 
-2.45 0.05 0.329274 
-2.45 0.1 0.344795 
-2.45 0.15 0.36998 
-2.45 0.2 0.408675 
-2.45 0.25 0.46183 
-2.45 0.3 0.524403 
-2.45 0.35 0.584584 
-2.45 0.4 0.627836 
-2.45 0.45 0.640107 
-2.45 0.5 0.613786 
-2.45 0.55 0.556138 
-2.45 0.6 0.487157 
-2.45 0.65 0.425722 
-2.45 0.7 0.376644 
-2.45 0.75 0.345003 
-2.45 0.8 0.342382 
-2.45 0.85 0.336859 
-2.45 0.9 0.311383 
-2.45 0.95 0.309757 
-2.45 1 0.272298 
-2.45 1.05 0.252876 
-2.45 1.1 0.197119 
-2.45 1.15 0.209952 
-2.45 1.2 0.154019 
-2.45 1.25 0.158597 
-2.45 1.3 0.114384 
-2.45 1.35 0.110388 
-2.45 1.4 0.0797499 
-2.45 1.45 0.0778395 
-2.45 1.5 0.0561532 
-2.45 1.55 0.0473564 
-2.45 1.6 0.0426455 
-2.45 1.65 0.0258046 
-2.45 1.7 0.0261698 
-2.45 1.75 0.0169764 
-2.45 1.8 0.0139361 
-2.45 1.85 0.00990225 
-2.45 1.9 0.00762865 
-2.45 1.95 0.00527569 
-2.45 2 0.00383336 
-2.4 -2 1.53745e-07 
-2.4 -1.95 2.43623e-07 
-2.4 -1.9 3.86027e-07 
-2.4 -1.85 6.11631e-07 
-2.4 -1.8 9.69011e-07 
-2.4 -1.75 1.53506e-06 
-2.4 -1.7 2.43148e-06 
-2.4 -1.65 3.85079e-06 
-2.4 -1.6 6.09741e-06 
-2.4 -1.55 9.65242e-06 
-2.4 -1.5 1.52755e-05 
-2.4 -1.45 2.41652e-05 
-2.4 -1.4 3.82099e-05 
-2.4 -1.35 6.03809e-05 
-2.4 -1.3 9.53443e-05 
-2.4 -1.25 0.00015041 
-2.4 -1.2 0.000236995 
-2.4 -1.15 0.000372862 
-2.4 -1.1 0.000585518 
-2.4 -1.05 0.00091729 
-2.4 -1 0.00143282 
-2.4 -0.95 0.00222982 
-2.4 -0.9 0.0034542 
-2.4 -0.85 0.00532027 
-2.4 -0.8 0.00813635 
-2.4 -0.75 0.012334 
-2.4 -0.7 0.018496 
-2.4 -0.65 0.0273717 
-2.4 -0.6 0.0398617 
-2.4 -0.55 0.056943 
-2.4 -0.5 0.0795077 
-2.4 -0.45 0.108102 
-2.4 -0.4 0.142602 
-2.4 -0.35 0.18193 
-2.4 -0.3 0.223992 
-2.4 -0.25 0.265978 
-2.4 -0.2 0.304976 
-2.4 -0.15 0.338636 
-2.4 -0.1 0.365589 
-2.4 -0.05 0.385715 
-2.4 1.20737e-15 0.400689 
-2.4 0.05 0.414725 
-2.4 0.1 0.434288 
-2.4 0.15 0.466021 
-2.4 0.2 0.514768 
-2.4 0.25 0.581725 
-2.4 0.3 0.660536 
-2.4 0.35 0.736325 
-2.4 0.4 0.790778 
-2.4 0.45 0.806203 
-2.4 0.5 0.773018 
-2.4 0.55 0.700384 
-2.4 0.6 0.613488 
-2.4 0.65 0.536104 
-2.4 0.7 0.474291 
-2.4 0.75 0.43444 
-2.4 0.8 0.431135 
-2.4 0.85 0.424178 
-2.4 0.9 0.392095 
-2.4 0.95 0.390042 
-2.4 1 0.342867 
-2.4 1.05 0.318407 
-2.4 1.1 0.248196 
-2.4 1.15 0.264351 
-2.4 1.2 0.193922 
-2.4 1.25 0.199683 
-2.4 1.3 0.144015 
-2.4 1.35 0.138981 
-2.4 1.4 0.100406 
-2.4 1.45 0.0979999 
-2.4 1.5 0.070696 
-2.4 1.55 0.0596205 
-2.4 1.6 0.0536893 
-2.4 1.65 0.0324869 
-2.4 1.7 0.0329465 
-2.4 1.75 0.0213724 
-2.4 1.8 0.0175447 
-2.4 1.85 0.0124663 
-2.4 1.9 0.00960396 
-2.4 1.95 0.00664173 
-2.4 2 0.00482593 
-2.35 -2 1.93553e-07 
-2.35 -1.95 3.06704e-07 
-2.35 -1.9 4.85979e-07 
-2.35 -1.85 7.69998e-07 
-2.35 -1.8 1.21991e-06 
-2.35 -1.75 1.93253e-06 
-2.35 -1.7 3.06105e-06 
-2.35 -1.65 4.84786e-06 
-2.35 -1.6 7.67618e-06 
-2.35 -1.55 1.21517e-05 
-2.35 -1.5 1.92308e-05 
-2.35 -1.45 3.04222e-05 
-2.35 -1.4 4.81035e-05 
-2.35 -1.35 7.60153e-05 
-2.35 -1.3 0.000120032 
-2.35 -1.25 0.000189356 
-2.35 -1.2 0.00029836 
-2.35 -1.15 0.000469408 
-2.35 -1.1 0.000737129 
-2.35 -1.05 0.00115481 
-2.35 -1 0.00180383 
-2.35 -0.95 0.00280721 
-2.35 -0.9 0.00434866 
-2.35 -0.85 0.00669798 
-2.35 -0.8 0.0102434 
-2.35 -0.75 0.0155281 
-2.35 -0.7 0.0232861 
-2.35 -0.65 0.0344609 
-2.35 -0.6 0.0501864 
-2.35 -0.55 0.0716929 
-2.35 -0.5 0.100104 
-2.35 -0.45 0.13611 
-2.35 -0.4 0.179553 
-2.35 -0.35 0.229078 
-2.35 -0.3 0.28205 
-2.35 -0.25 0.334931 
-2.35 -0.2 0.384056 
-2.35 -0.15 0.426463 
-2.35 -0.1 0.460428 
-2.35 -0.05 0.485798 
-2.35 1.20737e-15 0.50468 
-2.35 0.05 0.522381 
-2.35 0.1 0.547042 
-2.35 0.15 0.58703 
-2.35 0.2 0.648447 
-2.35 0.25 0.732795 
-2.35 0.3 0.832064 
-2.35 0.35 0.927512 
-2.35 0.4 0.996068 
-2.35 0.45 1.01545 
-2.35 0.5 0.973606 
-2.35 0.55 0.882082 
-2.35 0.6 0.772609 
-2.35 0.65 0.675131 
-2.35 0.7 0.597272 
-2.35 0.75 0.547079 
-2.35 0.8 0.542911 
-2.35 0.85 0.534145 
-2.35 0.9 0.49374 
-2.35 0.95 0.491148 
-2.35 1 0.431736 
-2.35 1.05 0.400927 
-2.35 1.1 0.312515 
-2.35 1.15 0.332849 
-2.35 1.2 0.244168 
-2.35 1.25 0.251417 
-2.35 1.3 0.181323 
-2.35 1.35 0.174983 
-2.35 1.4 0.126413 
-2.35 1.45 0.123383 
-2.35 1.5 0.0890057 
-2.35 1.55 0.0750611 
-2.35 1.6 0.0675932 
-2.35 1.65 0.0408997 
-2.35 1.7 0.0414781 
-2.35 1.75 0.0269067 
-2.35 1.8 0.0220878 
-2.35 1.85 0.0156943 
-2.35 1.9 0.0120908 
-2.35 1.95 0.00836149 
-2.35 2 0.00607551 
-2.3 -2 2.43669e-07 
-2.3 -1.95 3.86117e-07 
-2.3 -1.9 6.11812e-07 
-2.3 -1.85 9.6937e-07 
-2.3 -1.8 1.53578e-06 
-2.3 -1.75 2.43291e-06 
-2.3 -1.7 3.85364e-06 
-2.3 -1.65 6.10309e-06 
-2.3 -1.6 9.66375e-06 
-2.3 -1.55 1.52981e-05 
-2.3 -1.5 2.42101e-05 
-2.3 -1.45 3.82993e-05 
-2.3 -1.4 6.05588e-05 
-2.3 -1.35 9.56978e-05 
-2.3 -1.3 0.000151112 
-2.3 -1.25 0.000238385 
-2.3 -1.2 0.000375615 
-2.3 -1.15 0.000590954 
-2.3 -1.1 0.000927998 
-2.3 -1.05 0.00145384 
-2.3 -1 0.00227091 
-2.3 -0.95 0.00353413 
-2.3 -0.9 0.00547475 
-2.3 -0.85 0.00843247 
-2.3 -0.8 0.012896 
-2.3 -0.75 0.0195495 
-2.3 -0.7 0.0293169 
-2.3 -0.65 0.0433863 
-2.3 -0.6 0.0631857 
-2.3 -0.55 0.0902645 
-2.3 -0.5 0.126039 
-2.3 -0.45 0.171376 
-2.3 -0.4 0.226082 
-2.3 -0.35 0.288451 
-2.3 -0.3 0.355166 
-2.3 -0.25 0.421773 
-2.3 -0.2 0.483658 
-2.3 -0.15 0.537091 
-2.3 -0.1 0.579896 
-2.3 -0.05 0.611882 
-2.3 1.20737e-15 0.635698 
-2.3 0.05 0.658026 
-2.3 0.1 0.689118 
-2.3 0.15 0.739515 
-2.3 0.2 0.8169 
-2.3 0.25 0.923164 
-2.3 0.3 1.04821 
-2.3 0.35 1.16842 
-2.3 0.4 1.25473 
-2.3 0.45 1.27909 
-2.3 0.5 1.22631 
-2.3 0.55 1.11097 
-2.3 0.6 0.973043 
-2.3 0.65 0.850243 
-2.3 0.7 0.752167 
-2.3 0.75 0.688945 
-2.3 0.8 0.683688 
-2.3 0.85 0.672643 
-2.3 0.9 0.621754 
-2.3 0.95 0.618479 
-2.3 1 0.543653 
-2.3 1.05 0.504846 
-2.3 1.1 0.393509 
-2.3 1.15 0.419106 
-2.3 1.2 0.307437 
-2.3 1.25 0.316559 
-2.3 1.3 0.228299 
-2.3 1.35 0.220312 
-2.3 1.4 0.159159 
-2.3 1.45 0.155341 
-2.3 1.5 0.112058 
-2.3 1.55 0.0945009 
-2.3 1.6 0.0850983 
-2.3 1.65 0.0514912 
-2.3 1.7 0.0522192 
-2.3 1.75 0.0338742 
-2.3 1.8 0.0278073 
-2.3 1.85 0.0197582 
-2.3 1.9 0.0152215 
-2.3 1.95 0.0105266 
-2.3 2 0.00764865 
-2.25 -2 3.06761e-07 
-2.25 -1.95 4.86093e-07 
-2.25 -1.9 7.70225e-07 
-2.25 -1.85 1.22037e-06 
-2.25 -1.8 1.93343e-06 
-2.25 -1.75 3.06285e-06 
-2.25 -1.7 4.85145e-06 
-2.25 -1.65 7.68334e-06 
-2.25 -1.6 1.2166e-05 
-2.25 -1.55 1.92592e-05 
-2.25 -1.5 3.04788e-05 
-2.25 -1.45 4.82161e-05 
-2.25 -1.4 7.62392e-05 
-2.25 -1.35 0.000120477 
-2.25 -1.3 0.000190239 
-2.25 -1.25 0.000300111 
-2.25 -1.2 0.000472874 
-2.25 -1.15 0.000743973 
-2.25 -1.1 0.00116829 
-2.25 -1.05 0.00183029 
-2.25 -1 0.00285895 
-2.25 -0.95 0.00444929 
-2.25 -0.9 0.00689245 
-2.25 -0.85 0.0106162 
-2.25 -0.8 0.0162357 
-2.25 -0.75 0.0246125 
-2.25 -0.7 0.0369098 
-2.25 -0.65 0.0546239 
-2.25 -0.6 0.0795528 
-2.25 -0.55 0.113648 
-2.25 -0.5 0.158694 
-2.25 -0.45 0.215784 
-2.25 -0.4 0.284674 
-2.25 -0.35 0.363221 
-2.25 -0.3 0.447249 
-2.25 -0.25 0.531151 
-2.25 -0.2 0.609117 
-2.25 -0.15 0.676448 
-2.25 -0.1 0.730403 
-2.25 -0.05 0.770737 
-2.25 1.20737e-15 0.800781 
-2.25 0.05 0.828952 
-2.25 0.1 0.86816 
-2.25 0.15 0.931683 
-2.25 0.2 1.0292 
-2.25 0.25 1.16309 
-2.25 0.3 1.32061 
-2.25 0.35 1.47202 
-2.25 0.4 1.58069 
-2.25 0.45 1.61128 
-2.25 0.5 1.5447 
-2.25 0.55 1.39933 
-2.25 0.6 1.22553 
-2.25 0.65 1.07082 
-2.25 0.7 0.947272 
-2.25 0.75 0.867632 
-2.25 0.8 0.861 
-2.25 0.85 0.847082 
-2.25 0.9 0.782985 
-2.25 0.95 0.778846 
-2.25 1 0.684601 
-2.25 1.05 0.635717 
-2.25 1.1 0.495506 
-2.25 1.15 0.527726 
-2.25 1.2 0.387108 
-2.25 1.25 0.398585 
-2.25 1.3 0.28745 
-2.25 1.35 0.277388 
-2.25 1.4 0.200388 
-2.25 1.45 0.195578 
-2.25 1.5 0.141082 
-2.25 1.55 0.118976 
-2.25 1.6 0.107137 
-2.25 1.65 0.0648258 
-2.25 1.7 0.065742 
-2.25 1.75 0.042646 
-2.25 1.8 0.0350079 
-2.25 1.85 0.0248744 
-2.25 1.9 0.0191629 
-2.25 1.95 0.0132523 
-2.25 2 0.00962914 
-2.2 -2 3.86189e-07 
-2.2 -1.95 6.11955e-07 
-2.2 -1.9 9.69656e-07 
-2.2 -1.85 1.53635e-06 
-2.2 -1.8 2.43405e-06 
-2.2 -1.75 3.85591e-06 
-2.2 -1.7 6.10761e-06 
-2.2 -1.65 9.67276e-06 
-2.2 -1.6 1.5316e-05 
-2.2 -1.55 2.42459e-05 
-2.2 -1.5 3.83706e-05 
-2.2 -1.45 6.07006e-05 
-2.2 -1.4 9.59798e-05 
-2.2 -1.35 0.000151672 
-2.2 -1.3 0.000239498 
-2.2 -1.25 0.000377819 
-2.2 -1.2 0.000595317 
-2.2 -1.15 0.000936614 
-2.2 -1.1 0.00147081 
-2.2 -1.05 0.00230423 
-2.2 -1 0.00359927 
-2.2 -0.95 0.00560144 
-2.2 -0.9 0.00867731 
-2.2 -0.85 0.0133654 
-2.2 -0.8 0.0204404 
-2.2 -0.75 0.0309869 
-2.2 -0.7 0.0464696 
-2.2 -0.65 0.0687728 
-2.2 -0.6 0.100161 
-2.2 -0.55 0.143091 
-2.2 -0.5 0.199812 
-2.2 -0.45 0.271703 
-2.2 -0.4 0.35846 
-2.2 -0.35 0.457385 
-2.2 -0.3 0.563224 
-2.2 -0.25 0.66892 
-2.2 -0.2 0.767153 
-2.2 -0.15 0.852008 
-2.2 -0.1 0.920027 
-2.2 -0.05 0.970897 
-2.2 1.20737e-15 1.00881 
-2.2 0.05 1.04436 
-2.2 0.1 1.09381 
-2.2 0.15 1.17389 
-2.2 0.2 1.29679 
-2.2 0.25 1.4655 
-2.2 0.3 1.66396 
-2.2 0.35 1.85467 
-2.2 0.4 1.99149 
-2.2 0.45 2.0299 
-2.2 0.5 1.94589 
-2.2 0.55 1.76264 
-2.2 0.6 1.54363 
-2.2 0.65 1.34869 
-2.2 0.7 1.19304 
-2.2 0.75 1.09271 
-2.2 0.8 1.08434 
-2.2 0.85 1.0668 
-2.2 0.9 0.986064 
-2.2 0.95 0.98083 
-2.2 1 0.862119 
-2.2 1.05 0.800537 
-2.2 1.1 0.623958 
-2.2 1.15 0.664513 
-2.2 1.2 0.487436 
-2.2 1.25 0.501876 
-2.2 1.3 0.361932 
-2.2 1.35 0.349256 
-2.2 1.4 0.252301 
-2.2 1.45 0.246241 
-2.2 1.5 0.177625 
-2.2 1.55 0.149791 
-2.2 1.6 0.134885 
-2.2 1.65 0.081614 
-2.2 1.7 0.0827669 
-2.2 1.75 0.0536894 
-2.2 1.8 0.0440732 
-2.2 1.85 0.0313155 
-2.2 1.9 0.024125 
-2.2 1.95 0.0166837 
-2.2 2 0.0121224 
-2.15 -2 4.86183e-07 
-2.15 -1.95 7.70406e-07 
-2.15 -1.9 1.22073e-06 
-2.15 -1.85 1.93415e-06 
-2.15 -1.8 3.06429e-06 
-2.15 -1.75 4.8543e-06 
-2.15 -1.7 7.68904e-06 
-2.15 -1.65 1.21773e-05 
-2.15 -1.6 1.92818e-05 
-2.15 -1.55 3.05238e-05 
-2.15 -1.5 4.83058e-05 
-2.15 -1.45 7.64177e-05 
-2.15 -1.4 0.000120832 
-2.15 -1.35 0.000190944 
-2.15 -1.3 0.000301511 
-2.15 -1.25 0.000475649 
-2.15 -1.2 0.000749465 
-2.15 -1.15 0.00117914 
-2.15 -1.1 0.00185166 
-2.15 -1.05 0.0029009 
-2.15 -1 0.00453129 
-2.15 -0.95 0.00705196 
-2.15 -0.9 0.0109244 
-2.15 -0.85 0.0168266 
-2.15 -0.8 0.0257341 
-2.15 -0.75 0.0390124 
-2.15 -0.7 0.0585059 
-2.15 -0.65 0.0865873 
-2.15 -0.6 0.126108 
-2.15 -0.55 0.180165 
-2.15 -0.5 0.251589 
-2.15 -0.45 0.342122 
-2.15 -0.4 0.451383 
-2.15 -0.35 0.575978 
-2.15 -0.3 0.7093 
-2.15 -0.25 0.842459 
-2.15 -0.2 0.966242 
-2.15 -0.15 1.07319 
-2.15 -0.1 1.15896 
-2.15 -0.05 1.22313 
-2.15 1.20737e-15 1.27099 
-2.15 0.05 1.31586 
-2.15 0.1 1.37825 
-2.15 0.15 1.47922 
-2.15 0.2 1.63413 
-2.15 0.25 1.84673 
-2.15 0.3 2.09679 
-2.15 0.35 2.33702 
-2.15 0.4 2.50928 
-2.15 0.45 2.5575 
-2.15 0.5 2.45146 
-2.15 0.55 2.22043 
-2.15 0.6 1.9444 
-2.15 0.65 1.69876 
-2.15 0.7 1.50264 
-2.15 0.75 1.37624 
-2.15 0.8 1.36568 
-2.15 0.85 1.34357 
-2.15 0.9 1.24187 
-2.15 0.95 1.23525 
-2.15 1 1.08571 
-2.15 1.05 1.00812 
-2.15 1.1 0.785732 
-2.15 1.15 0.836779 
-2.15 1.2 0.613781 
-2.15 1.25 0.631947 
-2.15 1.3 0.455722 
-2.15 1.35 0.43975 
-2.15 1.4 0.317666 
-2.15 1.45 0.310031 
-2.15 1.5 0.223636 
-2.15 1.55 0.188589 
-2.15 1.6 0.169819 
-2.15 1.65 0.10275 
-2.15 1.7 0.104201 
-2.15 1.75 0.0675928 
-2.15 1.8 0.055486 
-2.15 1.85 0.0394245 
-2.15 1.9 0.0303719 
-2.15 1.95 0.0210038 
-2.15 2 0.0152614 
-2.1 -2 6.12069e-07 
-2.1 -1.95 9.69884e-07 
-2.1 -1.9 1.5368e-06 
-2.1 -1.85 2.43495e-06 
-2.1 -1.8 3.85771e-06 
-2.1 -1.75 6.11121e-06 
-2.1 -1.7 9.67993e-06 
-2.1 -1.65 1.53303e-05 
-2.1 -1.6 2.42744e-05 
-2.1 -1.55 3.84273e-05 
-2.1 -1.5 6.08135e-05 
-2.1 -1.45 9.62044e-05 
-2.1 -1.4 0.000152119 
-2.1 -1.35 0.000240385 
-2.1 -1.3 0.000379582 
-2.1 -1.25 0.000598811 
-2.1 -1.2 0.000943528 
-2.1 -1.15 0.00148446 
-2.1 -1.1 0.00233113 
-2.1 -1.05 0.00365207 
-2.1 -1 0.00570468 
-2.1 -0.95 0.00887812 
-2.1 -0.9 0.0137535 
-2.1 -0.85 0.0211843 
-2.1 -0.8 0.0323989 
-2.1 -0.75 0.0491168 
-2.1 -0.7 0.0736603 
-2.1 -0.65 0.109018 
-2.1 -0.6 0.15878 
-2.1 -0.55 0.226848 
-2.1 -0.5 0.31679 
-2.1 -0.45 0.430801 
-2.1 -0.4 0.56841 
-2.1 -0.35 0.725347 
-2.1 -0.3 0.893298 
-2.1 -0.25 1.06107 
-2.1 -0.2 1.21707 
-2.1 -0.15 1.35189 
-2.1 -0.1 1.46005 
-2.1 -0.05 1.54102 
-2.1 1.20737e-15 1.60145 
-2.1 0.05 1.65812 
-2.1 0.1 1.73685 
-2.1 0.15 1.86418 
-2.1 0.2 2.05947 
-2.1 0.25 2.32742 
-2.1 0.3 2.64252 
-2.1 0.35 2.94515 
-2.1 0.4 3.16203 
-2.1 0.45 3.22254 
-2.1 0.5 3.08866 
-2.1 0.55 2.79733 
-2.1 0.6 2.4494 
-2.1 0.65 2.13982 
-2.1 0.7 1.8927 
-2.1 0.75 1.73344 
-2.1 0.8 1.7201 
-2.1 0.85 1.69223 
-2.1 0.9 1.56411 
-2.1 0.95 1.55572 
-2.1 1 1.36734 
-2.1 1.05 1.26958 
-2.1 1.1 0.989483 
-2.1 1.15 1.05373 
-2.1 1.2 0.772895 
-2.1 1.25 0.795747 
-2.1 1.3 0.573827 
-2.1 1.35 0.553701 
-2.1 1.4 0.399972 
-2.1 1.45 0.390352 
-2.1 1.5 0.281567 
-2.1 1.55 0.237438 
-2.1 1.6 0.213804 
-2.1 1.65 0.129361 
-2.1 1.7 0.131187 
-2.1 1.75 0.0850969 
-2.1 1.8 0.0698545 
-2.1 1.85 0.0496334 
-2.1 1.9 0.0382365 
-2.1 1.95 0.0264425 
-2.1 2 0.0192131 
-2.05 -2 7.70549e-07 
-2.05 -1.95 1.22101e-06 
-2.05 -1.9 1.93472e-06 
-2.05 -1.85 3.06542e-06 
-2.05 -1.8 4.85657e-06 
-2.05 -1.75 7.69356e-06 
-2.05 -1.7 1.21863e-05 
-2.05 -1.65 1.92998e-05 
-2.05 -1.6 3.05596e-05 
-2.05 -1.55 4.83772e-05 
-2.05 -1.5 7.65598e-05 
-2.05 -1.45 0.000121115 
-2.05 -1.4 0.000191507 
-2.05 -1.35 0.000302629 
-2.05 -1.3 0.000477868 
-2.05 -1.25 0.000753864 
-2.05 -1.2 0.00118784 
-2.05 -1.15 0.00186885 
-2.05 -1.1 0.00293476 
-2.05 -1.05 0.00459777 
-2.05 -1 0.00718193 
-2.05 -0.95 0.0111772 
-2.05 -0.9 0.0173152 
-2.05 -0.85 0.0266707 
-2.05 -0.8 0.0407901 
-2.05 -0.75 0.0618387 
-2.05 -0.7 0.092741 
-2.05 -0.65 0.13726 
-2.05 -0.6 0.199919 
-2.05 -0.55 0.285633 
-2.05 -0.5 0.398896 
-2.05 -0.45 0.542482 
-2.05 -0.4 0.715801 
-2.05 -0.35 0.913488 
-2.05 -0.3 1.12508 
-2.05 -0.25 1.33649 
-2.05 -0.2 1.5331 
-2.05 -0.15 1.70309 
-2.05 -0.1 1.83952 
-2.05 -0.05 1.94172 
-2.05 1.20737e-15 2.01804 
-2.05 0.05 2.08963 
-2.05 0.1 2.18901 
-2.05 0.15 2.34963 
-2.05 0.2 2.59585 
-2.05 0.25 2.93362 
-2.05 0.3 3.33072 
-2.05 0.35 3.71199 
-2.05 0.4 3.98505 
-2.05 0.45 4.06095 
-2.05 0.5 3.89185 
-2.05 0.55 3.52443 
-2.05 0.6 3.08579 
-2.05 0.65 2.69559 
-2.05 0.7 2.38416 
-2.05 0.75 2.18347 
-2.05 0.8 2.16663 
-2.05 0.85 2.13148 
-2.05 0.9 1.97006 
-2.05 0.95 1.95944 
-2.05 1 1.72211 
-2.05 1.05 1.59892 
-2.05 1.1 1.24612 
-2.05 1.15 1.32698 
-2.05 1.2 0.973288 
-2.05 1.25 1.00203 
-2.05 1.3 0.722558 
-2.05 1.35 0.697193 
-2.05 1.4 0.503612 
-2.05 1.45 0.491487 
-2.05 1.5 0.35451 
-2.05 1.55 0.298943 
-2.05 1.6 0.269182 
-2.05 1.65 0.162865 
-2.05 1.7 0.165162 
-2.05 1.75 0.107134 
-2.05 1.8 0.0879439 
-2.05 1.85 0.062486 
-2.05 1.9 0.0481377 
-2.05 1.95 0.0332895 
-2.05 2 0.024188 
-2 -2 9.70064e-07 
-2 -1.95 1.53716e-06 
-2 -1.9 2.43567e-06 
-2 -1.85 3.85914e-06 
-2 -1.8 6.11407e-06 
-2 -1.75 9.68563e-06 
-2 -1.7 1.53417e-05 
-2 -1.65 2.4297e-05 
-2 -1.6 3.84724e-05 
-2 -1.55 6.09034e-05 
-2 -1.5 9.63834e-05 
-2 -1.45 0.000152475 
-2 -1.4 0.000241094 
-2 -1.35 0.000380989 
-2 -1.3 0.000601604 
-2 -1.25 0.000949066 
-2 -1.2 0.00149542 
-2 -1.15 0.00235277 
-2 -1.1 0.00369471 
-2 -1.05 0.00578837 
-2 -1 0.00904175 
-2 -0.95 0.0140717 
-2 -0.9 0.0217994 
-2 -0.85 0.0335781 
-2 -0.8 0.051355 
-2 -0.75 0.0778565 
-2 -0.7 0.116766 
-2 -0.65 0.172821 
-2 -0.6 0.251722 
-2 -0.55 0.359658 
-2 -0.5 0.502296 
-2 -0.45 0.683135 
-2 -0.4 0.901444 
-2 -0.35 1.15048 
-2 -0.3 1.41707 
-2 -0.25 1.6835 
-2 -0.2 1.93134 
-2 -0.15 2.1457 
-2 -0.1 2.31783 
-2 -0.05 2.44687 
-2 1.20737e-15 2.54331 
-2 0.05 2.63378 
-2 0.1 2.75927 
-2 0.15 2.96191 
-2 0.2 3.27242 
-2 0.25 3.69825 
-2 0.3 4.19876 
-2 0.35 4.67915 
-2 0.4 5.02296 
-2 0.45 5.1181 
-2 0.5 4.90445 
-2 0.55 4.44094 
-2 0.6 3.88786 
-2 0.65 3.39597 
-2 0.7 3.00345 
-2 0.75 2.75052 
-2 0.8 2.72924 
-2 0.85 2.68493 
-2 0.9 2.48153 
-2 0.95 2.46807 
-2 1 2.16903 
-2 1.05 2.01379 
-2 1.1 1.56937 
-2 1.15 1.67115 
-2 1.2 1.22568 
-2 1.25 1.26183 
-2 1.3 0.909862 
-2 1.35 0.877892 
-2 1.4 0.634118 
-2 1.45 0.618836 
-2 1.5 0.446354 
-2 1.55 0.376383 
-2 1.6 0.338908 
-2 1.65 0.205048 
-2 1.7 0.207937 
-2 1.75 0.134879 
-2 1.8 0.110718 
-2 1.85 0.078667 
-2 1.9 0.0606028 
-2 1.95 0.0419095 
-2 2 0.0304512 
-1.95 -2 1.22124e-06 
-1.95 -1.95 1.93517e-06 
-1.95 -1.9 3.06633e-06 
-1.95 -1.85 4.85838e-06 
-1.95 -1.8 7.69716e-06 
-1.95 -1.75 1.21935e-05 
-1.95 -1.7 1.93141e-05 
-1.95 -1.65 3.05881e-05 
-1.95 -1.6 4.84339e-05 
-1.95 -1.55 7.6673e-05 
-1.95 -1.5 0.00012134 
-1.95 -1.45 0.000191955 
-1.95 -1.4 0.00030352 
-1.95 -1.35 0.00047964 
-1.95 -1.3 0.00075738 
-1.95 -1.25 0.00119481 
-1.95 -1.2 0.00188265 
-1.95 -1.15 0.00296201 
-1.95 -1.1 0.00465144 
-1.95 -1.05 0.0072873 
-1.95 -1 0.0113832 
-1.95 -0.95 0.0177159 
-1.95 -0.9 0.0274451 
-1.95 -0.85 0.0422748 
-1.95 -0.8 0.0646568 
-1.95 -0.75 0.0980243 
-1.95 -0.7 0.147016 
-1.95 -0.65 0.217599 
-1.95 -0.6 0.316953 
-1.95 -0.55 0.452877 
-1.95 -0.5 0.632515 
-1.95 -0.45 0.860285 
-1.95 -0.4 1.13528 
-1.95 -0.35 1.44903 
-1.95 -0.3 1.78496 
-1.95 -0.25 2.12075 
-1.95 -0.2 2.43323 
-1.95 -0.15 2.7036 
-1.95 -0.1 2.92083 
-1.95 -0.05 3.0838 
-1.95 1.20737e-15 3.20571 
-1.95 0.05 3.32011 
-1.95 0.1 3.47861 
-1.95 0.15 3.73435 
-1.95 0.2 4.12601 
-1.95 0.25 4.66296 
-1.95 0.3 5.2939 
-1.95 0.35 5.89923 
-1.95 0.4 6.33212 
-1.95 0.45 6.45134 
-1.95 0.5 6.18127 
-1.95 0.55 5.59641 
-1.95 0.6 4.89888 
-1.95 0.65 4.2787 
-1.95 0.7 3.7839 
-1.95 0.75 3.46511 
-1.95 0.8 3.4382 
-1.95 0.85 3.38231 
-1.95 0.9 3.12601 
-1.95 0.95 3.10893 
-1.95 1 2.73211 
-1.95 1.05 2.53643 
-1.95 1.1 1.97659 
-1.95 1.15 2.10468 
-1.95 1.2 1.54358 
-1.95 1.25 1.58904 
-1.95 1.3 1.14575 
-1.95 1.35 1.10545 
-1.95 1.4 0.798461 
-1.95 1.45 0.779195 
-1.95 1.5 0.562001 
-1.95 1.55 0.473891 
-1.95 1.6 0.426698 
-1.95 1.65 0.258157 
-1.95 1.7 0.261792 
-1.95 1.75 0.16981 
-1.95 1.8 0.139391 
-1.95 1.85 0.0990384 
-1.95 1.9 0.0762959 
-1.95 1.95 0.0527617 
-1.95 2 0.0383362 
-1.9 -2 1.53745e-06 
-1.9 -1.95 2.43624e-06 
-1.9 -1.9 3.86028e-06 
-1.9 -1.85 6.11634e-06 
-1.9 -1.8 9.69016e-06 
-1.9 -1.75 1.53507e-05 
-1.9 -1.7 2.4315e-05 
-1.9 -1.65 3.85083e-05 
-1.9 -1.6 6.09749e-05 
-1.9 -1.55 9.65258e-05 
-1.9 -1.5 0.000152758 
-1.9 -1.45 0.000241658 
-1.9 -1.4 0.000382111 
-1.9 -1.35 0.000603834 
-1.9 -1.3 0.000953493 
-1.9 -1.25 0.0015042 
-1.9 -1.2 0.00237014 
-1.9 -1.15 0.00372901 
-1.9 -1.1 0.00585594 
-1.9 -1.05 0.00917441 
-1.9 -1 0.0143311 
-1.9 -0.95 0.0223039 
-1.9 -0.9 0.0345531 
-1.9 -0.85 0.0532242 
-1.9 -0.8 0.0814046 
-1.9 -0.75 0.123418 
-1.9 -0.7 0.185105 
-1.9 -0.65 0.273984 
-1.9 -0.6 0.399096 
-1.9 -0.55 0.570273 
-1.9 -0.5 0.796519 
-1.9 -0.45 1.08342 
-1.9 -0.4 1.42984 
-1.9 -0.35 1.82515 
-1.9 -0.3 2.2485 
-1.9 -0.25 2.67178 
-1.9 -0.2 3.06581 
-1.9 -0.15 3.40691 
-1.9 -0.1 3.68113 
-1.9 -0.05 3.88705 
-1.9 1.20737e-15 4.04124 
-1.9 0.05 4.18596 
-1.9 0.1 4.38625 
-1.9 0.15 4.70908 
-1.9 0.2 5.20323 
-1.9 0.25 5.88043 
-1.9 0.3 6.67592 
-1.9 0.35 7.43877 
-1.9 0.4 7.98382 
-1.9 0.45 8.13311 
-1.9 0.5 7.79155 
-1.9 0.55 7.05336 
-1.9 0.6 6.17348 
-1.9 0.65 5.3914 
-1.9 0.7 4.76759 
-1.9 0.75 4.3657 
-1.9 0.8 4.33168 
-1.9 0.85 4.26116 
-1.9 0.9 3.93815 
-1.9 0.95 3.91646 
-1.9 1 3.44157 
-1.9 1.05 3.1949 
-1.9 1.1 2.48959 
-1.9 1.15 2.65079 
-1.9 1.2 1.94401 
-1.9 1.25 2.00117 
-1.9 1.3 1.44284 
-1.9 1.35 1.39203 
-1.9 1.4 1.00542 
-1.9 1.45 0.981128 
-1.9 1.5 0.707623 
-1.9 1.55 0.596666 
-1.9 1.6 0.537236 
-1.9 1.65 0.325026 
-1.9 1.7 0.329598 
-1.9 1.75 0.213789 
-1.9 1.8 0.175489 
-1.9 1.85 0.124686 
-1.9 1.9 0.096053 
-1.9 1.95 0.0664242 
-1.9 2 0.048263 
-1.85 -2 1.93553e-06 
-1.85 -1.95 3.06705e-06 
-1.85 -1.9 4.85981e-06 
-1.85 -1.85 7.70002e-06 
-1.85 -1.8 1.21992e-05 
-1.85 -1.75 1.93254e-05 
-1.85 -1.7 3.06108e-05 
-1.85 -1.65 4.84791e-05 
-1.85 -1.6 7.6763e-05 
-1.85 -1.55 0.000121519 
-1.85 -1.5 0.000192312 
-1.85 -1.45 0.000304231 
-1.85 -1.4 0.000481053 
-1.85 -1.35 0.000760188 
-1.85 -1.3 0.00120039 
-1.85 -1.25 0.00189369 
-1.85 -1.2 0.00298388 
-1.85 -1.15 0.00469463 
-1.85 -1.1 0.00737237 
-1.85 -1.05 0.0115502 
-1.85 -1 0.0180424 
-1.85 -0.95 0.0280803 
-1.85 -0.9 0.0435023 
-1.85 -0.85 0.0670102 
-1.85 -0.8 0.102492 
-1.85 -0.75 0.155391 
-1.85 -0.7 0.233065 
-1.85 -0.65 0.344985 
-1.85 -0.6 0.50254 
-1.85 -0.55 0.71812 
-1.85 -0.5 1.00308 
-1.85 -0.45 1.36448 
-1.85 -0.4 1.80092 
-1.85 -0.35 2.29904 
-1.85 -0.3 2.83262 
-1.85 -0.25 3.36628 
-1.85 -0.2 3.86325 
-1.85 -0.15 4.29368 
-1.85 -0.1 4.63997 
-1.85 -0.05 4.90027 
-1.85 1.20737e-15 5.0954 
-1.85 0.05 5.27858 
-1.85 0.1 5.53179 
-1.85 0.15 5.93946 
-1.85 0.2 6.56307 
-1.85 0.25 7.41735 
-1.85 0.3 8.42047 
-1.85 0.35 9.38196 
-1.85 0.4 10.0682 
-1.85 0.45 10.2551 
-1.85 0.5 9.82285 
-1.85 0.55 8.89083 
-1.85 0.6 7.78066 
-1.85 0.65 6.79421 
-1.85 0.7 6.0076 
-1.85 0.75 5.5009 
-1.85 0.8 5.45785 
-1.85 0.85 5.36885 
-1.85 0.9 4.96171 
-1.85 0.95 4.93415 
-1.85 1 4.33559 
-1.85 1.05 4.02458 
-1.85 1.1 3.13592 
-1.85 1.15 3.33879 
-1.85 1.2 2.44844 
-1.85 1.25 2.5203 
-1.85 1.3 1.81704 
-1.85 1.35 1.75296 
-1.85 1.4 1.26605 
-1.85 1.45 1.23542 
-1.85 1.5 0.890993 
-1.85 1.55 0.751262 
-1.85 1.6 0.676417 
-1.85 1.65 0.409219 
-1.85 1.7 0.414969 
-1.85 1.75 0.269159 
-1.85 1.8 0.220937 
-1.85 1.85 0.156975 
-1.85 1.9 0.120927 
-1.85 1.95 0.0836246 
-1.85 2 0.0607604 
-1.8 -2 2.43669e-06 
-1.8 -1.95 3.86119e-06 
-1.8 -1.9 6.11814e-06 
-1.8 -1.85 9.69376e-06 
-1.8 -1.8 1.53579e-05 
-1.8 -1.75 2.43293e-05 
-1.8 -1.7 3.85368e-05 
-1.8 -1.65 6.10317e-05 
-1.8 -1.6 9.66391e-05 
-1.8 -1.55 0.000152984 
-1.8 -1.5 0.000242108 
-1.8 -1.45 0.000383006 
-1.8 -1.4 0.000605613 
-1.8 -1.35 0.000957028 
-1.8 -1.3 0.00151121 
-1.8 -1.25 0.00238405 
-1.8 -1.2 0.00375654 
-1.8 -1.15 0.00591031 
-1.8 -1.1 0.0092815 
-1.8 -1.05 0.0145414 
-1.8 -1 0.022715 
-1.8 -0.95 0.0353528 
-1.8 -0.9 0.0547697 
-1.8 -0.85 0.0843676 
-1.8 -0.8 0.129042 
-1.8 -0.75 0.19565 
-1.8 -0.7 0.293458 
-1.8 -0.65 0.434394 
-1.8 -0.6 0.632813 
-1.8 -0.55 0.904328 
-1.8 -0.5 1.26327 
-1.8 -0.45 1.71853 
-1.8 -0.4 2.26844 
-1.8 -0.35 2.89619 
-1.8 -0.3 3.56879 
-1.8 -0.25 4.24172 
-1.8 -0.2 4.86867 
-1.8 -0.15 5.41199 
-1.8 -0.1 5.84945 
-1.8 -0.05 6.17863 
-1.8 1.20737e-15 6.42573 
-1.8 0.05 6.65775 
-1.8 0.1 6.97803 
-1.8 0.15 7.49303 
-1.8 0.2 8.28024 
-1.8 0.25 9.35817 
-1.8 0.3 10.6234 
-1.8 0.35 11.8354 
-1.8 0.4 12.6995 
-1.8 0.45 12.9331 
-1.8 0.5 12.3859 
-1.8 0.55 11.2087 
-1.8 0.6 9.80758 
-1.8 0.65 8.56309 
-1.8 0.7 7.57099 
-1.8 0.75 6.93201 
-1.8 0.8 6.8775 
-1.8 0.85 6.76516 
-1.8 0.9 6.25191 
-1.8 0.95 6.21683 
-1.8 1 5.46229 
-1.8 1.05 5.07009 
-1.8 1.1 3.95032 
-1.8 1.15 4.2056 
-1.8 1.2 3.08393 
-1.8 1.25 3.17425 
-1.8 1.3 2.28837 
-1.8 1.35 2.20756 
-1.8 1.4 1.5943 
-1.8 1.45 1.55566 
-1.8 1.5 1.1219 
-1.8 1.55 0.945929 
-1.8 1.6 0.851667 
-1.8 1.65 0.515226 
-1.8 1.7 0.522457 
-1.8 1.75 0.338872 
-1.8 1.8 0.278157 
-1.8 1.85 0.197627 
-1.8 1.9 0.152242 
-1.8 1.95 0.105279 
-1.8 2 0.076494 
-1.75 -2 3.06762e-06 
-1.75 -1.95 4.86095e-06 
-1.75 -1.9 7.70229e-06 
-1.75 -1.85 1.22037e-05 
-1.75 -1.8 1.93345e-05 
-1.75 -1.75 3.06288e-05 
-1.75 -1.7 4.8515e-05 
-1.75 -1.65 7.68346e-05 
-1.75 -1.6 0.000121662 
-1.75 -1.55 0.000192596 
-1.75 -1.5 0.000304797 
-1.75 -1.45 0.000482179 
-1.75 -1.4 0.000762428 
-1.75 -1.35 0.00120484 
-1.75 -1.3 0.00190253 
-1.75 -1.25 0.00300139 
-1.75 -1.2 0.00472929 
-1.75 -1.15 0.00744082 
-1.75 -1.1 0.0116851 
-1.75 -1.05 0.0183072 
-1.75 -1 0.0285978 
-1.75 -0.95 0.0445091 
-1.75 -0.9 0.068956 
-1.75 -0.85 0.106222 
-1.75 -0.8 0.162473 
-1.75 -0.75 0.246344 
-1.75 -0.7 0.369507 
-1.75 -0.65 0.546989 
-1.75 -0.6 0.796879 
-1.75 -0.55 1.13886 
-1.75 -0.5 1.591 
-1.75 -0.45 2.16458 
-1.75 -0.4 2.85751 
-1.75 -0.35 3.64871 
-1.75 -0.3 4.4967 
-1.75 -0.25 5.34542 
-1.75 -0.2 6.13653 
-1.75 -0.15 6.82257 
-1.75 -0.1 7.37544 
-1.75 -0.05 7.79198 
-1.75 1.20737e-15 8.10509 
-1.75 0.05 8.39919 
-1.75 0.1 8.80453 
-1.75 0.15 9.45539 
-1.75 0.2 10.4495 
-1.75 0.25 11.81 
-1.75 0.3 13.4061 
-1.75 0.35 14.9342 
-1.75 0.4 16.0223 
-1.75 0.45 16.314 
-1.75 0.5 15.6206 
-1.75 0.55 14.1333 
-1.75 0.6 12.3644 
-1.75 0.65 10.794 
-1.75 0.7 9.54243 
-1.75 0.75 8.73648 
-1.75 0.8 8.66741 
-1.75 0.85 8.52556 
-1.75 0.9 7.87843 
-1.75 0.95 7.83375 
-1.75 1 6.88241 
-1.75 1.05 6.38774 
-1.75 1.1 4.97658 
-1.75 1.15 5.29781 
-1.75 1.2 3.88459 
-1.75 1.25 3.99809 
-1.75 1.3 2.8821 
-1.75 1.35 2.78014 
-1.75 1.4 2.00771 
-1.75 1.45 1.95897 
-1.75 1.5 1.41269 
-1.75 1.55 1.19106 
-1.75 1.6 1.07234 
-1.75 1.65 0.648701 
-1.75 1.7 0.657794 
-1.75 1.75 0.426644 
-1.75 1.8 0.350198 
-1.75 1.85 0.248807 
-1.75 1.9 0.191667 
-1.75 1.95 0.132542 
-1.75 2 0.0963019 
-1.7 -2 3.8619e-06 
-1.7 -1.95 6.11958e-06 
-1.7 -1.9 9.69662e-06 
-1.7 -1.85 1.53636e-05 
-1.7 -1.8 2.43407e-05 
-1.7 -1.75 3.85595e-05 
-1.7 -1.7 6.10769e-05 
-1.7 -1.65 9.67292e-05 
-1.7 -1.6 0.000153164 
-1.7 -1.55 0.000242465 
-1.7 -1.5 0.000383718 
-1.7 -1.45 0.000607031 
-1.7 -1.4 0.000959848 
-1.7 -1.35 0.00151682 
-1.7 -1.3 0.00239517 
-1.7 -1.25 0.00377859 
-1.7 -1.2 0.00595395 
-1.7 -1.15 0.00936768 
-1.7 -1.1 0.0147111 
-1.7 -1.05 0.0230483 
-1.7 -1 0.0360044 
-1.7 -0.95 0.0560373 
-1.7 -0.9 0.0868175 
-1.7 -0.85 0.133739 
-1.7 -0.8 0.204567 
-1.7 -0.75 0.310178 
-1.7 -0.7 0.465273 
-1.7 -0.65 0.688787 
-1.7 -0.6 1.00352 
-1.7 -0.55 1.43427 
-1.7 -0.5 2.00387 
-1.7 -0.45 2.72656 
-1.7 -0.4 3.59982 
-1.7 -0.35 4.59718 
-1.7 -0.3 5.66646 
-1.7 -0.25 6.73714 
-1.7 -0.2 7.73569 
-1.7 -0.15 8.60224 
-1.7 -0.1 9.30129 
-1.7 -0.05 9.8287 
-1.7 1.20737e-15 10.2258 
-1.7 0.05 10.5989 
-1.7 0.1 11.1122 
-1.7 0.15 11.9351 
-1.7 0.2 13.1909 
-1.7 0.25 14.9086 
-1.7 0.3 16.9228 
-1.7 0.35 18.8497 
-1.7 0.4 20.2197 
-1.7 0.45 20.5838 
-1.7 0.5 19.7045 
-1.7 0.55 17.8245 
-1.7 0.6 15.5906 
-1.7 0.65 13.6082 
-1.7 0.7 12.0289 
-1.7 0.75 11.0121 
-1.7 0.8 10.9246 
-1.7 0.85 10.7454 
-1.7 0.9 9.92931 
-1.7 0.95 9.87231 
-1.7 1 8.67265 
-1.7 1.05 8.04857 
-1.7 1.1 6.26999 
-1.7 1.15 6.67418 
-1.7 1.2 4.89345 
-1.7 1.25 5.03604 
-1.7 1.3 3.63006 
-1.7 1.35 3.5014 
-1.7 1.4 2.52842 
-1.7 1.45 2.46691 
-1.7 1.5 1.77889 
-1.7 1.55 1.49975 
-1.7 1.6 1.35021 
-1.7 1.65 0.816765 
-1.7 1.7 0.828198 
-1.7 1.75 0.537154 
-1.7 1.8 0.440899 
-1.7 1.85 0.313244 
-1.7 1.9 0.241303 
-1.7 1.95 0.166865 
-1.7 2 0.121239 
-1.65 -2 4.86185e-06 
-1.65 -1.95 7.70409e-06 
-1.65 -1.9 1.22073e-05 
-1.65 -1.85 1.93416e-05 
-1.65 -1.8 3.06431e-05 
-1.65 -1.75 4.85436e-05 
-1.65 -1.7 7.68915e-05 
-1.65 -1.65 0.000121775 
-1.65 -1.6 0.000192822 
-1.65 -1.55 0.000305247 
-1.65 -1.5 0.000483076 
-1.65 -1.45 0.000764213 
-1.65 -1.4 0.00120839 
-1.65 -1.35 0.00190958 
-1.65 -1.3 0.00301539 
-1.65 -1.25 0.00475705 
-1.65 -1.2 0.00749575 
-1.65 -1.15 0.0117936 
-1.65 -1.1 0.0185209 
-1.65 -1.05 0.0290174 
-1.65 -1 0.0453295 
-1.65 -0.95 0.0705519 
-1.65 -0.9 0.109307 
-1.65 -0.85 0.168387 
-1.65 -0.8 0.257572 
-1.65 -0.75 0.39056 
-1.65 -0.7 0.585874 
-1.65 -0.65 0.86737 
-1.65 -0.6 1.26378 
-1.65 -0.55 1.8064 
-1.65 -0.5 2.52402 
-1.65 -0.45 3.43468 
-1.65 -0.4 4.53534 
-1.65 -0.35 5.79277 
-1.65 -0.3 7.14138 
-1.65 -0.25 8.49238 
-1.65 -0.2 9.75315 
-1.65 -0.15 10.8482 
-1.65 -0.1 11.7325 
-1.65 -0.05 12.4008 
-1.65 1.20737e-15 12.9048 
-1.65 0.05 13.3785 
-1.65 0.1 14.029 
-1.65 0.15 15.0701 
-1.65 0.2 16.6572 
-1.65 0.25 18.8267 
-1.65 0.3 21.369 
-1.65 0.35 23.7993 
-1.65 0.4 25.5244 
-1.65 0.45 25.9781 
-1.65 0.5 24.8622 
-1.65 0.55 22.4845 
-1.65 0.6 19.6623 
-1.65 0.65 17.1591 
-1.65 0.7 15.1658 
-1.65 0.75 13.8827 
-1.65 0.8 13.7715 
-1.65 0.85 13.5451 
-1.65 0.9 12.5157 
-1.65 0.95 12.4429 
-1.65 1 10.9298 
-1.65 1.05 10.1423 
-1.65 1.1 7.9003 
-1.65 1.15 8.40883 
-1.65 1.2 6.16478 
-1.65 1.25 6.34389 
-1.65 1.3 4.57239 
-1.65 1.35 4.40999 
-1.65 1.4 3.18431 
-1.65 1.45 3.10667 
-1.65 1.5 2.24009 
-1.65 1.55 1.88848 
-1.65 1.6 1.70012 
-1.65 1.65 1.02839 
-1.65 1.7 1.04276 
-1.65 1.75 0.676295 
-1.65 1.8 0.555097 
-1.65 1.85 0.394371 
-1.65 1.9 0.303794 
-1.65 1.95 0.210076 
-1.65 2 0.152635 
-1.6 -2 6.12071e-06 
-1.6 -1.95 9.69889e-06 
-1.6 -1.9 1.53681e-05 
-1.6 -1.85 2.43497e-05 
-1.6 -1.8 3.85775e-05 
-1.6 -1.75 6.11129e-05 
-1.6 -1.7 9.68009e-05 
-1.6 -1.65 0.000153306 
-1.6 -1.6 0.00024275 
-1.6 -1.55 0.000384285 
-1.6 -1.5 0.00060816 
-1.6 -1.45 0.000962095 
-1.6 -1.4 0.00152129 
-1.6 -1.35 0.00240405 
-1.6 -1.3 0.00379621 
-1.6 -1.25 0.00598889 
-1.6 -1.2 0.00943684 
-1.6 -1.15 0.0148477 
-1.6 -1.1 0.0233173 
-1.6 -1.05 0.0365327 
-1.6 -1 0.0570702 
-1.6 -0.95 0.0888268 
-1.6 -0.9 0.137623 
-1.6 -0.85 0.212014 
-1.6 -0.8 0.324315 
-1.6 -0.75 0.491785 
-1.6 -0.7 0.737755 
-1.6 -0.65 1.09229 
-1.6 -0.6 1.59161 
-1.6 -0.55 2.27519 
-1.6 -0.5 3.17938 
-1.6 -0.45 4.32704 
-1.6 -0.4 5.7145 
-1.6 -0.35 7.3001 
-1.6 -0.3 9.00138 
-1.6 -0.25 10.7066 
-1.6 -0.2 12.299 
-1.6 -0.15 13.6834 
-1.6 -0.1 14.8028 
-1.6 -0.05 15.6501 
-1.6 1.20737e-15 16.2905 
-1.6 0.05 16.8925 
-1.6 0.1 17.7177 
-1.6 0.15 19.0356 
-1.6 0.2 21.0423 
-1.6 0.25 23.7834 
-1.6 0.3 26.9935 
-1.6 0.35 30.0593 
-1.6 0.4 32.2316 
-1.6 0.45 32.7961 
-1.6 0.5 31.3786 
-1.6 0.55 28.3698 
-1.6 0.6 24.8027 
-1.6 0.65 21.6408 
-1.6 0.7 19.1241 
-1.6 0.75 17.5044 
-1.6 0.8 17.3633 
-1.6 0.85 17.077 
-1.6 0.9 15.7783 
-1.6 0.95 15.6851 
-1.6 1 13.7762 
-1.6 1.05 12.7821 
-1.6 1.1 9.95557 
-1.6 1.15 10.5953 
-1.6 1.2 7.76707 
-1.6 1.25 7.99198 
-1.6 1.3 5.75971 
-1.6 1.35 5.55466 
-1.6 1.4 4.01052 
-1.6 1.45 3.91249 
-1.6 1.5 2.82094 
-1.6 1.55 2.37804 
-1.6 1.6 2.14076 
-1.6 1.65 1.29486 
-1.6 1.7 1.31292 
-1.6 1.75 0.851487 
-1.6 1.8 0.698878 
-1.6 1.85 0.496512 
-1.6 1.9 0.382471 
-1.6 1.95 0.264479 
-1.6 2 0.19216 
-1.55 -2 7.70553e-06 
-1.55 -1.95 1.22102e-05 
-1.55 -1.9 1.93474e-05 
-1.55 -1.85 3.06545e-05 
-1.55 -1.8 4.85663e-05 
-1.55 -1.75 7.69368e-05 
-1.55 -1.7 0.000121865 
-1.55 -1.65 0.000193002 
-1.55 -1.6 0.000305605 
-1.55 -1.55 0.000483789 
-1.55 -1.5 0.000765634 
-1.55 -1.45 0.00121122 
-1.55 -1.4 0.00191521 
-1.55 -1.35 0.00302657 
-1.55 -1.3 0.00477924 
-1.55 -1.25 0.00753974 
-1.55 -1.2 0.0118806 
-1.55 -1.15 0.0186928 
-1.55 -1.1 0.0293562 
-1.55 -1.05 0.0459946 
-1.55 -1 0.0718523 
-1.55 -0.95 0.111837 
-1.55 -0.9 0.173277 
-1.55 -0.85 0.266948 
-1.55 -0.8 0.408362 
-1.55 -0.75 0.619259 
-1.55 -0.7 0.929037 
-1.55 -0.65 1.37559 
-1.55 -0.6 2.00458 
-1.55 -0.55 2.8658 
-1.55 -0.5 4.00518 
-1.55 -0.45 5.45171 
-1.55 -0.4 7.20098 
-1.55 -0.35 9.20079 
-1.55 -0.3 11.3475 
-1.55 -0.25 13.5005 
-1.55 -0.2 15.5126 
-1.55 -0.15 17.2636 
-1.55 -0.1 18.6815 
-1.55 -0.05 19.7569 
-1.55 1.20737e-15 20.5713 
-1.55 0.05 21.3375 
-1.55 0.1 22.385 
-1.55 0.15 24.0544 
-1.55 0.2 26.593 
-1.55 0.25 30.0579 
-1.55 0.3 34.1127 
-1.55 0.35 37.9812 
-1.55 0.4 40.7165 
-1.55 0.45 41.4177 
-1.55 0.5 39.6151 
-1.55 0.55 35.8054 
-1.55 0.6 31.2947 
-1.55 0.65 27.2991 
-1.55 0.7 24.1204 
-1.55 0.75 22.0752 
-1.55 0.8 21.8957 
-1.55 0.85 21.5336 
-1.55 0.9 19.8947 
-1.55 0.95 19.7753 
-1.55 1 17.3664 
-1.55 1.05 16.1112 
-1.55 1.1 12.547 
-1.55 1.15 13.3518 
-1.55 1.2 9.78675 
-1.55 1.25 10.0691 
-1.55 1.3 7.25587 
-1.55 1.35 6.99687 
-1.55 1.4 5.05138 
-1.55 1.45 4.92755 
-1.55 1.5 3.55253 
-1.55 1.55 2.99459 
-1.55 1.6 2.69567 
-1.55 1.65 1.63041 
-1.55 1.7 1.65311 
-1.55 1.75 1.07207 
-1.55 1.8 0.879911 
-1.55 1.85 0.625112 
-1.55 1.9 0.481527 
-1.55 1.95 0.332972 
-1.55 2 0.241922 
-1.5 -2 9.70069e-06 
-1.5 -1.95 1.53717e-05 
-1.5 -1.9 2.43569e-05 
-1.5 -1.85 3.85918e-05 
-1.5 -1.8 6.11415e-05 
-1.5 -1.75 9.68579e-05 
-1.5 -1.7 0.00015342 
-1.5 -1.65 0.000242976 
-1.5 -1.6 0.000384737 
-1.5 -1.55 0.000609059 
-1.5 -1.5 0.000963884 
-1.5 -1.45 0.00152485 
-1.5 -1.4 0.00241114 
-1.5 -1.35 0.00381029 
-1.5 -1.3 0.00601683 
-1.5 -1.25 0.00949222 
-1.5 -1.2 0.0149573 
-1.5 -1.15 0.0235338 
-1.5 -1.1 0.0369591 
-1.5 -1.05 0.0579075 
-1.5 -1 0.0904642 
-1.5 -0.95 0.140808 
-1.5 -0.9 0.218171 
-1.5 -0.85 0.336122 
-1.5 -0.8 0.514201 
-1.5 -0.75 0.779797 
-1.5 -0.7 1.16995 
-1.5 -0.65 1.73244 
-1.5 -0.6 2.52482 
-1.5 -0.55 3.60996 
-1.5 -0.5 5.04588 
-1.5 -0.45 6.86936 
-1.5 -0.4 9.07519 
-1.5 -0.35 11.598 
-1.5 -0.3 14.3075 
-1.5 -0.25 17.0268 
-1.5 -0.2 19.5703 
-1.5 -0.15 21.7864 
-1.5 -0.1 23.5838 
-1.5 -0.05 24.9498 
-1.5 1.20737e-15 25.987 
-1.5 0.05 26.9631 
-1.5 0.1 28.2943 
-1.5 0.15 30.4105 
-1.5 0.2 33.6241 
-1.5 0.25 38.006 
-1.5 0.3 43.1298 
-1.5 0.35 48.0125 
-1.5 0.4 51.4569 
-1.5 0.45 52.326 
-1.5 0.5 50.0309 
-1.5 0.55 45.2038 
-1.5 0.6 39.4967 
-1.5 0.65 34.4452 
-1.5 0.7 30.4289 
-1.5 0.75 27.8454 
-1.5 0.8 27.617 
-1.5 0.85 27.1586 
-1.5 0.9 25.0898 
-1.5 0.95 24.9365 
-1.5 1 21.8958 
-1.5 1.05 20.3103 
-1.5 1.1 15.8151 
-1.5 1.15 16.8274 
-1.5 1.2 12.3329 
-1.5 1.25 12.6872 
-1.5 1.3 9.14141 
-1.5 1.35 8.81414 
-1.5 1.4 6.36274 
-1.5 1.45 6.20626 
-1.5 1.5 4.47404 
-1.5 1.55 3.77113 
-1.5 1.6 3.39451 
-1.5 1.65 2.05296 
-1.5 1.7 2.08147 
-1.5 1.75 1.34983 
-1.5 1.8 1.10785 
-1.5 1.85 0.787026 
-1.5 1.9 0.60624 
-1.5 1.95 0.419204 
-1.5 2 0.304571 
-1.45 -2 1.22125e-05 
-1.45 -1.95 1.93519e-05 
-1.45 -1.9 3.06636e-05 
-1.45 -1.85 4.85843e-05 
-1.45 -1.8 7.69727e-05 
-1.45 -1.75 0.000121937 
-1.45 -1.7 0.000193145 
-1.45 -1.65 0.00030589 
-1.45 -1.6 0.000484357 
-1.45 -1.55 0.000766765 
-1.45 -1.5 0.00121347 
-1.45 -1.45 0.00191969 
-1.45 -1.4 0.00303549 
-1.45 -1.35 0.00479696 
-1.45 -1.3 0.00757492 
-1.45 -1.25 0.0119504 
-1.45 -1.2 0.0188308 
-1.45 -1.15 0.0296287 
-1.45 -1.1 0.0465315 
-1.45 -1.05 0.0729066 
-1.45 -1 0.113898 
-1.45 -0.95 0.177288 
-1.45 -0.9 0.274701 
-1.45 -0.85 0.423229 
-1.45 -0.8 0.647487 
-1.45 -0.75 0.981983 
-1.45 -0.7 1.4734 
-1.45 -0.65 2.18196 
-1.45 -0.6 3.18028 
-1.45 -0.55 4.54769 
-1.45 -0.5 6.35755 
-1.45 -0.45 8.65657 
-1.45 -0.4 11.4387 
-1.45 -0.35 14.622 
-1.45 -0.3 18.043 
-1.45 -0.25 21.4788 
-1.45 -0.2 24.6959 
-1.45 -0.15 27.5024 
-1.45 -0.1 29.7825 
-1.45 -0.05 31.5197 
-1.45 1.20737e-15 32.8423 
-1.45 0.05 34.0877 
-1.45 0.1 35.7813 
-1.45 0.15 38.4662 
-1.45 0.2 42.5369 
-1.45 0.25 48.0819 
-1.45 0.3 54.5594 
-1.45 0.35 60.724 
-1.45 0.4 65.0612 
-1.45 0.45 66.136 
-1.45 0.5 63.21 
-1.45 0.55 57.0888 
-1.45 0.6 49.8638 
-1.45 0.65 43.474 
-1.45 0.7 38.3971 
-1.45 0.75 35.1324 
-1.45 0.8 34.8411 
-1.45 0.85 34.2607 
-1.45 0.9 31.6483 
-1.45 0.95 31.451 
-1.45 1 27.6116 
-1.45 1.05 25.6081 
-1.45 1.1 19.9374 
-1.45 1.15 21.2105 
-1.45 1.2 15.5434 
-1.45 1.25 15.9877 
-1.45 1.3 11.518 
-1.45 1.35 11.1043 
-1.45 1.4 8.01506 
-1.45 1.45 7.81724 
-1.45 1.5 5.63485 
-1.45 1.55 4.74921 
-1.45 1.6 4.27466 
-1.45 1.65 2.58509 
-1.45 1.7 2.62089 
-1.45 1.75 1.69956 
-1.45 1.8 1.39485 
-1.45 1.85 0.990887 
-1.45 1.9 0.763258 
-1.45 1.95 0.527771 
-1.45 2 0.383446 
-1.4 -2 1.53746e-05 
-1.4 -1.95 2.43626e-05 
-1.4 -1.9 3.86032e-05 
-1.4 -1.85 6.11642e-05 
-1.4 -1.8 9.69032e-05 
-1.4 -1.75 0.00015351 
-1.4 -1.7 0.000243156 
-1.4 -1.65 0.000385095 
-1.4 -1.6 0.000609774 
-1.4 -1.55 0.000965308 
-1.4 -1.5 0.00152768 
-1.4 -1.45 0.00241678 
-1.4 -1.4 0.00382151 
-1.4 -1.35 0.00603914 
-1.4 -1.3 0.0095365 
-1.4 -1.25 0.0150451 
-1.4 -1.2 0.0237076 
-1.4 -1.15 0.0373023 
-1.4 -1.1 0.0585836 
-1.4 -1.05 0.0917915 
-1.4 -1 0.143404 
-1.4 -0.95 0.223221 
-1.4 -0.9 0.345884 
-1.4 -0.85 0.532922 
-1.4 -0.8 0.815345 
-1.4 -0.75 1.23663 
-1.4 -0.7 1.85563 
-1.4 -0.65 2.74826 
-1.4 -0.6 4.00615 
-1.4 -0.55 5.72946 
-1.4 -0.5 8.01098 
-1.4 -0.45 10.9101 
-1.4 -0.4 14.4198 
-1.4 -0.35 18.4378 
-1.4 -0.3 22.7586 
-1.4 -0.25 27.1018 
-1.4 -0.2 31.1728 
-1.4 -0.15 34.7295 
-1.4 -0.1 37.625 
-1.4 -0.05 39.8368 
-1.4 1.20737e-15 41.5259 
-1.4 0.05 43.1174 
-1.4 0.1 45.2748 
-1.4 0.15 48.6846 
-1.4 0.2 53.8449 
-1.4 0.25 60.866 
-1.4 0.3 69.0591 
-1.4 0.35 76.845 
-1.4 0.4 82.3063 
-1.4 0.45 83.6316 
-1.4 0.5 79.8956 
-1.4 0.55 72.1267 
-1.4 0.6 62.9737 
-1.4 0.65 54.8866 
-1.4 0.7 48.4656 
-1.4 0.75 44.3381 
-1.4 0.8 43.9664 
-1.4 0.85 43.2307 
-1.4 0.9 39.9307 
-1.4 0.95 39.6762 
-1.4 1 34.8267 
-1.4 1.05 32.2938 
-1.4 1.1 25.1384 
-1.4 1.15 26.7393 
-1.4 1.2 19.5922 
-1.4 1.25 20.1492 
-1.4 1.3 14.5139 
-1.4 1.35 13.9906 
-1.4 1.4 10.0972 
-1.4 1.45 9.847 
-1.4 1.5 7.09718 
-1.4 1.55 5.98121 
-1.4 1.6 5.3832 
-1.4 1.65 3.25522 
-1.4 1.7 3.30017 
-1.4 1.75 2.13995 
-1.4 1.8 1.75622 
-1.4 1.85 1.24757 
-1.4 1.9 0.960952 
-1.4 1.95 0.664458 
-1.4 2 0.482749 
-1.35 -2 1.93555e-05 
-1.35 -1.95 3.06708e-05 
-1.35 -1.9 4.85987e-05 
-1.35 -1.85 7.70013e-05 
-1.35 -1.8 0.000121994 
-1.35 -1.75 0.000193259 
-1.35 -1.7 0.000306117 
-1.35 -1.65 0.000484809 
-1.35 -1.6 0.000767666 
-1.35 -1.55 0.00121526 
-1.35 -1.5 0.00192326 
-1.35 -1.45 0.00304259 
-1.35 -1.4 0.00481109 
-1.35 -1.35 0.007603 
-1.35 -1.3 0.0120061 
-1.35 -1.25 0.0189414 
-1.35 -1.2 0.0298475 
-1.35 -1.15 0.0469636 
-1.35 -1.1 0.0737578 
-1.35 -1.05 0.115569 
-1.35 -1 0.180556 
-1.35 -0.95 0.281059 
-1.35 -0.9 0.435521 
-1.35 -0.85 0.671062 
-1.35 -0.8 1.02675 
-1.35 -0.75 1.55738 
-1.35 -0.7 2.33713 
-1.35 -0.65 3.46175 
-1.35 -0.6 5.04686 
-1.35 -0.55 7.21898 
-1.35 -0.5 10.0955 
-1.35 -0.45 13.7521 
-1.35 -0.4 18.1809 
-1.35 -0.35 23.254 
-1.35 -0.3 28.7134 
-1.35 -0.25 34.2062 
-1.35 -0.2 39.3613 
-1.35 -0.15 43.8725 
-1.35 -0.1 47.553 
-1.35 -0.05 50.373 
-1.35 1.20737e-15 52.5336 
-1.35 0.05 54.5711 
-1.35 0.1 57.3233 
-1.35 0.15 61.6583 
-1.35 0.2 68.2056 
-1.35 0.25 77.1021 
-1.35 0.3 87.4712 
-1.35 0.35 97.3084 
-1.35 0.4 104.185 
-1.35 0.45 105.813 
-1.35 0.5 101.035 
-1.35 0.55 91.1656 
-1.35 0.6 79.5613 
-1.35 0.65 69.3191 
-1.35 0.7 61.1939 
-1.35 0.75 55.9729 
-1.35 0.8 55.4976 
-1.35 0.85 54.5645 
-1.35 0.9 50.3942 
-1.35 0.95 50.0652 
-1.35 1 43.9371 
-1.35 1.05 40.7333 
-1.35 1.1 31.7022 
-1.35 1.15 33.715 
-1.35 1.2 24.6994 
-1.35 1.25 25.3973 
-1.35 1.3 18.2911 
-1.35 1.35 17.6289 
-1.35 1.4 12.7213 
-1.35 1.45 12.4047 
-1.35 1.5 8.93953 
-1.35 1.55 7.53316 
-1.35 1.6 6.77947 
-1.35 1.65 4.09919 
-1.35 1.7 4.15561 
-1.35 1.75 2.6945 
-1.35 1.8 2.21125 
-1.35 1.85 1.57075 
-1.35 1.9 1.20986 
-1.35 1.95 0.836552 
-1.35 2 0.607771 
-1.3 -2 2.43671e-05 
-1.3 -1.95 3.86123e-05 
-1.3 -1.9 6.11822e-05 
-1.3 -1.85 9.69392e-05 
-1.3 -1.8 0.000153582 
-1.3 -1.75 0.000243299 
-1.3 -1.7 0.000385381 
-1.3 -1.65 0.000610343 
-1.3 -1.6 0.000966442 
-1.3 -1.55 0.00152994 
-1.3 -1.5 0.00242128 
-1.3 -1.45 0.00383046 
-1.3 -1.4 0.00605693 
-1.3 -1.35 0.00957186 
-1.3 -1.3 0.0151153 
-1.3 -1.25 0.0238467 
-1.3 -1.2 0.0375777 
-1.3 -1.15 0.0591275 
-1.3 -1.1 0.0928632 
-1.3 -1.05 0.145508 
-1.3 -1 0.227336 
-1.3 -0.95 0.35389 
-1.3 -0.9 0.548401 
-1.3 -0.85 0.845033 
-1.3 -0.8 1.29302 
-1.3 -0.75 1.96141 
-1.3 -0.7 2.94374 
-1.3 -0.65 4.36077 
-1.3 -0.6 6.35845 
-1.3 -0.55 9.09667 
-1.3 -0.5 12.7241 
-1.3 -0.45 17.3371 
-1.3 -0.4 22.9272 
-1.3 -0.35 29.3347 
-1.3 -0.3 36.2358 
-1.3 -0.25 43.1866 
-1.3 -0.2 49.719 
-1.3 -0.15 55.4458 
-1.3 -0.1 60.1297 
-1.3 -0.05 63.7305 
-1.3 1.20737e-15 66.4997 
-1.3 0.05 69.113 
-1.3 0.1 72.6297 
-1.3 0.15 78.1476 
-1.3 0.2 86.4628 
-1.3 0.25 97.7447 
-1.3 0.3 110.876 
-1.3 0.35 123.311 
-1.3 0.4 131.969 
-1.3 0.45 133.961 
-1.3 0.5 127.839 
-1.3 0.55 115.287 
-1.3 0.6 100.562 
-1.3 0.65 87.581 
-1.3 0.7 77.2927 
-1.3 0.75 70.6847 
-1.3 0.8 70.076 
-1.3 0.85 68.8914 
-1.3 0.9 63.6187 
-1.3 0.95 63.1922 
-1.3 1 55.4451 
-1.3 1.05 51.3904 
-1.3 1.1 39.9881 
-1.3 1.15 42.5184 
-1.3 1.2 31.1432 
-1.3 1.25 32.0171 
-1.3 1.3 23.0544 
-1.3 1.35 22.2159 
-1.3 1.4 16.0288 
-1.3 1.45 15.6279 
-1.3 1.5 11.2608 
-1.3 1.55 9.4883 
-1.3 1.6 8.53828 
-1.3 1.65 5.16214 
-1.3 1.7 5.23293 
-1.3 1.75 3.39282 
-1.3 1.8 2.78421 
-1.3 1.85 1.97768 
-1.3 1.9 1.52326 
-1.3 1.95 1.05322 
-1.3 2 0.765176 
-1.25 -2 3.06765e-05 
-1.25 -1.95 4.86101e-05 
-1.25 -1.9 7.7024e-05 
-1.25 -1.85 0.00012204 
-1.25 -1.8 0.000193349 
-1.25 -1.75 0.000306297 
-1.25 -1.7 0.000485168 
-1.25 -1.65 0.000768382 
-1.25 -1.6 0.00121669 
-1.25 -1.55 0.0019261 
-1.25 -1.5 0.00304825 
-1.25 -1.45 0.00482235 
-1.25 -1.4 0.0076254 
-1.25 -1.35 0.0120506 
-1.25 -1.3 0.0190297 
-1.25 -1.25 0.0300227 
-1.25 -1.2 0.0473103 
-1.25 -1.15 0.0744426 
-1.25 -1.1 0.116919 
-1.25 -1.05 0.183205 
-1.25 -1 0.286241 
-1.25 -0.95 0.445603 
-1.25 -0.9 0.690554 
-1.25 -0.85 1.06414 
-1.25 -0.8 1.62839 
-1.25 -0.75 2.47037 
-1.25 -0.7 3.708 
-1.25 -0.65 5.49367 
-1.25 -0.6 8.01164 
-1.25 -0.55 11.4641 
-1.25 -0.5 16.0394 
-1.25 -0.45 21.8604 
-1.25 -0.4 28.9185 
-1.25 -0.35 37.0147 
-1.25 -0.3 45.7425 
-1.25 -0.25 54.5437 
-1.25 -0.2 62.8279 
-1.25 -0.15 70.1055 
-1.25 -0.1 76.0741 
-1.25 -0.05 80.6796 
-1.25 1.20737e-15 84.236 
-1.25 0.05 87.5954 
-1.25 0.1 92.0968 
-1.25 0.15 99.1303 
-1.25 0.2 109.702 
-1.25 0.25 124.022 
-1.25 0.3 140.664 
-1.25 0.35 156.389 
-1.25 0.4 167.289 
-1.25 0.45 169.715 
-1.25 0.5 161.855 
-1.25 0.55 145.87 
-1.25 0.6 127.168 
-1.25 0.65 110.703 
-1.25 0.7 97.6661 
-1.25 0.75 89.2971 
-1.25 0.8 88.5162 
-1.25 0.85 87.0107 
-1.25 0.9 80.3409 
-1.25 0.95 79.7865 
-1.25 1 69.9874 
-1.25 1.05 64.8526 
-1.25 1.1 50.4517 
-1.25 1.15 53.6318 
-1.25 1.2 39.2755 
-1.25 1.25 40.3691 
-1.25 1.3 29.0621 
-1.25 1.35 27.9996 
-1.25 1.4 20.1984 
-1.25 1.45 19.6903 
-1.25 1.5 14.1859 
-1.25 1.55 11.9516 
-1.25 1.6 10.7539 
-1.25 1.65 6.50097 
-1.25 1.7 6.58974 
-1.25 1.75 4.27223 
-1.25 1.8 3.50571 
-1.25 1.85 2.49007 
-1.25 1.9 1.91786 
-1.25 1.95 1.32603 
-1.25 2 0.963352 
-1.2 -2 3.86195e-05 
-1.2 -1.95 6.11966e-05 
-1.2 -1.9 9.69678e-05 
-1.2 -1.85 0.000153639 
-1.2 -1.8 0.000243413 
-1.2 -1.75 0.000385607 
-1.2 -1.7 0.000610795 
-1.2 -1.65 0.000967343 
-1.2 -1.6 0.00153174 
-1.2 -1.55 0.00242485 
-1.2 -1.5 0.00383758 
-1.2 -1.45 0.00607111 
-1.2 -1.4 0.00960006 
-1.2 -1.35 0.0151713 
-1.2 -1.3 0.023958 
-1.2 -1.25 0.0377983 
-1.2 -1.2 0.0595641 
-1.2 -1.15 0.0937255 
-1.2 -1.1 0.147207 
-1.2 -1.05 0.230672 
-1.2 -1 0.360415 
-1.2 -0.95 0.561096 
-1.2 -0.9 0.86958 
-1.2 -0.85 1.3401 
-1.2 -0.8 2.05085 
-1.2 -0.75 3.11157 
-1.2 -0.7 4.67101 
-1.2 -0.65 6.92147 
-1.2 -0.6 10.0957 
-1.2 -0.55 14.4494 
-1.2 -0.5 20.2215 
-1.2 -0.45 27.5691 
-1.2 -0.4 36.484 
-1.2 -0.35 46.7183 
-1.2 -0.3 57.7627 
-1.2 -0.25 68.9147 
-1.2 -0.2 79.43 
-1.2 -0.15 88.6886 
-1.2 -0.1 96.3055 
-1.2 -0.05 102.207 
-1.2 1.20737e-15 106.785 
-1.2 0.05 111.114 
-1.2 0.1 116.888 
-1.2 0.15 125.866 
-1.2 0.2 139.324 
-1.2 0.25 157.519 
-1.2 0.3 178.627 
-1.2 0.35 198.523 
-1.2 0.4 212.245 
-1.2 0.45 215.179 
-1.2 0.5 205.065 
-1.2 0.55 184.681 
-1.2 0.6 160.901 
-1.2 0.65 139.997 
-1.2 0.7 123.466 
-1.2 0.75 112.859 
-1.2 0.8 111.854 
-1.2 0.85 109.939 
-1.2 0.9 101.497 
-1.2 0.95 100.774 
-1.2 1 88.3727 
-1.2 1.05 81.8654 
-1.2 1.1 63.6702 
-1.2 1.15 67.6661 
-1.2 1.2 49.5419 
-1.2 1.25 50.9091 
-1.2 1.3 36.6414 
-1.2 1.35 35.294 
-1.2 1.4 25.4555 
-1.2 1.45 24.8112 
-1.2 1.5 17.8723 
-1.2 1.55 15.0553 
-1.2 1.6 13.5452 
-1.2 1.65 8.18737 
-1.2 1.7 8.29863 
-1.2 1.75 5.37972 
-1.2 1.8 4.41426 
-1.2 1.85 3.13526 
-1.2 1.9 2.41471 
-1.2 1.95 1.66951 
-1.2 2 1.21286 
-1.15 -2 4.86191e-05 
-1.15 -1.95 7.70421e-05 
-1.15 -1.9 0.000122076 
-1.15 -1.85 0.000193421 
-1.15 -1.8 0.000306441 
-1.15 -1.75 0.000485454 
-1.15 -1.7 0.000768951 
-1.15 -1.65 0.00121782 
-1.15 -1.6 0.00192837 
-1.15 -1.55 0.00305276 
-1.15 -1.5 0.00483132 
-1.15 -1.45 0.00764325 
-1.15 -1.4 0.0120861 
-1.15 -1.35 0.0191003 
-1.15 -1.3 0.0301627 
-1.15 -1.25 0.047588 
-1.15 -1.2 0.0749923 
-1.15 -1.15 0.118004 
-1.15 -1.1 0.185344 
-1.15 -1.05 0.290441 
-1.15 -1 0.453819 
-1.15 -0.95 0.706541 
-1.15 -0.9 1.09505 
-1.15 -0.85 1.6877 
-1.15 -0.8 2.58303 
-1.15 -0.75 3.91944 
-1.15 -0.7 5.88457 
-1.15 -0.65 8.72118 
-1.15 -0.6 12.7234 
-1.15 -0.55 18.2148 
-1.15 -0.5 25.4987 
-1.15 -0.45 34.7761 
-1.15 -0.4 46.0407 
-1.15 -0.35 58.9843 
-1.15 -0.3 72.9688 
-1.15 -0.25 87.1107 
-1.15 -0.2 100.471 
-1.15 -0.15 112.265 
-1.15 -0.1 122.001 
-1.15 -0.05 129.579 
-1.15 1.20737e-15 135.488 
-1.15 0.05 141.081 
-1.15 0.1 148.503 
-1.15 0.15 159.986 
-1.15 0.2 177.141 
-1.15 0.25 200.286 
-1.15 0.3 227.083 
-1.15 0.35 252.271 
-1.15 0.4 269.543 
-1.15 0.45 273.062 
-1.15 0.5 260.014 
-1.15 0.55 233.981 
-1.15 0.6 203.709 
-1.15 0.65 177.142 
-1.15 0.7 156.159 
-1.15 0.75 142.705 
-1.15 0.8 141.411 
-1.15 0.85 138.971 
-1.15 0.9 128.279 
-1.15 0.95 127.333 
-1.15 1 111.628 
-1.15 1.05 103.375 
-1.15 1.1 80.3758 
-1.15 1.15 85.3953 
-1.15 1.2 62.5068 
-1.15 1.25 64.2144 
-1.15 1.3 46.2056 
-1.15 1.35 44.4956 
-1.15 1.4 32.0852 
-1.15 1.45 31.2674 
-1.15 1.5 22.5186 
-1.15 1.55 18.9665 
-1.15 1.6 17.062 
-1.15 1.65 10.3117 
-1.15 1.7 10.4511 
-1.15 1.75 6.77449 
-1.15 1.8 5.55841 
-1.15 1.85 3.94769 
-1.15 1.9 3.04031 
-1.15 1.95 2.10198 
-1.15 2 1.52701 
-1.1 -2 6.12079e-05 
-1.1 -1.95 9.69905e-05 
-1.1 -1.9 0.000153685 
-1.1 -1.85 0.000243504 
-1.1 -1.8 0.000385788 
-1.1 -1.75 0.000611154 
-1.1 -1.7 0.00096806 
-1.1 -1.65 0.00153317 
-1.1 -1.6 0.0024277 
-1.1 -1.55 0.00384325 
-1.1 -1.5 0.0060824 
-1.1 -1.45 0.00962254 
-1.1 -1.4 0.015216 
-1.1 -1.35 0.0240468 
-1.1 -1.3 0.0379746 
-1.1 -1.25 0.0599137 
-1.1 -1.2 0.0944175 
-1.1 -1.15 0.148574 
-1.1 -1.1 0.233365 
-1.1 -1.05 0.365704 
-1.1 -1 0.571442 
-1.1 -0.95 0.889712 
-1.1 -0.9 1.37903 
-1.1 -0.85 2.12555 
-1.1 -0.8 3.25349 
-1.1 -0.75 4.9374 
-1.1 -0.7 7.41405 
-1.1 -0.65 10.99 
-1.1 -0.6 16.0371 
-1.1 -0.55 22.9651 
-1.1 -0.5 32.1594 
-1.1 -0.45 43.8777 
-1.1 -0.4 58.1176 
-1.1 -0.35 74.497 
-1.1 -0.3 92.2167 
-1.1 -0.25 110.166 
-1.1 -0.2 127.161 
-1.1 -0.15 142.206 
-1.1 -0.1 154.673 
-1.1 -0.05 164.427 
-1.1 1.20737e-15 172.073 
-1.1 0.05 179.322 
-1.1 0.1 188.887 
-1.1 0.15 203.601 
-1.1 0.2 225.504 
-1.1 0.25 254.984 
-1.1 0.3 289.039 
-1.1 0.35 320.947 
-1.1 0.4 342.682 
-1.1 0.45 346.859 
-1.1 0.5 329.98 
-1.1 0.55 296.674 
-1.1 0.6 258.084 
-1.1 0.65 224.281 
-1.1 0.7 197.623 
-1.1 0.75 180.541 
-1.1 0.8 178.87 
-1.1 0.85 175.757 
-1.1 0.9 162.205 
-1.1 0.95 160.964 
-1.1 1 141.061 
-1.1 1.05 130.584 
-1.1 1.1 101.498 
-1.1 1.15 107.802 
-1.1 1.2 78.8856 
-1.1 1.25 81.016 
-1.1 1.3 58.2779 
-1.1 1.35 56.1056 
-1.1 1.4 40.4473 
-1.1 1.45 39.4084 
-1.1 1.5 28.3757 
-1.1 1.55 23.8957 
-1.1 1.6 21.4935 
-1.1 1.65 12.9879 
-1.1 1.7 13.1624 
-1.1 1.75 8.53116 
-1.1 1.8 6.99929 
-1.1 1.85 4.97074 
-1.1 1.9 3.82805 
-1.1 1.95 2.6465 
-1.1 2 1.92254 
-1.05 -2 7.70564e-05 
-1.05 -1.95 0.000122104 
-1.05 -1.9 0.000193478 
-1.05 -1.85 0.000306554 
-1.05 -1.8 0.000485681 
-1.05 -1.75 0.000769403 
-1.05 -1.7 0.00121873 
-1.05 -1.65 0.00193016 
-1.05 -1.6 0.00305634 
-1.05 -1.55 0.00483846 
-1.05 -1.5 0.00765747 
-1.05 -1.45 0.0121144 
-1.05 -1.4 0.0191566 
-1.05 -1.35 0.0302746 
-1.05 -1.3 0.04781 
-1.05 -1.25 0.0754325 
-1.05 -1.2 0.118876 
-1.05 -1.15 0.187066 
-1.05 -1.1 0.293833 
-1.05 -1.05 0.460479 
-1.05 -1 0.719569 
-1.05 -0.95 1.12041 
-1.05 -0.9 1.73673 
-1.05 -0.85 2.67712 
-1.05 -0.8 4.09822 
-1.05 -0.75 6.22021 
-1.05 -0.7 9.34196 
-1.05 -0.65 13.8507 
-1.05 -0.6 20.2168 
-1.05 -0.55 28.9595 
-1.05 -0.5 40.5689 
-1.05 -0.45 55.3763 
-1.05 -0.4 73.3865 
-1.05 -0.35 94.1267 
-1.05 -0.3 116.597 
-1.05 -0.25 139.401 
-1.05 -0.2 161.046 
-1.05 -0.15 180.269 
-1.05 -0.1 196.267 
-1.05 -0.05 208.852 
-1.05 1.20737e-15 218.78 
-1.05 0.05 228.205 
-1.05 0.1 240.567 
-1.05 0.15 259.462 
-1.05 0.2 287.479 
-1.05 0.25 325.083 
-1.05 0.3 368.411 
-1.05 0.35 408.861 
-1.05 0.4 436.203 
-1.05 0.45 441.093 
-1.05 0.5 419.189 
-1.05 0.55 376.495 
-1.05 0.6 327.227 
-1.05 0.65 284.163 
-1.05 0.7 250.257 
-1.05 0.75 228.547 
-1.05 0.8 226.381 
-1.05 0.85 222.405 
-1.05 0.9 205.214 
-1.05 0.95 203.579 
-1.05 1 178.336 
-1.05 1.05 165.023 
-1.05 1.1 128.22 
-1.05 1.15 136.133 
-1.05 1.2 99.5859 
-1.05 1.25 102.24 
-1.05 1.3 73.5211 
-1.05 1.35 70.7585 
-1.05 1.4 50.997 
-1.05 1.45 49.6759 
-1.05 1.5 35.7602 
-1.05 1.55 30.1088 
-1.05 1.6 27.0779 
-1.05 1.65 16.3596 
-1.05 1.7 16.5779 
-1.05 1.75 10.7437 
-1.05 1.8 8.81393 
-1.05 1.85 6.25905 
-1.05 1.9 4.81998 
-1.05 1.95 3.33213 
-1.05 2 2.42054 
-1 -2 9.70085e-05 
-1 -1.95 0.000153721 
-1 -1.9 0.000243575 
-1 -1.85 0.000385931 
-1 -1.8 0.00061144 
-1 -1.75 0.00096863 
-1 -1.7 0.0015343 
-1 -1.65 0.00242996 
-1 -1.6 0.00384777 
-1 -1.55 0.00609139 
-1 -1.5 0.00964044 
-1 -1.45 0.0152516 
-1 -1.4 0.0241177 
-1 -1.35 0.0381154 
-1 -1.3 0.0601932 
-1 -1.25 0.0949717 
-1 -1.2 0.149671 
-1 -1.15 0.235532 
-1 -1.1 0.369974 
-1 -1.05 0.579828 
-1 -1 0.906118 
-1 -0.95 1.41097 
-1 -0.9 2.18731 
-1 -0.85 3.37201 
-1 -0.8 5.16265 
-1 -0.75 7.837 
-1 -0.7 11.7725 
-1 -0.65 17.4584 
-1 -0.6 25.49 
-1 -0.55 36.5259 
-1 -0.5 51.1902 
-1 -0.45 69.9093 
-1 -0.4 92.701 
-1 -0.35 118.981 
-1 -0.3 147.501 
-1 -0.25 176.506 
-1 -0.2 204.111 
-1 -0.15 228.717 
-1 -0.1 249.291 
-1 -0.05 265.578 
-1 1.20737e-15 278.512 
-1 0.05 290.811 
-1 0.1 306.84 
-1 0.15 331.166 
-1 0.2 367.073 
-1 0.25 415.12 
-1 0.3 470.319 
-1 0.35 521.636 
-1 0.4 556.019 
-1 0.45 561.634 
-1 0.5 533.112 
-1 0.55 478.265 
-1 0.6 415.258 
-1 0.65 360.316 
-1 0.7 317.136 
-1 0.75 289.513 
-1 0.8 286.699 
-1 0.85 281.611 
-1 0.9 259.783 
-1 0.95 257.621 
-1 1 225.577 
-1 1.05 208.641 
-1 1.1 162.043 
-1 1.15 171.973 
-1 1.2 125.76 
-1 1.25 129.063 
-1 1.3 92.7747 
-1 1.35 89.2574 
-1 1.4 64.3102 
-1 1.45 62.628 
-1 1.5 45.0721 
-1 1.55 37.9413 
-1 1.6 34.1161 
-1 1.65 20.6079 
-1 1.7 20.8808 
-1 1.75 13.5307 
-1 1.8 11.0994 
-1 1.85 7.88144 
-1 1.9 6.06905 
-1 1.95 4.19545 
-1 2 3.04757 
-0.95 -2 0.000122127 
-0.95 -1.95 0.000193523 
-0.95 -1.9 0.000306645 
-0.95 -1.85 0.000485861 
-0.95 -1.8 0.000769763 
-0.95 -1.75 0.00121944 
-0.95 -1.7 0.00193159 
-0.95 -1.65 0.00305919 
-0.95 -1.6 0.00484414 
-0.95 -1.55 0.00766878 
-0.95 -1.5 0.0121369 
-0.95 -1.45 0.0192014 
-0.95 -1.4 0.0303638 
-0.95 -1.35 0.0479873 
-0.95 -1.3 0.0757844 
-0.95 -1.25 0.119573 
-0.95 -1.2 0.188447 
-0.95 -1.15 0.296561 
-0.95 -1.1 0.465856 
-0.95 -1.05 0.73013 
-0.95 -1 1.14107 
-0.95 -0.95 1.77695 
-0.95 -0.9 2.75491 
-0.95 -0.85 4.24754 
-0.95 -0.8 6.50403 
-0.95 -0.75 9.87499 
-0.95 -0.7 14.8371 
-0.95 -0.65 22.0091 
-0.95 -0.6 32.1447 
-0.95 -0.55 46.0798 
-0.95 -0.5 64.6103 
-0.95 -0.45 88.2866 
-0.95 -0.4 117.147 
-0.95 -0.35 150.474 
-0.95 -0.3 186.708 
-0.95 -0.25 223.645 
-0.95 -0.2 258.908 
-0.95 -0.15 290.466 
-0.95 -0.1 316.993 
-0.95 -0.05 338.137 
-0.95 1.20737e-15 355.054 
-0.95 0.05 371.169 
-0.95 0.1 392.025 
-0.95 0.15 423.433 
-0.95 0.2 469.559 
-0.95 0.25 531.064 
-0.95 0.3 601.487 
-0.95 0.35 666.647 
-0.95 0.4 709.857 
-0.95 0.45 716.13 
-0.95 0.5 678.851 
-0.95 0.55 608.22 
-0.95 0.6 527.489 
-0.95 0.65 457.279 
-0.95 0.7 402.213 
-0.95 0.75 367.021 
-0.95 0.8 363.353 
-0.95 0.85 356.827 
-0.95 0.9 329.085 
-0.95 0.95 326.213 
-0.95 1 285.495 
-0.95 1.05 263.924 
-0.95 1.1 204.886 
-0.95 1.15 217.339 
-0.95 1.2 158.874 
-0.95 1.25 162.975 
-0.95 1.3 117.103 
-0.95 1.35 112.619 
-0.95 1.4 81.1153 
-0.95 1.45 78.9709 
-0.95 1.5 56.8167 
-0.95 1.55 47.8167 
-0.95 1.6 42.9879 
-0.95 1.65 25.9614 
-0.95 1.7 26.3021 
-0.95 1.75 17.0414 
-0.95 1.8 13.978 
-0.95 1.85 9.92464 
-0.95 1.9 7.64196 
-0.95 1.95 5.28252 
-0.95 2 3.83709 
-0.9 -2 0.000153749 
-0.9 -1.95 0.000243633 
-0.9 -1.9 0.000386045 
-0.9 -1.85 0.000611667 
-0.9 -1.8 0.000969082 
-0.9 -1.75 0.0015352 
-0.9 -1.7 0.00243177 
-0.9 -1.65 0.00385136 
-0.9 -1.6 0.00609854 
-0.9 -1.55 0.00965468 
-0.9 -1.5 0.01528 
-0.9 -1.45 0.0241741 
-0.9 -1.4 0.0382277 
-0.9 -1.35 0.0604164 
-0.9 -1.3 0.0954148 
-0.9 -1.25 0.15055 
-0.9 -1.2 0.237272 
-0.9 -1.15 0.37341 
-0.9 -1.1 0.586599 
-0.9 -1.05 0.919418 
-0.9 -1 1.43699 
-0.9 -0.95 2.23796 
-0.9 -0.9 3.47001 
-0.9 -0.85 5.35077 
-0.9 -0.8 8.19465 
-0.9 -0.75 12.4443 
-0.9 -0.7 18.702 
-0.9 -0.65 27.7505 
-0.9 -0.6 40.5449 
-0.9 -0.55 58.1474 
-0.9 -0.5 81.5741 
-0.9 -0.45 111.537 
-0.9 -0.4 148.109 
-0.9 -0.35 190.409 
-0.9 -0.3 236.494 
-0.9 -0.25 283.599 
-0.9 -0.2 328.724 
-0.9 -0.15 369.288 
-0.9 -0.1 403.589 
-0.9 -0.05 431.136 
-0.9 1.20737e-15 453.355 
-0.9 0.05 474.567 
-0.9 0.1 501.812 
-0.9 0.15 542.493 
-0.9 0.2 601.9 
-0.9 0.25 680.799 
-0.9 0.3 770.793 
-0.9 0.35 853.604 
-0.9 0.4 907.865 
-0.9 0.45 914.586 
-0.9 0.5 865.66 
-0.9 0.55 774.455 
-0.9 0.6 670.793 
-0.9 0.65 580.908 
-0.9 0.7 510.574 
-0.9 0.75 465.675 
-0.9 0.8 460.876 
-0.9 0.85 452.491 
-0.9 0.9 417.19 
-0.9 0.95 413.361 
-0.9 1 361.562 
-0.9 1.05 334.048 
-0.9 1.1 259.192 
-0.9 1.15 274.801 
-0.9 1.2 200.79 
-0.9 1.25 205.873 
-0.9 1.3 147.859 
-0.9 1.35 142.134 
-0.9 1.4 102.335 
-0.9 1.45 99.5976 
-0.9 1.5 71.633 
-0.9 1.55 60.2704 
-0.9 1.6 54.1725 
-0.9 1.65 32.7082 
-0.9 1.7 33.1332 
-0.9 1.75 21.4641 
-0.9 1.8 17.6038 
-0.9 1.85 12.4979 
-0.9 1.9 9.62275 
-0.9 1.95 6.65137 
-0.9 2 4.83119 
-0.85 -2 0.000193559 
-0.85 -1.95 0.000306717 
-0.85 -1.9 0.000486005 
-0.85 -1.85 0.000770049 
-0.85 -1.8 0.00122001 
-0.85 -1.75 0.00193273 
-0.85 -1.7 0.00306146 
-0.85 -1.65 0.00484866 
-0.85 -1.6 0.00767779 
-0.85 -1.55 0.0121549 
-0.85 -1.5 0.0192371 
-0.85 -1.45 0.0304349 
-0.85 -1.4 0.0481287 
-0.85 -1.35 0.0760654 
-0.85 -1.3 0.120131 
-0.85 -1.25 0.189553 
-0.85 -1.2 0.298751 
-0.85 -1.15 0.470182 
-0.85 -1.1 0.738656 
-0.85 -1.05 1.15782 
-0.85 -1 1.80972 
-0.85 -0.95 2.81872 
-0.85 -0.9 4.371 
-0.85 -0.85 6.74106 
-0.85 -0.8 10.3257 
-0.85 -0.75 15.684 
-0.85 -0.7 23.5773 
-0.85 -0.65 34.9963 
-0.85 -0.6 51.1523 
-0.85 -0.55 73.3963 
-0.85 -0.5 103.028 
-0.85 -0.45 140.971 
-0.85 -0.4 187.351 
-0.85 -0.35 241.093 
-0.85 -0.3 299.78 
-0.85 -0.25 359.947 
-0.85 -0.2 417.806 
-0.85 -0.15 470.079 
-0.85 -0.1 514.57 
-0.85 -0.05 550.602 
-0.85 1.20737e-15 579.921 
-0.85 0.05 607.979 
-0.85 0.1 643.731 
-0.85 0.15 696.615 
-0.85 0.2 773.354 
-0.85 0.25 874.811 
-0.85 0.3 990.025 
-0.85 0.35 1095.37 
-0.85 0.4 1163.43 
-0.85 0.45 1170.15 
-0.85 0.5 1105.64 
-0.85 0.55 987.51 
-0.85 0.6 854.086 
-0.85 0.65 738.781 
-0.85 0.7 648.789 
-0.85 0.75 591.412 
-0.85 0.8 585.109 
-0.85 0.85 574.309 
-0.85 0.9 529.333 
-0.85 0.95 524.203 
-0.85 1 458.226 
-0.85 1.05 423.079 
-0.85 1.1 328.084 
-0.85 1.15 347.635 
-0.85 1.2 253.885 
-0.85 1.25 260.169 
-0.85 1.3 186.758 
-0.85 1.35 179.438 
-0.85 1.4 129.139 
-0.85 1.45 125.639 
-0.85 1.5 90.3289 
-0.85 1.55 75.9785 
-0.85 1.6 68.2752 
-0.85 1.65 41.212 
-0.85 1.7 41.7415 
-0.85 1.75 27.0361 
-0.85 1.8 22.1712 
-0.85 1.85 15.7389 
-0.85 1.9 12.1173 
-0.85 1.95 8.37509 
-0.85 2 6.08293 
-0.8 -2 0.000243678 
-0.8 -1.95 0.000386135 
-0.8 -1.9 0.000611848 
-0.8 -1.85 0.000969442 
-0.8 -1.8 0.00153592 
-0.8 -1.75 0.0024332 
-0.8 -1.7 0.00385421 
-0.8 -1.65 0.00610423 
-0.8 -1.6 0.00966602 
-0.8 -1.55 0.0153026 
-0.8 -1.5 0.0242191 
-0.8 -1.45 0.0383172 
-0.8 -1.4 0.0605944 
-0.8 -1.35 0.0957686 
-0.8 -1.3 0.151252 
-0.8 -1.25 0.238665 
-0.8 -1.2 0.376168 
-0.8 -1.15 0.592048 
-0.8 -1.1 0.930156 
-0.8 -1.05 1.45808 
-0.8 -1 2.27924 
-0.8 -0.95 3.55039 
-0.8 -0.9 5.50631 
-0.8 -0.85 8.49335 
-0.8 -0.8 13.0124 
-0.8 -0.75 19.7698 
-0.8 -0.7 29.7285 
-0.8 -0.65 44.1433 
-0.8 -0.6 64.5516 
-0.8 -0.55 92.6739 
-0.8 -0.5 130.175 
-0.8 -0.45 178.259 
-0.8 -0.4 237.128 
-0.8 -0.35 305.484 
-0.8 -0.3 380.324 
-0.8 -0.25 457.308 
-0.8 -0.2 531.66 
-0.8 -0.15 599.21 
-0.8 -0.1 657.122 
-0.8 -0.05 704.458 
-0.8 1.20737e-15 743.347 
-0.8 0.05 780.667 
-0.8 0.1 827.816 
-0.8 0.15 896.848 
-0.8 0.2 996.308 
-0.8 0.25 1127.13 
-0.8 0.3 1274.93 
-0.8 0.35 1409.08 
-0.8 0.4 1494.33 
-0.8 0.45 1500.17 
-0.8 0.5 1414.69 
-0.8 0.55 1261.17 
-0.8 0.6 1088.98 
-0.8 0.65 940.729 
-0.8 0.7 825.36 
-0.8 0.75 751.904 
-0.8 0.8 743.594 
-0.8 0.85 729.645 
-0.8 0.9 672.26 
-0.8 0.95 665.357 
-0.8 1 581.203 
-0.8 1.05 536.226 
-0.8 1.1 415.562 
-0.8 1.15 440.029 
-0.8 1.2 321.189 
-0.8 1.25 328.935 
-0.8 1.3 235.984 
-0.8 1.35 226.608 
-0.8 1.4 163.01 
-0.8 1.45 158.527 
-0.8 1.5 113.927 
-0.8 1.55 95.7959 
-0.8 1.6 86.0606 
-0.8 1.65 51.9321 
-0.8 1.7 52.5908 
-0.8 1.75 34.0567 
-0.8 1.8 27.9249 
-0.8 1.85 19.8211 
-0.8 1.9 15.2589 
-0.8 1.95 10.5457 
-0.8 2 7.65912 
-0.75 -2 0.000306774 
-0.75 -1.95 0.000486119 
-0.75 -1.9 0.000770276 
-0.75 -1.85 0.00122047 
-0.75 -1.8 0.00193363 
-0.75 -1.75 0.00306326 
-0.75 -1.7 0.00485225 
-0.75 -1.65 0.00768495 
-0.75 -1.6 0.0121692 
-0.75 -1.55 0.0192655 
-0.75 -1.5 0.0304915 
-0.75 -1.45 0.0482414 
-0.75 -1.4 0.0762895 
-0.75 -1.35 0.120577 
-0.75 -1.3 0.190438 
-0.75 -1.25 0.300505 
-0.75 -1.2 0.473655 
-0.75 -1.15 0.745517 
-0.75 -1.1 1.17134 
-0.75 -1.05 1.83629 
-0.75 -1 2.87072 
-0.75 -0.95 4.47226 
-0.75 -0.9 6.93706 
-0.75 -0.85 10.7022 
-0.75 -0.8 16.4002 
-0.75 -0.75 24.9239 
-0.75 -0.7 37.4916 
-0.75 -0.65 55.6941 
-0.75 -0.6 81.4846 
-0.75 -0.55 117.057 
-0.75 -0.5 164.548 
-0.75 -0.45 225.53 
-0.75 -0.4 300.327 
-0.75 -0.35 387.378 
-0.75 -0.3 482.967 
-0.75 -0.25 581.662 
-0.75 -0.2 677.445 
-0.75 -0.15 765.011 
-0.75 -0.1 840.69 
-0.75 -0.05 903.176 
-0.75 1.20737e-15 955.053 
-0.75 0.05 1004.99 
-0.75 0.1 1067.52 
-0.75 0.15 1158.06 
-0.75 0.2 1287.46 
-0.75 0.25 1456.66 
-0.75 0.3 1646.71 
-0.75 0.35 1817.71 
-0.75 0.4 1924.26 
-0.75 0.45 1927.7 
-0.75 0.5 1813.8 
-0.75 0.55 1613.53 
-0.75 0.6 1390.65 
-0.75 0.65 1199.55 
-0.75 0.7 1051.33 
-0.75 0.75 957.1 
-0.75 0.8 946.092 
-0.75 0.85 928.025 
-0.75 0.9 854.69 
-0.75 0.95 845.356 
-0.75 1 737.85 
-0.75 1.05 680.186 
-0.75 1.1 526.752 
-0.75 1.15 557.342 
-0.75 1.2 406.574 
-0.75 1.25 416.087 
-0.75 1.3 298.316 
-0.75 1.35 286.284 
-0.75 1.4 205.83 
-0.75 1.45 200.078 
-0.75 1.5 143.72 
-0.75 1.55 120.804 
-0.75 1.6 108.495 
-0.75 1.65 65.448 
-0.75 1.7 66.266 
-0.75 1.75 42.9035 
-0.75 1.8 35.1738 
-0.75 1.85 24.9631 
-0.75 1.9 19.2157 
-0.75 1.95 13.2793 
-0.75 2 9.64391 
-0.7 -2 0.000386207 
-0.7 -1.95 0.000611991 
-0.7 -1.9 0.000969728 
-0.7 -1.85 0.00153649 
-0.7 -1.8 0.00243433 
-0.7 -1.75 0.00385648 
-0.7 -1.7 0.00610875 
-0.7 -1.65 0.00967503 
-0.7 -1.6 0.0153206 
-0.7 -1.55 0.0242549 
-0.7 -1.5 0.0383885 
-0.7 -1.45 0.0607363 
-0.7 -1.4 0.0960508 
-0.7 -1.35 0.151813 
-0.7 -1.3 0.239778 
-0.7 -1.25 0.378376 
-0.7 -1.2 0.59642 
-0.7 -1.15 0.938796 
-0.7 -1.1 1.47511 
-0.7 -1.05 2.31271 
-0.7 -1 3.61589 
-0.7 -0.95 5.63389 
-0.7 -0.9 8.74033 
-0.7 -0.85 13.4869 
-0.7 -0.8 20.6729 
-0.7 -0.75 31.427 
-0.7 -0.7 47.2921 
-0.7 -0.65 70.2861 
-0.7 -0.6 102.893 
-0.7 -0.55 147.915 
-0.7 -0.5 208.1 
-0.7 -0.45 285.509 
-0.7 -0.4 380.649 
-0.7 -0.35 491.663 
-0.7 -0.3 613.965 
-0.7 -0.25 740.775 
-0.7 -0.2 864.509 
-0.7 -0.15 978.418 
-0.7 -0.1 1077.75 
-0.7 -0.05 1160.68 
-0.7 1.20737e-15 1230.31 
-0.7 0.05 1297.59 
-0.7 0.1 1381.04 
-0.7 0.15 1500.41 
-0.7 0.2 1669.51 
-0.7 0.25 1889.12 
-0.7 0.3 2134.1 
-0.7 0.35 2352.31 
-0.7 0.4 2485.1 
-0.7 0.45 2483.5 
-0.7 0.5 2330.83 
-0.7 0.55 2068.46 
-0.7 0.6 1779 
-0.7 0.65 1531.99 
-0.7 0.7 1341.09 
-0.7 0.75 1219.94 
-0.7 0.8 1205.29 
-0.7 0.85 1181.81 
-0.7 0.9 1087.92 
-0.7 0.95 1075.24 
-0.7 1 937.665 
-0.7 1.05 863.575 
-0.7 1.1 668.244 
-0.7 1.15 706.441 
-0.7 1.2 514.996 
-0.7 1.25 526.63 
-0.7 1.3 377.3 
-0.7 1.35 361.826 
-0.7 1.4 259.99 
-0.7 1.45 252.594 
-0.7 1.5 181.35 
-0.7 1.55 152.371 
-0.7 1.6 136.8 
-0.7 1.65 82.4918 
-0.7 1.7 83.5059 
-0.7 1.75 54.0527 
-0.7 1.8 44.3071 
-0.7 1.85 31.4406 
-0.7 1.9 24.1993 
-0.7 1.95 16.7219 
-0.7 2 12.1433 
-0.65 -2 0.000486209 
-0.65 -1.95 0.000770457 
-0.65 -1.9 0.00122083 
-0.65 -1.85 0.00193435 
-0.65 -1.8 0.00306469 
-0.65 -1.75 0.00485511 
-0.65 -1.7 0.00769064 
-0.65 -1.65 0.0121805 
-0.65 -1.6 0.0192882 
-0.65 -1.55 0.0305365 
-0.65 -1.5 0.0483311 
-0.65 -1.45 0.0764681 
-0.65 -1.4 0.120932 
-0.65 -1.35 0.191144 
-0.65 -1.3 0.301907 
-0.65 -1.25 0.476436 
-0.65 -1.2 0.751023 
-0.65 -1.15 1.18222 
-0.65 -1.1 1.85774 
-0.65 -1.05 2.91287 
-0.65 -1 4.55478 
-0.65 -0.95 7.09781 
-0.65 -0.9 11.0135 
-0.65 -0.85 16.9984 
-0.65 -0.8 26.0627 
-0.65 -0.75 39.6344 
-0.65 -0.7 59.6687 
-0.65 -0.65 88.7274 
-0.65 -0.6 129.974 
-0.65 -0.55 186.991 
-0.65 -0.5 263.326 
-0.65 -0.45 361.683 
-0.65 -0.4 482.851 
-0.65 -0.35 624.644 
-0.65 -0.3 781.431 
-0.65 -0.25 944.764 
-0.65 -0.2 1105.1 
-0.65 -0.15 1253.86 
-0.65 -0.1 1384.87 
-0.65 -0.05 1495.58 
-0.65 1.20737e-15 1589.7 
-0.65 0.05 1681.01 
-0.65 0.1 1793.18 
-0.65 0.15 1951.52 
-0.65 0.2 2173.59 
-0.65 0.25 2459.76 
-0.65 0.3 2776.44 
-0.65 0.35 3055.16 
-0.65 0.4 3219.98 
-0.65 0.45 3208.94 
-0.65 0.5 3002.92 
-0.65 0.55 2657.6 
-0.65 0.6 2280.29 
-0.65 0.65 1960 
-0.65 0.7 1713.46 
-0.65 0.75 1557.31 
-0.65 0.8 1537.71 
-0.65 0.85 1507.09 
-0.65 0.9 1386.66 
-0.65 0.95 1369.33 
-0.65 1 1192.94 
-0.65 1.05 1097.52 
-0.65 1.1 848.524 
-0.65 1.15 896.149 
-0.65 1.2 652.81 
-0.65 1.25 666.961 
-0.65 1.3 477.458 
-0.65 1.35 457.512 
-0.65 1.4 328.531 
-0.65 1.45 319 
-0.65 1.5 228.894 
-0.65 1.55 192.229 
-0.65 1.6 172.521 
-0.65 1.65 103.989 
-0.65 1.7 105.243 
-0.65 1.75 68.105 
-0.65 1.8 55.8158 
-0.65 1.85 39.6008 
-0.65 1.9 30.4767 
-0.65 1.95 21.0576 
-0.65 2 15.2907 
-0.6 -2 0.000612105 
-0.6 -1.95 0.000969956 
-0.6 -1.9 0.00153695 
-0.6 -1.85 0.00243524 
-0.6 -1.8 0.00385828 
-0.6 -1.75 0.00611235 
-0.6 -1.7 0.0096822 
-0.6 -1.65 0.0153349 
-0.6 -1.6 0.0242834 
-0.6 -1.55 0.0384452 
-0.6 -1.5 0.0608493 
-0.6 -1.45 0.0962757 
-0.6 -1.4 0.15226 
-0.6 -1.35 0.240667 
-0.6 -1.3 0.380142 
-0.6 -1.25 0.599922 
-0.6 -1.2 0.94573 
-0.6 -1.15 1.48882 
-0.6 -1.1 2.33972 
-0.6 -1.05 3.66899 
-0.6 -1 5.73786 
-0.6 -0.95 8.94291 
-0.6 -0.9 13.8793 
-0.6 -0.85 21.4271 
-0.6 -0.8 32.8634 
-0.6 -0.75 49.9962 
-0.6 -0.7 75.3045 
-0.6 -0.65 112.045 
-0.6 -0.6 164.249 
-0.6 -0.55 236.511 
-0.6 -0.5 333.413 
-0.6 -0.45 458.53 
-0.6 -0.4 613.058 
-0.6 -0.35 794.479 
-0.6 -0.3 995.915 
-0.6 -0.25 1206.87 
-0.6 -0.2 1415.37 
-0.6 -0.15 1610.48 
-0.6 -0.1 1784.2 
-0.6 -0.05 1932.98 
-0.6 1.20737e-15 2061.17 
-0.6 0.05 2186.11 
-0.6 0.1 2338.07 
-0.6 0.15 2549.55 
-0.6 0.2 2842.85 
-0.6 0.25 3217.44 
-0.6 0.3 3628.08 
-0.6 0.35 3984.39 
-0.6 0.4 4187.77 
-0.6 0.45 4159.99 
-0.6 0.5 3880.01 
-0.6 0.55 3423.15 
-0.6 0.6 2929.3 
-0.6 0.65 2512.52 
-0.6 0.7 2193.17 
-0.6 0.75 1991.34 
-0.6 0.8 1964.98 
-0.6 0.85 1924.9 
-0.6 0.9 1770.06 
-0.6 0.95 1746.27 
-0.6 1 1519.62 
-0.6 1.05 1396.41 
-0.6 1.1 1078.55 
-0.6 1.15 1137.82 
-0.6 1.2 828.181 
-0.6 1.25 845.281 
-0.6 1.3 604.575 
-0.6 1.35 578.8 
-0.6 1.4 415.325 
-0.6 1.45 403.013 
-0.6 1.5 288.989 
-0.6 1.55 242.574 
-0.6 1.6 217.613 
-0.6 1.65 131.108 
-0.6 1.7 132.655 
-0.6 1.75 85.8191 
-0.6 1.8 70.3193 
-0.6 1.85 49.8819 
-0.6 1.9 38.3843 
-0.6 1.95 26.5183 
-0.6 2 19.2544 
-0.55 -2 0.0007706 
-0.55 -1.95 0.00122111 
-0.55 -1.9 0.00193492 
-0.55 -1.85 0.00306583 
-0.55 -1.8 0.00485738 
-0.55 -1.75 0.00769517 
-0.55 -1.7 0.0121895 
-0.55 -1.65 0.0193062 
-0.55 -1.6 0.0305724 
-0.55 -1.55 0.0484025 
-0.55 -1.5 0.0766104 
-0.55 -1.45 0.121215 
-0.55 -1.4 0.191707 
-0.55 -1.35 0.303027 
-0.55 -1.3 0.478659 
-0.55 -1.25 0.755433 
-0.55 -1.2 1.19095 
-0.55 -1.15 1.875 
-0.55 -1.1 2.9469 
-0.55 -1.05 4.62167 
-0.55 -1 7.22881 
-0.55 -0.95 11.2688 
-0.55 -0.9 17.493 
-0.55 -0.85 27.0138 
-0.55 -0.8 41.4466 
-0.55 -0.75 63.082 
-0.55 -0.7 95.0662 
-0.55 -0.65 141.542 
-0.55 -0.6 207.659 
-0.55 -0.55 299.314 
-0.55 -0.5 422.449 
-0.55 -0.45 581.802 
-0.55 -0.4 779.184 
-0.55 -0.35 1011.76 
-0.55 -0.3 1271.19 
-0.55 -0.25 1544.5 
-0.55 -0.2 1816.67 
-0.55 -0.15 2073.83 
-0.55 -0.1 2305.58 
-0.55 -0.05 2506.96 
-0.55 1.20737e-15 2683 
-0.55 0.05 2855.51 
-0.55 0.1 3063.22 
-0.55 0.15 3347.93 
-0.55 0.2 3737.84 
-0.55 0.25 4230.66 
-0.55 0.3 4764.92 
-0.55 0.35 5220.64 
-0.55 0.4 5469.49 
-0.55 0.45 5413.03 
-0.55 0.5 5029.55 
-0.55 0.55 4421.67 
-0.55 0.6 3772.32 
-0.55 0.65 3227.89 
-0.55 0.7 2812.83 
-0.55 0.75 2551.16 
-0.55 0.8 2515.5 
-0.55 0.85 2462.8 
-0.55 0.9 2263.25 
-0.55 0.95 2230.4 
-0.55 1 1938.49 
-0.55 1.05 1778.94 
-0.55 1.1 1372.51 
-0.55 1.15 1446.11 
-0.55 1.2 1051.62 
-0.55 1.25 1072.11 
-0.55 1.3 766.059 
-0.55 1.35 732.659 
-0.55 1.4 525.305 
-0.55 1.45 509.36 
-0.55 1.5 364.985 
-0.55 1.55 306.188 
-0.55 1.6 274.553 
-0.55 1.65 165.329 
-0.55 1.7 167.231 
-0.55 1.75 108.152 
-0.55 1.8 88.5989 
-0.55 1.85 62.8362 
-0.55 1.9 48.3458 
-0.55 1.95 33.3963 
-0.55 2 24.2463 
-0.5 -2 0.000970136 
-0.5 -1.95 0.00153731 
-0.5 -1.9 0.00243596 
-0.5 -1.85 0.00385971 
-0.5 -1.8 0.0061152 
-0.5 -1.75 0.0096879 
-0.5 -1.7 0.0153462 
-0.5 -1.65 0.024306 
-0.5 -1.6 0.0384904 
-0.5 -1.55 0.0609392 
-0.5 -1.5 0.0964548 
-0.5 -1.45 0.152617 
-0.5 -1.4 0.241377 
-0.5 -1.35 0.381551 
-0.5 -1.3 0.602721 
-0.5 -1.25 0.951283 
-0.5 -1.2 1.49981 
-0.5 -1.15 2.36146 
-0.5 -1.1 3.71186 
-0.5 -1.05 5.82214 
-0.5 -1 9.10799 
-0.5 -0.95 14.2011 
-0.5 -0.9 22.0507 
-0.5 -0.85 34.0631 
-0.5 -0.8 52.2831 
-0.5 -0.75 79.6145 
-0.5 -0.7 120.054 
-0.5 -0.65 178.88 
-0.5 -0.6 262.677 
-0.5 -0.55 379.034 
-0.5 -0.5 535.678 
-0.5 -0.45 738.918 
-0.5 -0.4 991.474 
-0.5 -0.35 1290.28 
-0.5 -0.3 1625.31 
-0.5 -0.25 1980.61 
-0.5 -0.2 2337.43 
-0.5 -0.15 2678.22 
-0.5 -0.1 2989.44 
-0.5 -0.05 3264.21 
-0.5 1.20737e-15 3508.2 
-0.5 0.05 3748.77 
-0.5 0.1 4035.56 
-0.5 0.15 4422.3 
-0.5 0.2 4944.53 
-0.5 0.25 5596.63 
-0.5 0.3 6294.24 
-0.5 0.35 6877.08 
-0.5 0.4 7177.74 
-0.5 0.45 7073.09 
-0.5 0.5 6543.39 
-0.5 0.55 5729.47 
-0.5 0.6 4871.37 
-0.5 0.65 4157.14 
-0.5 0.7 3615.7 
-0.5 0.75 3275.27 
-0.5 0.8 3226.74 
-0.5 0.85 3157.12 
-0.5 0.9 2899.26 
-0.5 0.95 2853.64 
-0.5 1 2476.68 
-0.5 1.05 2269.41 
-0.5 1.1 1748.82 
-0.5 1.15 1839.97 
-0.5 1.2 1336.71 
-0.5 1.25 1360.99 
-0.5 1.3 971.414 
-0.5 1.35 928.006 
-0.5 1.4 664.772 
-0.5 1.45 644.061 
-0.5 1.5 461.137 
-0.5 1.55 386.603 
-0.5 1.6 346.477 
-0.5 1.65 208.521 
-0.5 1.7 210.852 
-0.5 1.75 136.314 
-0.5 1.8 111.641 
-0.5 1.85 79.1604 
-0.5 1.9 60.896 
-0.5 1.95 42.06 
-0.5 2 30.5334 
-0.45 -2 0.00122134 
-0.45 -1.95 0.00193538 
-0.45 -1.9 0.00306673 
-0.45 -1.85 0.00485918 
-0.45 -1.8 0.00769877 
-0.45 -1.75 0.0121967 
-0.45 -1.7 0.0193205 
-0.45 -1.65 0.0306009 
-0.45 -1.6 0.0484594 
-0.45 -1.55 0.0767236 
-0.45 -1.5 0.121441 
-0.45 -1.45 0.192156 
-0.45 -1.4 0.30392 
-0.45 -1.35 0.480434 
-0.45 -1.3 0.758959 
-0.45 -1.25 1.19795 
-0.45 -1.2 1.88885 
-0.45 -1.15 2.97429 
-0.45 -1.1 4.67568 
-0.45 -1.05 7.33501 
-0.45 -1 11.4768 
-0.45 -0.95 17.8987 
-0.45 -0.9 27.8003 
-0.45 -0.85 42.9603 
-0.45 -0.8 65.9688 
-0.45 -0.75 100.51 
-0.45 -0.7 151.667 
-0.45 -0.65 226.172 
-0.45 -0.6 332.464 
-0.45 -0.55 480.328 
-0.45 -0.5 679.849 
-0.45 -0.45 939.465 
-0.45 -0.4 1263.24 
-0.45 -0.35 1648.06 
-0.45 -0.3 2082.05 
-0.45 -0.25 2545.71 
-0.45 -0.2 3015.77 
-0.45 -0.15 3470.08 
-0.45 -0.1 3891.13 
-0.45 -0.05 4269.34 
-0.45 1.20737e-15 4610.92 
-0.45 0.05 4950.14 
-0.45 0.1 5350.58 
-0.45 0.15 5881.35 
-0.45 0.2 6586.8 
-0.45 0.25 7455.27 
-0.45 0.3 8369.6 
-0.45 0.35 9114.24 
-0.45 0.4 9470.51 
-0.45 0.45 9285.81 
-0.45 0.5 8547.5 
-0.45 0.55 7450.19 
-0.45 0.6 6309.97 
-0.45 0.65 5368.58 
-0.45 0.7 4659.38 
-0.45 0.75 4214.82 
-0.45 0.8 4148.34 
-0.45 0.85 4055.9 
-0.45 0.9 3721.68 
-0.45 0.95 3657.98 
-0.45 1 3169.8 
-0.45 1.05 2899.6 
-0.45 1.1 2231.48 
-0.45 1.15 2343.96 
-0.45 1.2 1701 
-0.45 1.25 1729.37 
-0.45 1.3 1232.86 
-0.45 1.35 1176.26 
-0.45 1.4 841.774 
-0.45 1.45 814.792 
-0.45 1.5 582.861 
-0.45 1.55 488.301 
-0.45 1.6 437.363 
-0.45 1.65 263.054 
-0.45 1.7 265.896 
-0.45 1.75 171.831 
-0.45 1.8 140.69 
-0.45 1.85 99.7332 
-0.45 1.9 76.7087 
-0.45 1.95 52.9737 
-0.45 2 38.4519 
-0.4 -2 0.00153759 
-0.4 -1.95 0.00243653 
-0.4 -1.9 0.00386085 
-0.4 -1.85 0.00611748 
-0.4 -1.8 0.00969243 
-0.4 -1.75 0.0153552 
-0.4 -1.7 0.024324 
-0.4 -1.65 0.0385263 
-0.4 -1.6 0.0610108 
-0.4 -1.55 0.0965973 
-0.4 -1.5 0.152901 
-0.4 -1.45 0.241942 
-0.4 -1.4 0.382676 
-0.4 -1.35 0.604957 
-0.4 -1.3 0.955723 
-0.4 -1.25 1.50862 
-0.4 -1.2 2.37891 
-0.4 -1.15 3.74636 
-0.4 -1.1 5.89019 
-0.4 -1.05 9.24182 
-0.4 -1 14.4634 
-0.4 -0.95 22.5623 
-0.4 -0.9 35.0551 
-0.4 -0.85 54.1933 
-0.4 -0.8 83.2598 
-0.4 -0.75 126.934 
-0.4 -0.7 191.686 
-0.4 -0.65 286.118 
-0.4 -0.6 421.063 
-0.4 -0.55 609.176 
-0.4 -0.5 863.662 
-0.4 -0.45 1195.86 
-0.4 -0.4 1611.84 
-0.4 -0.35 2108.77 
-0.4 -0.3 2672.84 
-0.4 -0.25 3280.48 
-0.4 -0.2 3903.05 
-0.4 -0.15 4512.75 
-0.4 -0.1 5087.03 
-0.4 -0.05 5612.71 
-0.4 1.20737e-15 6096.25 
-0.4 0.05 6580.42 
-0.4 0.1 7146.69 
-0.4 0.15 7883.7 
-0.4 0.2 8846.01 
-0.4 0.25 10011 
-0.4 0.3 11213.9 
-0.4 0.35 12162.7 
-0.4 0.4 12571.8 
-0.4 0.45 12254.9 
-0.4 0.5 11215.9 
-0.4 0.55 9725.47 
-0.4 0.6 8201.29 
-0.4 0.65 6954.11 
-0.4 0.7 6021.04 
-0.4 0.75 5438.09 
-0.4 0.8 5346.4 
-0.4 0.85 5222.98 
-0.4 0.9 4788.4 
-0.4 0.95 4698.92 
-0.4 1 4064.7 
-0.4 1.05 3711.11 
-0.4 1.1 2851.86 
-0.4 1.15 2990.04 
-0.4 1.2 2167.28 
-0.4 1.25 2199.77 
-0.4 1.3 1566.13 
-0.4 1.35 1492.08 
-0.4 1.4 1066.62 
-0.4 1.45 1031.35 
-0.4 1.5 737.05 
-0.4 1.55 616.981 
-0.4 1.6 552.256 
-0.4 1.65 331.926 
-0.4 1.7 335.375 
-0.4 1.75 216.634 
-0.4 1.8 177.318 
-0.4 1.85 125.663 
-0.4 1.9 96.634 
-0.4 1.95 66.7225 
-0.4 2 48.4259 
-0.35 -2 0.00193574 
-0.35 -1.95 0.00306745 
-0.35 -1.9 0.00486062 
-0.35 -1.85 0.00770163 
-0.35 -1.8 0.0122024 
-0.35 -1.75 0.0193318 
-0.35 -1.7 0.0306236 
-0.35 -1.65 0.0485046 
-0.35 -1.6 0.0768137 
-0.35 -1.55 0.12162 
-0.35 -1.5 0.192513 
-0.35 -1.45 0.304632 
-0.35 -1.4 0.48185 
-0.35 -1.35 0.761774 
-0.35 -1.3 1.20354 
-0.35 -1.25 1.89995 
-0.35 -1.2 2.99626 
-0.35 -1.15 4.71914 
-0.35 -1.1 7.42075 
-0.35 -1.05 11.6455 
-0.35 -1 18.2293 
-0.35 -0.95 28.4454 
-0.35 -0.9 44.2119 
-0.35 -0.85 68.3801 
-0.35 -0.8 105.115 
-0.35 -0.75 160.364 
-0.35 -0.7 242.378 
-0.35 -0.65 362.163 
-0.35 -0.6 533.658 
-0.35 -0.55 773.275 
-0.35 -0.5 1098.37 
-0.35 -0.45 1524.27 
-0.35 -0.4 2059.98 
-0.35 -0.35 2703.6 
-0.35 -0.3 3439.5 
-0.35 -0.25 4239.6 
-0.35 -0.2 5069.03 
-0.35 -0.15 5893.32 
-0.35 -0.1 6683.68 
-0.35 -0.05 7422.14 
-0.35 1.20737e-15 8115.01 
-0.35 0.05 8815.46 
-0.35 0.1 9627.65 
-0.35 0.15 10664.8 
-0.35 0.2 11992.2 
-0.35 0.25 13567.3 
-0.35 0.3 15155.1 
-0.35 0.35 16357.5 
-0.35 0.4 16802.3 
-0.35 0.45 16267.6 
-0.35 0.5 14790.6 
-0.35 0.55 12750.1 
-0.35 0.6 10699.6 
-0.35 0.65 9038.11 
-0.35 0.7 7804.57 
-0.35 0.75 7036.72 
-0.35 0.8 6909.36 
-0.35 0.85 6743.59 
-0.35 0.9 6176.52 
-0.35 0.95 6050.06 
-0.35 1 5223.33 
-0.35 1.05 4758.7 
-0.35 1.1 3651.09 
-0.35 1.15 3819.85 
-0.35 1.2 2765.2 
-0.35 1.25 2801.37 
-0.35 1.3 1991.54 
-0.35 1.35 1894.29 
-0.35 1.4 1352.52 
-0.35 1.45 1306.26 
-0.35 1.5 932.497 
-0.35 1.55 779.891 
-0.35 1.6 697.563 
-0.35 1.65 418.94 
-0.35 1.7 423.096 
-0.35 1.75 273.163 
-0.35 1.8 223.509 
-0.35 1.85 158.351 
-0.35 1.9 121.744 
-0.35 1.95 84.0444 
-0.35 2 60.9896 
-0.3 -2 0.00243698 
-0.3 -1.95 0.00386176 
-0.3 -1.9 0.00611928 
-0.3 -1.85 0.00969603 
-0.3 -1.8 0.0153624 
-0.3 -1.75 0.0243383 
-0.3 -1.7 0.0385548 
-0.3 -1.65 0.0610677 
-0.3 -1.6 0.0967107 
-0.3 -1.55 0.153127 
-0.3 -1.5 0.242392 
-0.3 -1.45 0.383572 
-0.3 -1.4 0.60674 
-0.3 -1.35 0.959268 
-0.3 -1.3 1.51566 
-0.3 -1.25 2.39288 
-0.3 -1.2 3.77404 
-0.3 -1.15 5.94494 
-0.3 -1.1 9.34987 
-0.3 -1.05 14.676 
-0.3 -1 22.9792 
-0.3 -0.95 35.8689 
-0.3 -0.9 55.7728 
-0.3 -0.85 86.3047 
-0.3 -0.8 132.752 
-0.3 -0.75 202.687 
-0.3 -0.7 306.639 
-0.3 -0.65 458.721 
-0.3 -0.6 676.908 
-0.3 -0.55 982.554 
-0.3 -0.5 1398.56 
-0.3 -0.45 1945.76 
-0.3 -0.4 2637.5 
-0.3 -0.35 3473.87 
-0.3 -0.3 4437.92 
-0.3 -0.25 5496.94 
-0.3 -0.2 6609.22 
-0.3 -0.15 7732.68 
-0.3 -0.1 8831.2 
-0.3 -0.05 9880.73 
-0.3 1.20737e-15 10886.9 
-0.3 0.05 11915.3 
-0.3 0.1 13098.9 
-0.3 0.15 14580.6 
-0.3 0.2 16434.6 
-0.3 0.25 18582.4 
-0.3 0.3 20683.4 
-0.3 0.35 22191.6 
-0.3 0.4 22625.4 
-0.3 0.45 21732 
-0.3 0.5 19610.3 
-0.3 0.55 16793.6 
-0.3 0.6 14016.1 
-0.3 0.65 11789.8 
-0.3 0.7 10150.6 
-0.3 0.75 9134.32 
-0.3 0.8 8956.11 
-0.3 0.85 8732.05 
-0.3 0.9 7989.32 
-0.3 0.95 7809.49 
-0.3 1 6727.84 
-0.3 1.05 6114.57 
-0.3 1.1 4683.31 
-0.3 1.15 4887.86 
-0.3 1.2 3533.48 
-0.3 1.25 3572.03 
-0.3 1.3 2535.4 
-0.3 1.35 2407.18 
-0.3 1.4 1716.45 
-0.3 1.45 1655.54 
-0.3 1.5 1180.42 
-0.3 1.55 986.26 
-0.3 1.6 881.422 
-0.3 1.65 528.915 
-0.3 1.7 533.884 
-0.3 1.75 344.505 
-0.3 1.8 281.774 
-0.3 1.85 199.561 
-0.3 1.9 153.391 
-0.3 1.95 105.87 
-0.3 2 76.8163 
-0.25 -2 0.00306802 
-0.25 -1.95 0.00486176 
-0.25 -1.9 0.0077039 
-0.25 -1.85 0.0122069 
-0.25 -1.8 0.0193409 
-0.25 -1.75 0.0306416 
-0.25 -1.7 0.0485405 
-0.25 -1.65 0.0768853 
-0.25 -1.6 0.121763 
-0.25 -1.55 0.192798 
-0.25 -1.5 0.305198 
-0.25 -1.45 0.482978 
-0.25 -1.4 0.764019 
-0.25 -1.35 1.208 
-0.25 -1.3 1.90882 
-0.25 -1.25 3.01387 
-0.25 -1.2 4.75402 
-0.25 -1.15 7.48975 
-0.25 -1.1 11.7817 
-0.25 -1.05 18.4974 
-0.25 -1 28.9711 
-0.25 -0.95 45.2386 
-0.25 -0.9 70.3741 
-0.25 -0.85 108.961 
-0.25 -0.8 167.721 
-0.25 -0.75 256.3 
-0.25 -0.7 388.166 
-0.25 -0.65 581.448 
-0.25 -0.6 859.387 
-0.25 -0.55 1249.86 
-0.25 -0.5 1783.22 
-0.25 -0.45 2487.91 
-0.25 -0.4 3383.75 
-0.25 -0.35 4474.56 
-0.25 -0.3 5743.28 
-0.25 -0.25 7153.07 
-0.25 -0.2 8655.35 
-0.25 -0.15 10200.2 
-0.25 -0.1 11743.5 
-0.25 -0.05 13254.2 
-0.25 1.20737e-15 14736.5 
-0.25 0.05 16271.3 
-0.25 0.1 18026.6 
-0.25 0.15 20179.8 
-0.25 0.2 22805.4 
-0.25 0.25 25759.4 
-0.25 0.3 28540 
-0.25 0.35 30396.3 
-0.25 0.4 30714.9 
-0.25 0.45 29230.2 
-0.25 0.5 26150.9 
-0.25 0.55 22230 
-0.25 0.6 18441.9 
-0.25 0.65 15440.3 
-0.25 0.7 13250.4 
-0.25 0.75 11898.4 
-0.25 0.8 11647.2 
-0.25 0.85 11342.3 
-0.25 0.9 10365.6 
-0.25 0.95 10108.4 
-0.25 1 8687.68 
-0.25 1.05 7874.38 
-0.25 1.1 6020.08 
-0.25 1.15 6265.49 
-0.25 1.2 4522.78 
-0.25 1.25 4560.99 
-0.25 1.3 3231.8 
-0.25 1.35 3062.03 
-0.25 1.4 2180.25 
-0.25 1.45 2099.74 
-0.25 1.5 1495.17 
-0.25 1.55 1247.85 
-0.25 1.6 1114.18 
-0.25 1.65 667.97 
-0.25 1.7 673.85 
-0.25 1.75 434.563 
-0.25 1.8 355.28 
-0.25 1.85 251.526 
-0.25 1.9 193.282 
-0.25 1.95 133.372 
-0.25 2 96.7549 
-0.2 -2 0.00386248 
-0.2 -1.95 0.00612072 
-0.2 -1.9 0.00969889 
-0.2 -1.85 0.0153681 
-0.2 -1.8 0.0243497 
-0.2 -1.75 0.0385775 
-0.2 -1.7 0.0611129 
-0.2 -1.65 0.096801 
-0.2 -1.6 0.153307 
-0.2 -1.55 0.24275 
-0.2 -1.5 0.384286 
-0.2 -1.45 0.608161 
-0.2 -1.4 0.962096 
-0.2 -1.35 1.52129 
-0.2 -1.3 2.40406 
-0.2 -1.25 3.79621 
-0.2 -1.2 5.98889 
-0.2 -1.15 9.43681 
-0.2 -1.1 14.8476 
-0.2 -1.05 23.3171 
-0.2 -1 36.532 
-0.2 -0.95 57.0685 
-0.2 -0.9 88.8226 
-0.2 -0.85 137.613 
-0.2 -0.8 211.992 
-0.2 -0.75 324.269 
-0.2 -0.7 491.695 
-0.2 -0.65 737.612 
-0.2 -0.6 1092.16 
-0.2 -0.55 1591.85 
-0.2 -0.5 2277.12 
-0.2 -0.45 3186.99 
-0.2 -0.4 4350.89 
-0.2 -0.35 5779.28 
-0.2 -0.3 7457.31 
-0.2 -0.25 9345.79 
-0.2 -0.2 11390.7 
-0.2 -0.15 13535.5 
-0.2 -0.1 15729 
-0.2 -0.05 17933.2 
-0.2 1.20737e-15 20151.3 
-0.2 0.05 22482.5 
-0.2 0.1 25135.9 
-0.2 0.15 28323.4 
-0.2 0.2 32097.4 
-0.2 0.25 36191.4 
-0.2 0.3 39856.6 
-0.2 0.35 42062.1 
-0.2 0.4 42051.3 
-0.2 0.45 39592.1 
-0.2 0.5 35080.9 
-0.2 0.55 29579.4 
-0.2 0.6 24377.9 
-0.2 0.65 20306.8 
-0.2 0.7 17364.9 
-0.2 0.75 15557 
-0.2 0.8 15200.1 
-0.2 0.85 14782.4 
-0.2 0.9 13492.9 
-0.2 0.95 13122.6 
-0.2 1 11249.1 
-0.2 1.05 10165.1 
-0.2 1.1 7756.23 
-0.2 1.15 8046.58 
-0.2 1.2 5799.66 
-0.2 1.25 5832.45 
-0.2 1.3 4125.1 
-0.2 1.35 3899.31 
-0.2 1.4 2772.07 
-0.2 1.45 2665.23 
-0.2 1.5 1895.1 
-0.2 1.55 1579.67 
-0.2 1.6 1409.01 
-0.2 1.65 843.874 
-0.2 1.7 850.74 
-0.2 1.75 548.282 
-0.2 1.8 448.035 
-0.2 1.85 317.063 
-0.2 1.9 243.57 
-0.2 1.95 168.03 
-0.2 2 121.876 
-0.15 -2 0.00486266 
-0.15 -1.95 0.0077057 
-0.15 -1.9 0.0122105 
-0.15 -1.85 0.0193481 
-0.15 -1.8 0.0306559 
-0.15 -1.75 0.0485691 
-0.15 -1.7 0.0769423 
-0.15 -1.65 0.121877 
-0.15 -1.6 0.193024 
-0.15 -1.55 0.305649 
-0.15 -1.5 0.483877 
-0.15 -1.45 0.765808 
-0.15 -1.4 1.21156 
-0.15 -1.35 1.9159 
-0.15 -1.3 3.02794 
-0.15 -1.25 4.78195 
-0.15 -1.2 7.54512 
-0.15 -1.15 11.8912 
-0.15 -1.1 18.7138 
-0.15 -1.05 29.3974 
-0.15 -1 46.0753 
-0.15 -0.95 72.0098 
-0.15 -0.9 112.142 
-0.15 -0.85 173.866 
-0.15 -0.8 268.077 
-0.15 -0.75 410.507 
-0.15 -0.7 623.297 
-0.15 -0.65 936.573 
-0.15 -0.6 1389.53 
-0.15 -0.55 2030.2 
-0.15 -0.5 2912.69 
-0.15 -0.45 4090.88 
-0.15 -0.4 5608.38 
-0.15 -0.35 7486.99 
-0.15 -0.3 9718.44 
-0.15 -0.25 12265.3 
-0.15 -0.2 15072.1 
-0.15 -0.15 18080.5 
-0.15 -0.1 21236.8 
-0.15 -0.05 24499.5 
-0.15 1.20737e-15 27873.5 
-0.15 0.05 31479.9 
-0.15 0.1 35573.1 
-0.15 0.15 40384.4 
-0.15 0.2 45888.2 
-0.15 0.25 51589.5 
-0.15 0.3 56359.3 
-0.15 0.35 58804.5 
-0.15 0.4 58048.7 
-0.15 0.45 53990.2 
-0.15 0.5 47332.2 
-0.15 0.55 39561.8 
-0.15 0.6 32377 
-0.15 0.65 26823.8 
-0.15 0.7 22851.2 
-0.15 0.75 20421 
-0.15 0.8 19910.4 
-0.15 0.85 19334.2 
-0.15 0.9 17624.9 
-0.15 0.95 17088.7 
-0.15 1 14608 
-0.15 1.05 13155.8 
-0.15 1.1 10017.9 
-0.15 1.15 10354.7 
-0.15 1.2 7451.76 
-0.15 1.25 7470.23 
-0.15 1.3 5273.09 
-0.15 1.35 4971.4 
-0.15 1.4 3528.28 
-0.15 1.45 3385.87 
-0.15 1.5 2403.72 
-0.15 1.55 2000.89 
-0.15 1.6 1782.69 
-0.15 1.65 1066.5 
-0.15 1.7 1074.38 
-0.15 1.75 691.92 
-0.15 1.8 565.109 
-0.15 1.85 399.73 
-0.15 1.9 306.975 
-0.15 1.95 211.712 
-0.15 2 153.528 
-0.1 -2 0.00612185 
-0.1 -1.95 0.00970116 
-0.1 -1.9 0.0153727 
-0.1 -1.85 0.0243588 
-0.1 -1.8 0.0385956 
-0.1 -1.75 0.0611489 
-0.1 -1.7 0.0968727 
-0.1 -1.65 0.15345 
-0.1 -1.6 0.243035 
-0.1 -1.55 0.384854 
-0.1 -1.5 0.609292 
-0.1 -1.45 0.964349 
-0.1 -1.4 1.52577 
-0.1 -1.35 2.41298 
-0.1 -1.3 3.81394 
-0.1 -1.25 6.02408 
-0.1 -1.2 9.50659 
-0.1 -1.15 14.9857 
-0.1 -1.1 23.59 
-0.1 -1.05 37.0697 
-0.1 -1 58.1244 
-0.1 -0.95 90.8881 
-0.1 -0.9 141.633 
-0.1 -0.85 219.765 
-0.1 -0.8 339.183 
-0.1 -0.75 520.027 
-0.1 -0.7 790.776 
-0.1 -0.65 1190.41 
-0.1 -0.6 1770.09 
-0.1 -0.55 2593.24 
-0.1 -0.5 3732.62 
-0.1 -0.45 5263.01 
-0.1 -0.4 7249.16 
-0.1 -0.35 9731.55 
-0.1 -0.3 12716.2 
-0.1 -0.25 16175.5 
-0.1 -0.2 20062.3 
-0.1 -0.15 24327.2 
-0.1 -0.1 28926.5 
-0.1 -0.05 33827.2 
-0.1 1.20737e-15 39044.4 
-0.1 0.05 44727.2 
-0.1 0.1 51167.3 
-0.1 0.15 58563.6 
-0.1 0.2 66681.9 
-0.1 0.25 74601 
-0.1 0.3 80626 
-0.1 0.35 82948.9 
-0.1 0.4 80683.6 
-0.1 0.45 74035.4 
-0.1 0.5 64177.7 
-0.1 0.55 53160.3 
-0.1 0.6 43194.6 
-0.1 0.65 35585.7 
-0.1 0.7 30196.6 
-0.1 0.75 26914.7 
-0.1 0.8 26179.1 
-0.1 0.85 25379 
-0.1 0.9 23105.1 
-0.1 0.95 22324.3 
-0.1 1 19027 
-0.1 1.05 17071.6 
-0.1 1.1 12973.4 
-0.1 1.15 13352.7 
-0.1 1.2 9594.78 
-0.1 1.25 9583.97 
-0.1 1.3 6751.26 
-0.1 1.35 6346.22 
-0.1 1.4 4495.91 
-0.1 1.45 4305.25 
-0.1 1.5 3051.19 
-0.1 1.55 2536.01 
-0.1 1.6 2256.58 
-0.1 1.65 1348.41 
-0.1 1.7 1357.23 
-0.1 1.75 873.407 
-0.1 1.8 712.913 
-0.1 1.85 504.025 
-0.1 1.9 386.93 
-0.1 1.95 266.773 
-0.1 2 193.413 
-0.05 -2 0.00770714 
-0.05 -1.95 0.0122134 
-0.05 -1.9 0.0193538 
-0.05 -1.85 0.0306673 
-0.05 -1.8 0.0485918 
-0.05 -1.75 0.0769876 
-0.05 -1.7 0.121967 
-0.05 -1.65 0.193204 
-0.05 -1.6 0.306008 
-0.05 -1.55 0.484592 
-0.05 -1.5 0.767233 
-0.05 -1.45 1.2144 
-0.05 -1.4 1.92155 
-0.05 -1.35 3.03917 
-0.05 -1.3 4.80428 
-0.05 -1.25 7.58946 
-0.05 -1.2 11.9792 
-0.05 -1.15 18.8879 
-0.05 -1.1 29.7415 
-0.05 -1.05 46.7536 
-0.05 -1 73.3428 
-0.05 -0.95 114.751 
-0.05 -0.9 178.949 
-0.05 -0.85 277.916 
-0.05 -0.8 429.407 
-0.05 -0.75 659.258 
-0.05 -0.7 1004.18 
-0.05 -0.65 1514.77 
-0.05 -0.6 2258.02 
-0.05 -0.55 3318.03 
-0.05 -0.5 4793.2 
-0.05 -0.45 6787.86 
-0.05 -0.4 9398.11 
-0.05 -0.35 12694.8 
-0.05 -0.3 16711.3 
-0.05 -0.25 21445.1 
-0.05 -0.2 26875.7 
-0.05 -0.15 32986.4 
-0.05 -0.1 39771.5 
-0.05 -0.05 47234.3 
-0.05 1.20737e-15 55423.1 
-0.05 0.05 64520.7 
-0.05 0.1 74815.5 
-0.05 0.15 86325.9 
-0.05 0.2 98321.3 
-0.05 0.25 109113 
-0.05 0.3 116247 
-0.05 0.35 117589 
-0.05 0.4 112517 
-0.05 0.45 101805 
-0.05 0.5 87277.1 
-0.05 0.55 71678 
-0.05 0.6 57844.7 
-0.05 0.65 47395.1 
-0.05 0.7 40062.3 
-0.05 0.75 35614.1 
-0.05 0.8 34548.3 
-0.05 0.85 33431 
-0.05 0.9 30397.3 
-0.05 0.95 29255.4 
-0.05 1 24857.7 
-0.05 1.05 22212.1 
-0.05 1.1 16847.2 
-0.05 1.15 17255.2 
-0.05 1.2 12381.7 
-0.05 1.25 12317.1 
-0.05 1.3 8658.37 
-0.05 1.35 8111.9 
-0.05 1.4 5735.91 
-0.05 1.45 5479.49 
-0.05 1.5 3876.27 
-0.05 1.55 3216.39 
-0.05 1.6 2857.94 
-0.05 1.65 1705.59 
-0.05 1.7 1715.12 
-0.05 1.75 1102.79 
-0.05 1.8 899.561 
-0.05 1.85 635.633 
-0.05 1.9 487.769 
-0.05 1.95 336.185 
-0.05 2 243.677 
