-3 -1 527.024727 
-3 -0.95 527.024676 
-3 -0.9 527.024519 
-3 -0.85 527.026579 
-3 -0.8 527.027521 
-3 -0.75 527.023321 
-3 -0.7 527.005459 
-3 -0.65 527.017113 
-3 -0.6 527.015628 
-3 -0.55 527.137865 
-3 -0.5 526.648323 
-3 -0.45 526.508850 
-3 -0.4 529.820988 
-3 -0.35 533.705175 
-3 -0.3 522.527598 
-3 -0.25 503.716136 
-3 -0.2 500.275825 
-3 -0.15 516.788505 
-3 -0.1 545.864683 
-3 -0.05 576.973941 
-3 0 589.382937 
-3 0.05 589.089530 
-3 0.1 600.512488 
-3 0.15 617.534068 
-3 0.2 623.838173 
-3 0.25 633.302337 
-3 0.3 648.522347 
-3 0.35 667.304333 
-3 0.4 690.547001 
-3 0.45 718.936554 
-3 0.5 754.594914 
-3 0.55 801.111174 
-3 0.6 864.148761 
-3 0.65 954.216934 
-3 0.7 1092.297130 
-3 0.75 1326.480590 
-3 0.8 1788.042786 
-2.95 -1 527.024727 
-2.95 -0.95 527.024676 
-2.95 -0.9 527.024519 
-2.95 -0.85 527.026580 
-2.95 -0.8 527.027521 
-2.95 -0.75 527.023321 
-2.95 -0.7 527.005455 
-2.95 -0.65 527.017112 
-2.95 -0.6 527.015626 
-2.95 -0.55 527.137889 
-2.95 -0.5 526.648252 
-2.95 -0.45 526.508754 
-2.95 -0.4 529.821536 
-2.95 -0.35 533.706480 
-2.95 -0.3 522.526764 
-2.95 -0.25 503.711706 
-2.95 -0.2 500.270771 
-2.95 -0.15 516.786681 
-2.95 -0.1 545.868541 
-2.95 -0.05 576.983937 
-2.95 0 589.395499 
-2.95 0.05 589.102213 
-2.95 0.1 600.527539 
-2.95 0.15 617.552531 
-2.95 0.2 623.857953 
-2.95 0.25 633.324108 
-2.95 0.3 648.547341 
-2.95 0.35 667.333398 
-2.95 0.4 690.581202 
-2.95 0.45 718.977135 
-2.95 0.5 754.643699 
-2.95 0.55 801.171034 
-2.95 0.6 864.224385 
-2.95 0.65 954.316665 
-2.95 0.7 1092.437610 
-2.95 0.75 1326.700548 
-2.95 0.8 1788.453719 
-2.9 -1 527.024727 
-2.9 -0.95 527.024676 
-2.9 -0.9 527.024519 
-2.9 -0.85 527.026580 
-2.9 -0.8 527.027522 
-2.9 -0.75 527.023320 
-2.9 -0.7 527.005451 
-2.9 -0.65 527.017111 
-2.9 -0.6 527.015625 
-2.9 -0.55 527.137917 
-2.9 -0.5 526.648164 
-2.9 -0.45 526.508634 
-2.9 -0.4 529.822226 
-2.9 -0.35 533.708121 
-2.9 -0.3 522.525710 
-2.9 -0.25 503.706125 
-2.9 -0.2 500.264406 
-2.9 -0.15 516.784378 
-2.9 -0.1 545.873396 
-2.9 -0.05 576.996521 
-2.9 0 589.411312 
-2.9 0.05 589.118181 
-2.9 0.1 600.546491 
-2.9 0.15 617.575769 
-2.9 0.2 623.882854 
-2.9 0.25 633.351518 
-2.9 0.3 648.578803 
-2.9 0.35 667.369998 
-2.9 0.4 690.624265 
-2.9 0.45 719.028215 
-2.9 0.5 754.705114 
-2.9 0.55 801.246400 
-2.9 0.6 864.319593 
-2.9 0.65 954.442224 
-2.9 0.7 1092.614477 
-2.9 0.75 1326.977505 
-2.9 0.8 1788.971169 
-2.85 -1 527.024727 
-2.85 -0.95 527.024676 
-2.85 -0.9 527.024519 
-2.85 -0.85 527.026580 
-2.85 -0.8 527.027523 
-2.85 -0.75 527.023320 
-2.85 -0.7 527.005445 
-2.85 -0.65 527.017109 
-2.85 -0.6 527.015624 
-2.85 -0.55 527.137953 
-2.85 -0.5 526.648051 
-2.85 -0.45 526.508482 
-2.85 -0.4 529.823094 
-2.85 -0.35 533.710188 
-2.85 -0.3 522.524387 
-2.85 -0.25 503.699101 
-2.85 -0.2 500.256392 
-2.85 -0.15 516.781482 
-2.85 -0.1 545.879511 
-2.85 -0.05 577.012366 
-2.85 0 589.431221 
-2.85 0.05 589.138286 
-2.85 0.1 600.570351 
-2.85 0.15 617.605026 
-2.85 0.2 623.914203 
-2.85 0.25 633.386028 
-2.85 0.3 648.618414 
-2.85 0.35 667.416074 
-2.85 0.4 690.678471 
-2.85 0.45 719.092536 
-2.85 0.5 754.782445 
-2.85 0.55 801.341296 
-2.85 0.6 864.439455 
-2.85 0.65 954.600301 
-2.85 0.7 1092.837206 
-2.85 0.75 1327.326252 
-2.85 0.8 1789.622781 
-2.8 -1 527.024727 
-2.8 -0.95 527.024677 
-2.8 -0.9 527.024519 
-2.8 -0.85 527.026581 
-2.8 -0.8 527.027524 
-2.8 -0.75 527.023320 
-2.8 -0.7 527.005439 
-2.8 -0.65 527.017107 
-2.8 -0.6 527.015622 
-2.8 -0.55 527.137999 
-2.8 -0.5 526.647910 
-2.8 -0.45 526.508291 
-2.8 -0.4 529.824188 
-2.8 -0.35 533.712791 
-2.8 -0.3 522.522721 
-2.8 -0.25 503.690255 
-2.8 -0.2 500.246306 
-2.8 -0.15 516.777831 
-2.8 -0.1 545.887208 
-2.8 -0.05 577.032312 
-2.8 0 589.456285 
-2.8 0.05 589.163594 
-2.8 0.1 600.600388 
-2.8 0.15 617.641859 
-2.8 0.2 623.953668 
-2.8 0.25 633.429475 
-2.8 0.3 648.668284 
-2.8 0.35 667.474081 
-2.8 0.4 690.746715 
-2.8 0.45 719.173510 
-2.8 0.5 754.879796 
-2.8 0.55 801.460760 
-2.8 0.6 864.590357 
-2.8 0.65 954.799343 
-2.8 0.7 1093.117612 
-2.8 0.75 1327.765397 
-2.8 0.8 1790.443459 
-2.75 -1 527.024727 
-2.75 -0.95 527.024677 
-2.75 -0.9 527.024520 
-2.75 -0.85 527.026582 
-2.75 -0.8 527.027525 
-2.75 -0.75 527.023319 
-2.75 -0.7 527.005430 
-2.75 -0.65 527.017105 
-2.75 -0.6 527.015619 
-2.75 -0.55 527.138056 
-2.75 -0.5 526.647733 
-2.75 -0.45 526.508051 
-2.75 -0.4 529.825564 
-2.75 -0.35 533.716067 
-2.75 -0.3 522.520623 
-2.75 -0.25 503.679122 
-2.75 -0.2 500.233606 
-2.75 -0.15 516.773242 
-2.75 -0.1 545.896896 
-2.75 -0.05 577.057425 
-2.75 0 589.487843 
-2.75 0.05 589.195458 
-2.75 0.1 600.638202 
-2.75 0.15 617.688233 
-2.75 0.2 624.003356 
-2.75 0.25 633.484174 
-2.75 0.3 648.731074 
-2.75 0.35 667.547107 
-2.75 0.4 690.832648 
-2.75 0.45 719.275463 
-2.75 0.5 755.002374 
-2.75 0.55 801.611181 
-2.75 0.6 864.780378 
-2.75 0.65 955.049972 
-2.75 0.7 1093.470733 
-2.75 0.75 1328.318444 
-2.75 0.8 1791.477208 
-2.7 -1 527.024727 
-2.7 -0.95 527.024677 
-2.7 -0.9 527.024520 
-2.7 -0.85 527.026583 
-2.7 -0.8 527.027527 
-2.7 -0.75 527.023318 
-2.7 -0.7 527.005419 
-2.7 -0.65 527.017102 
-2.7 -0.6 527.015616 
-2.7 -0.55 527.138129 
-2.7 -0.5 526.647509 
-2.7 -0.45 526.507749 
-2.7 -0.4 529.827298 
-2.7 -0.35 533.720191 
-2.7 -0.3 522.517981 
-2.7 -0.25 503.665107 
-2.7 -0.2 500.217619 
-2.7 -0.15 516.767462 
-2.7 -0.1 545.909096 
-2.7 -0.05 577.089039 
-2.7 0 589.527570 
-2.7 0.05 589.235576 
-2.7 0.1 600.685813 
-2.7 0.15 617.746616 
-2.7 0.2 624.065916 
-2.7 0.25 633.553045 
-2.7 0.3 648.810121 
-2.7 0.35 667.639057 
-2.7 0.4 690.940835 
-2.7 0.45 719.403823 
-2.7 0.5 755.156704 
-2.7 0.55 801.800575 
-2.7 0.6 865.019639 
-2.7 0.65 955.365566 
-2.7 0.7 1093.915419 
-2.7 0.75 1329.014997 
-2.7 0.8 1792.779404 
-2.65 -1 527.024727 
-2.65 -0.95 527.024677 
-2.65 -0.9 527.024520 
-2.65 -0.85 527.026584 
-2.65 -0.8 527.027529 
-2.65 -0.75 527.023318 
-2.65 -0.7 527.005405 
-2.65 -0.65 527.017098 
-2.65 -0.6 527.015612 
-2.65 -0.55 527.138219 
-2.65 -0.5 526.647228 
-2.65 -0.45 526.507367 
-2.65 -0.4 529.829480 
-2.65 -0.35 533.725384 
-2.65 -0.3 522.514657 
-2.65 -0.25 503.647462 
-2.65 -0.2 500.197496 
-2.65 -0.15 516.760189 
-2.65 -0.1 545.924457 
-2.65 -0.05 577.128844 
-2.65 0 589.577589 
-2.65 0.05 589.286087 
-2.65 0.1 600.745756 
-2.65 0.15 617.820127 
-2.65 0.2 624.144679 
-2.65 0.25 633.639754 
-2.65 0.3 648.909654 
-2.65 0.35 667.754831 
-2.65 0.4 691.077049 
-2.65 0.45 719.565453 
-2.65 0.5 755.351040 
-2.65 0.55 802.039058 
-2.65 0.6 865.320919 
-2.65 0.65 955.762994 
-2.65 0.7 1094.475460 
-2.65 0.75 1329.892397 
-2.65 0.8 1794.420244 
-2.6 -1 527.024727 
-2.6 -0.95 527.024677 
-2.6 -0.9 527.024520 
-2.6 -0.85 527.026586 
-2.6 -0.8 527.027532 
-2.6 -0.75 527.023317 
-2.6 -0.7 527.005388 
-2.6 -0.65 527.017093 
-2.6 -0.6 527.015607 
-2.6 -0.55 527.138334 
-2.6 -0.5 526.646873 
-2.6 -0.45 526.506889 
-2.6 -0.4 529.832227 
-2.6 -0.35 533.731920 
-2.6 -0.3 522.510472 
-2.6 -0.25 503.625250 
-2.6 -0.2 500.172158 
-2.6 -0.15 516.751030 
-2.6 -0.1 545.943796 
-2.6 -0.05 577.178958 
-2.6 0 589.640561 
-2.6 0.05 589.349682 
-2.6 0.1 600.821230 
-2.6 0.15 617.912679 
-2.6 0.2 624.243850 
-2.6 0.25 633.748928 
-2.6 0.3 649.034964 
-2.6 0.35 667.900599 
-2.6 0.4 691.248564 
-2.6 0.45 719.768967 
-2.6 0.5 755.595730 
-2.6 0.55 802.339367 
-2.6 0.6 865.700344 
-2.6 0.65 956.263528 
-2.6 0.7 1095.180872 
-2.6 0.75 1330.997727 
-2.6 0.8 1796.488060 
-2.55 -1 527.024728 
-2.55 -0.95 527.024677 
-2.55 -0.9 527.024520 
-2.55 -0.85 527.026588 
-2.55 -0.8 527.027535 
-2.55 -0.75 527.023316 
-2.55 -0.7 527.005366 
-2.55 -0.65 527.017087 
-2.55 -0.6 527.015601 
-2.55 -0.55 527.138478 
-2.55 -0.5 526.646428 
-2.55 -0.45 526.506285 
-2.55 -0.4 529.835685 
-2.55 -0.35 533.740150 
-2.55 -0.3 522.505204 
-2.55 -0.25 503.597286 
-2.55 -0.2 500.140263 
-2.55 -0.15 516.739503 
-2.55 -0.1 545.968145 
-2.55 -0.05 577.242051 
-2.55 0 589.719848 
-2.55 0.05 589.429750 
-2.55 0.1 600.916257 
-2.55 0.15 618.029210 
-2.55 0.2 624.368710 
-2.55 0.25 633.886389 
-2.55 0.3 649.192748 
-2.55 0.35 668.084143 
-2.55 0.4 691.464529 
-2.55 0.45 720.025231 
-2.55 0.5 755.903864 
-2.55 0.55 802.717554 
-2.55 0.6 866.178159 
-2.55 0.65 956.893933 
-2.55 0.7 1096.069443 
-2.55 0.75 1332.390454 
-2.55 0.8 1799.094712 
-2.5 -1 527.024728 
-2.5 -0.95 527.024678 
-2.5 -0.9 527.024520 
-2.5 -0.85 527.026591 
-2.5 -0.8 527.027540 
-2.5 -0.75 527.023314 
-2.5 -0.7 527.005338 
-2.5 -0.65 527.017080 
-2.5 -0.6 527.015592 
-2.5 -0.55 527.138660 
-2.5 -0.5 526.645867 
-2.5 -0.45 526.505525 
-2.5 -0.4 529.840039 
-2.5 -0.35 533.750511 
-2.5 -0.3 522.498572 
-2.5 -0.25 503.562085 
-2.5 -0.2 500.100114 
-2.5 -0.15 516.724993 
-2.5 -0.1 545.998803 
-2.5 -0.05 577.321489 
-2.5 0 589.819677 
-2.5 0.05 589.530568 
-2.5 0.1 601.035911 
-2.5 0.15 618.175939 
-2.5 0.2 624.525930 
-2.5 0.25 634.059469 
-2.5 0.3 649.391434 
-2.5 0.35 668.315264 
-2.5 0.4 691.736492 
-2.5 0.45 720.347947 
-2.5 0.5 756.291918 
-2.5 0.55 803.193847 
-2.5 0.6 866.779998 
-2.5 0.65 957.688035 
-2.5 0.7 1097.188994 
-2.5 0.75 1334.145717 
-2.5 0.8 1802.381764 
-2.45 -1 527.024728 
-2.45 -0.95 527.024678 
-2.45 -0.9 527.024520 
-2.45 -0.85 527.026594 
-2.45 -0.8 527.027545 
-2.45 -0.75 527.023312 
-2.45 -0.7 527.005304 
-2.45 -0.65 527.017070 
-2.45 -0.6 527.015582 
-2.45 -0.55 527.138889 
-2.45 -0.5 526.645160 
-2.45 -0.45 526.504569 
-2.45 -0.4 529.845520 
-2.45 -0.35 533.763556 
-2.45 -0.3 522.490226 
-2.45 -0.25 503.517770 
-2.45 -0.2 500.049570 
-2.45 -0.15 516.706732 
-2.45 -0.1 546.037407 
-2.45 -0.05 577.421509 
-2.45 0 589.945372 
-2.45 0.05 589.657516 
-2.45 0.1 601.186579 
-2.45 0.15 618.360694 
-2.45 0.2 624.723900 
-2.45 0.25 634.277421 
-2.45 0.3 649.641617 
-2.45 0.35 668.606309 
-2.45 0.4 692.078975 
-2.45 0.45 720.754370 
-2.45 0.5 756.780653 
-2.45 0.55 803.793755 
-2.45 0.6 867.538104 
-2.45 0.65 958.688501 
-2.45 0.7 1098.599771 
-2.45 0.75 1336.358475 
-2.45 0.8 1806.528636 
-2.4 -1 527.024729 
-2.4 -0.95 527.024678 
-2.4 -0.9 527.024520 
-2.4 -0.85 527.026598 
-2.4 -0.8 527.027552 
-2.4 -0.75 527.023310 
-2.4 -0.7 527.005260 
-2.4 -0.65 527.017058 
-2.4 -0.6 527.015570 
-2.4 -0.55 527.139177 
-2.4 -0.5 526.644270 
-2.4 -0.45 526.503366 
-2.4 -0.4 529.852422 
-2.4 -0.35 533.779979 
-2.4 -0.3 522.479721 
-2.4 -0.25 503.461986 
-2.4 -0.2 499.985945 
-2.4 -0.15 516.683751 
-2.4 -0.1 546.086018 
-2.4 -0.05 577.547445 
-2.4 0 590.103643 
-2.4 0.05 589.817377 
-2.4 0.1 601.376309 
-2.4 0.15 618.593350 
-2.4 0.2 624.973197 
-2.4 0.25 634.551884 
-2.4 0.3 649.956689 
-2.4 0.35 668.972845 
-2.4 0.4 692.510317 
-2.4 0.45 721.266265 
-2.4 0.5 757.396264 
-2.4 0.55 804.549470 
-2.4 0.6 868.493229 
-2.4 0.65 959.949177 
-2.4 0.7 1100.378022 
-2.4 0.75 1339.148974 
-2.4 0.8 1811.762952 
-2.35 -1 527.024729 
-2.35 -0.95 527.024679 
-2.35 -0.9 527.024520 
-2.35 -0.85 527.026603 
-2.35 -0.8 527.027561 
-2.35 -0.75 527.023307 
-2.35 -0.7 527.005205 
-2.35 -0.65 527.017043 
-2.35 -0.6 527.015555 
-2.35 -0.55 527.139539 
-2.35 -0.5 526.643151 
-2.35 -0.45 526.501851 
-2.35 -0.4 529.861111 
-2.35 -0.35 533.800657 
-2.35 -0.3 522.466501 
-2.35 -0.25 503.391764 
-2.35 -0.2 499.905853 
-2.35 -0.15 516.654830 
-2.35 -0.1 546.147234 
-2.35 -0.05 577.706021 
-2.35 0 590.302944 
-2.35 0.05 590.018692 
-2.35 0.1 601.615242 
-2.35 0.15 618.886340 
-2.35 0.2 625.287154 
-2.35 0.25 634.897543 
-2.35 0.3 650.353497 
-2.35 0.35 669.434500 
-2.35 0.4 693.053619 
-2.35 0.45 721.911080 
-2.35 0.5 758.171787 
-2.35 0.55 805.501605 
-2.35 0.6 869.696769 
-2.35 0.65 961.538148 
-2.35 0.7 1102.620143 
-2.35 0.75 1342.669652 
-2.35 0.8 1818.374538 
-2.3 -1 527.024730 
-2.3 -0.95 527.024680 
-2.3 -0.9 527.024520 
-2.3 -0.85 527.026610 
-2.3 -0.8 527.027571 
-2.3 -0.75 527.023303 
-2.3 -0.7 527.005136 
-2.3 -0.65 527.017024 
-2.3 -0.6 527.015535 
-2.3 -0.55 527.139996 
-2.3 -0.5 526.641742 
-2.3 -0.45 526.499946 
-2.3 -0.4 529.872051 
-2.3 -0.35 533.826691 
-2.3 -0.3 522.449861 
-2.3 -0.25 503.303369 
-2.3 -0.2 499.805040 
-2.3 -0.15 516.618439 
-2.3 -0.1 546.224330 
-2.3 -0.05 577.905709 
-2.3 0 590.553922 
-2.3 0.05 590.272238 
-2.3 0.1 601.916169 
-2.3 0.15 619.255342 
-2.3 0.2 625.682577 
-2.3 0.25 635.332904 
-2.3 0.3 650.853298 
-2.3 0.35 670.016011 
-2.3 0.4 693.738037 
-2.3 0.45 722.723444 
-2.3 0.5 759.148929 
-2.3 0.55 806.701460 
-2.3 0.6 871.213752 
-2.3 0.65 963.541489 
-2.3 0.7 1105.448295 
-2.3 0.75 1347.114008 
-2.3 0.8 1826.732955 
-2.25 -1 527.024731 
-2.25 -0.95 527.024680 
-2.25 -0.9 527.024520 
-2.25 -0.85 527.026618 
-2.25 -0.8 527.027585 
-2.25 -0.75 527.023298 
-2.25 -0.7 527.005048 
-2.25 -0.65 527.017000 
-2.25 -0.6 527.015510 
-2.25 -0.55 527.140571 
-2.25 -0.5 526.639969 
-2.25 -0.45 526.497547 
-2.25 -0.4 529.885826 
-2.25 -0.35 533.859470 
-2.25 -0.3 522.428923 
-2.25 -0.25 503.192100 
-2.25 -0.2 499.678141 
-2.25 -0.15 516.572651 
-2.25 -0.1 546.321432 
-2.25 -0.05 578.157179 
-2.25 0 590.870010 
-2.25 0.05 590.591592 
-2.25 0.1 602.295219 
-2.25 0.15 619.720126 
-2.25 0.2 626.180648 
-2.25 0.25 635.881308 
-2.25 0.3 651.482916 
-2.25 0.35 670.748617 
-2.25 0.4 694.600365 
-2.25 0.45 723.747096 
-2.25 0.5 760.380394 
-2.25 0.55 808.213849 
-2.25 0.6 873.126356 
-2.25 0.65 966.068225 
-2.25 0.7 1109.017433 
-2.25 0.75 1352.728455 
-2.25 0.8 1837.311025 
-2.2 -1 527.024732 
-2.2 -0.95 527.024681 
-2.2 -0.9 527.024520 
-2.2 -0.85 527.026628 
-2.2 -0.8 527.027602 
-2.2 -0.75 527.023292 
-2.2 -0.7 527.004939 
-2.2 -0.65 527.016970 
-2.2 -0.6 527.015479 
-2.2 -0.55 527.141294 
-2.2 -0.5 526.637737 
-2.2 -0.45 526.494528 
-2.2 -0.4 529.903170 
-2.2 -0.35 533.900744 
-2.2 -0.3 522.402579 
-2.2 -0.25 503.052048 
-2.2 -0.2 499.518421 
-2.2 -0.15 516.515057 
-2.2 -0.1 546.443751 
-2.2 -0.05 578.473887 
-2.2 0 591.268129 
-2.2 0.05 590.993892 
-2.2 0.1 602.772736 
-2.2 0.15 620.305636 
-2.2 0.2 626.808119 
-2.2 0.25 636.572220 
-2.2 0.3 652.276182 
-2.2 0.35 671.671743 
-2.2 0.4 695.687079 
-2.2 0.45 725.037289 
-2.2 0.5 761.932773 
-2.2 0.55 810.120803 
-2.2 0.6 875.538690 
-2.2 0.65 969.256644 
-2.2 0.7 1113.524501 
-2.2 0.75 1359.827173 
-2.2 0.8 1850.716662 
-2.15 -1 527.024733 
-2.15 -0.95 527.024683 
-2.15 -0.9 527.024521 
-2.15 -0.85 527.026641 
-2.15 -0.8 527.027624 
-2.15 -0.75 527.023285 
-2.15 -0.7 527.004801 
-2.15 -0.65 527.016933 
-2.15 -0.6 527.015440 
-2.15 -0.55 527.142207 
-2.15 -0.5 526.634928 
-2.15 -0.45 526.490730 
-2.15 -0.4 529.925011 
-2.15 -0.35 533.952718 
-2.15 -0.3 522.369438 
-2.15 -0.25 502.875772 
-2.15 -0.2 499.317398 
-2.15 -0.15 516.442621 
-2.15 -0.1 546.597857 
-2.15 -0.05 578.872798 
-2.15 0 591.769637 
-2.15 0.05 591.500768 
-2.15 0.1 603.374397 
-2.15 0.15 621.043346 
-2.15 0.2 627.598737 
-2.15 0.25 637.442831 
-2.15 0.3 653.275856 
-2.15 0.35 672.835196 
-2.15 0.4 697.056924 
-2.15 0.45 726.663914 
-2.15 0.5 763.890382 
-2.15 0.55 812.526231 
-2.15 0.6 878.582790 
-2.15 0.65 973.282417 
-2.15 0.7 1119.220517 
-2.15 0.75 1368.812751 
-2.15 0.8 1867.734901 
-2.1 -1 527.024735 
-2.1 -0.95 527.024684 
-2.1 -0.9 527.024521 
-2.1 -0.85 527.026658 
-2.1 -0.8 527.027651 
-2.1 -0.75 527.023275 
-2.1 -0.7 527.004627 
-2.1 -0.65 527.016885 
-2.1 -0.6 527.015391 
-2.1 -0.55 527.143355 
-2.1 -0.5 526.631393 
-2.1 -0.45 526.485953 
-2.1 -0.4 529.952514 
-2.1 -0.35 534.018164 
-2.1 -0.3 522.327753 
-2.1 -0.25 502.653912 
-2.1 -0.2 499.064407 
-2.1 -0.15 516.351543 
-2.1 -0.1 546.792048 
-2.1 -0.05 579.375315 
-2.1 0 592.401484 
-2.1 0.05 592.139530 
-2.1 0.1 604.132645 
-2.1 0.15 621.973011 
-2.1 0.2 628.595148 
-2.1 0.25 638.540134 
-2.1 0.3 654.535956 
-2.1 0.35 674.301978 
-2.1 0.4 698.784229 
-2.1 0.45 728.715463 
-2.1 0.5 766.360063 
-2.1 0.55 815.561946 
-2.1 0.6 882.426438 
-2.1 0.65 978.369278 
-2.1 0.7 1126.426276 
-2.1 0.75 1380.202652 
-2.1 0.8 1889.386114 
-2.05 -1 527.024737 
-2.05 -0.95 527.024687 
-2.05 -0.9 527.024521 
-2.05 -0.85 527.026678 
-2.05 -0.8 527.027685 
-2.05 -0.75 527.023263 
-2.05 -0.7 527.004409 
-2.05 -0.65 527.016826 
-2.05 -0.6 527.015330 
-2.05 -0.55 527.144801 
-2.05 -0.5 526.626947 
-2.05 -0.45 526.479944 
-2.05 -0.4 529.987151 
-2.05 -0.35 534.100585 
-2.05 -0.3 522.275336 
-2.05 -0.25 502.374703 
-2.05 -0.2 498.746045 
-2.05 -0.15 516.237066 
-2.05 -0.1 547.036807 
-2.05 -0.05 580.008448 
-2.05 0 593.197690 
-2.05 0.05 592.944708 
-2.05 0.1 605.088501 
-2.05 0.15 623.144902 
-2.05 0.2 629.851260 
-2.05 0.25 639.923586 
-2.05 0.3 656.124853 
-2.05 0.35 676.151846 
-2.05 0.4 700.963186 
-2.05 0.45 731.304160 
-2.05 0.5 769.477433 
-2.05 0.55 819.395521 
-2.05 0.6 887.283315 
-2.05 0.65 984.803026 
-2.05 0.7 1135.553324 
-2.05 0.75 1394.665795 
-2.05 0.8 1917.007004 
-2 -1 527.024740 
-2 -0.95 527.024689 
-2 -0.9 527.024522 
-2 -0.85 527.026704 
-2 -0.8 527.027729 
-2 -0.75 527.023248 
-2 -0.7 527.004134 
-2 -0.65 527.016751 
-2 -0.6 527.015254 
-2 -0.55 527.146625 
-2 -0.5 526.621352 
-2 -0.45 526.472389 
-2 -0.4 530.030777 
-2 -0.35 534.204390 
-2 -0.3 522.209443 
-2 -0.25 502.023355 
-2 -0.2 498.345462 
-2 -0.15 516.093231 
-2 -0.1 547.345404 
-2 -0.05 580.806311 
-2 0 594.201268 
-2 0.05 593.959987 
-2 0.1 606.293869 
-2 0.15 624.622599 
-2 0.2 631.435322 
-2 0.25 641.668444 
-2 0.3 658.129141 
-2 0.35 678.485909 
-2 0.4 703.713314 
-2 0.45 734.572574 
-2 0.5 773.415014 
-2 0.55 824.240480 
-2 0.6 893.426310 
-2 0.65 992.949903 
-2 0.7 1147.132023 
-2 0.75 1413.072330 
-2 0.8 1952.364925 
-1.95 -1 527.024743 
-1.95 -0.95 527.024693 
-1.95 -0.9 527.024523 
-1.95 -0.85 527.026737 
-1.95 -0.8 527.027783 
-1.95 -0.75 527.023229 
-1.95 -0.7 527.003788 
-1.95 -0.65 527.016657 
-1.95 -0.6 527.015158 
-1.95 -0.55 527.148922 
-1.95 -0.5 526.614317 
-1.95 -0.45 526.462891 
-1.95 -0.4 530.085730 
-1.95 -0.35 534.335145 
-1.95 -0.3 522.126637 
-1.95 -0.25 501.581277 
-1.95 -0.2 497.841495 
-1.95 -0.15 515.912612 
-1.95 -0.1 547.734633 
-1.95 -0.05 581.812021 
-1.95 0 595.466613 
-1.95 0.05 595.240714 
-1.95 0.1 607.814539 
-1.95 0.15 626.486688 
-1.95 0.2 633.433836 
-1.95 0.25 643.870167 
-1.95 0.3 660.658721 
-1.95 0.35 681.432600 
-1.95 0.4 707.186565 
-1.95 0.45 738.702210 
-1.95 0.5 778.392837 
-1.95 0.55 830.369719 
-1.95 0.6 901.205290 
-1.95 0.65 1003.281435 
-1.95 0.7 1161.849885 
-1.95 0.75 1436.562958 
-1.95 0.8 1997.824346 
-1.9 -1 527.024748 
-1.9 -0.95 527.024697 
-1.9 -0.9 527.024523 
-1.9 -0.85 527.026778 
-1.9 -0.8 527.027852 
-1.9 -0.75 527.023206 
-1.9 -0.7 527.003352 
-1.9 -0.65 527.016540 
-1.9 -0.6 527.015039 
-1.9 -0.55 527.151818 
-1.9 -0.5 526.605470 
-1.9 -0.45 526.450961 
-1.9 -0.4 530.154961 
-1.9 -0.35 534.499865 
-1.9 -0.3 522.022632 
-1.9 -0.25 501.025119 
-1.9 -0.2 497.207566 
-1.9 -0.15 515.685945 
-1.9 -0.1 548.225800 
-1.9 -0.05 583.080132 
-1.9 0 597.062632 
-1.9 0.05 596.857124 
-1.9 0.1 609.734019 
-1.9 0.15 628.839413 
-1.9 0.2 635.956624 
-1.9 0.25 646.650002 
-1.9 0.3 663.853290 
-1.9 0.35 685.155376 
-1.9 0.4 711.576658 
-1.9 0.45 743.924810 
-1.9 0.5 784.692341 
-1.9 0.55 838.133225 
-1.9 0.6 911.070518 
-1.9 0.65 1016.407813 
-1.9 0.7 1180.604052 
-1.9 0.75 1466.647497 
-1.9 0.8 2056.592509 
-1.85 -1 527.024753 
-1.85 -0.95 527.024702 
-1.85 -0.9 527.024525 
-1.85 -0.85 527.026830 
-1.85 -0.8 527.027938 
-1.85 -0.75 527.023177 
-1.85 -0.7 527.002805 
-1.85 -0.65 527.016394 
-1.85 -0.6 527.014892 
-1.85 -0.55 527.155469 
-1.85 -0.5 526.594351 
-1.85 -0.45 526.435975 
-1.85 -0.4 530.242196 
-1.85 -0.35 534.707412 
-1.85 -0.3 521.892079 
-1.85 -0.25 500.325567 
-1.85 -0.2 496.410336 
-1.85 -0.15 515.401732 
-1.85 -0.1 548.845975 
-1.85 -0.05 584.679758 
-1.85 0 599.076712 
-1.85 0.05 598.898512 
-1.85 0.1 612.158530 
-1.85 0.15 631.810790 
-1.85 0.2 639.143401 
-1.85 0.25 650.162345 
-1.85 0.3 667.890899 
-1.85 0.35 689.862859 
-1.85 0.4 717.131232 
-1.85 0.45 750.537216 
-1.85 0.5 792.674980 
-1.85 0.55 847.981923 
-1.85 0.6 923.604756 
-1.85 0.65 1033.123849 
-1.85 0.7 1204.575278 
-1.85 0.75 1505.347425 
-1.85 0.8 2133.093532 
-1.8 -1 527.024760 
-1.8 -0.95 527.024709 
-1.8 -0.9 527.024526 
-1.8 -0.85 527.026896 
-1.8 -0.8 527.028047 
-1.8 -0.75 527.023140 
-1.8 -0.7 527.002116 
-1.8 -0.65 527.016210 
-1.8 -0.6 527.014710 
-1.8 -0.55 527.160076 
-1.8 -0.5 526.580378 
-1.8 -0.45 526.417170 
-1.8 -0.4 530.352143 
-1.8 -0.35 534.968979 
-1.8 -0.3 521.728322 
-1.8 -0.25 499.445852 
-1.8 -0.2 495.408019 
-1.8 -0.15 515.045739 
-1.8 -0.1 549.629633 
-1.8 -0.05 586.698586 
-1.8 0 601.619930 
-1.8 0.05 601.478684 
-1.8 0.1 615.223525 
-1.8 0.15 635.566533 
-1.8 0.2 643.172379 
-1.8 0.25 654.604294 
-1.8 0.3 672.999103 
-1.8 0.35 695.822148 
-1.8 0.4 724.168033 
-1.8 0.45 758.921302 
-1.8 0.5 802.807060 
-1.8 0.55 860.499837 
-1.8 0.6 939.566797 
-1.8 0.65 1054.472844 
-1.8 0.7 1235.333079 
-1.8 0.75 1555.406827 
-1.8 0.8 2233.553576 
-1.75 -1 527.024769 
-1.75 -0.95 527.024718 
-1.75 -0.9 527.024528 
-1.75 -0.85 527.026978 
-1.75 -0.8 527.028184 
-1.75 -0.75 527.023094 
-1.75 -0.7 527.001251 
-1.75 -0.65 527.015983 
-1.75 -0.6 527.014485 
-1.75 -0.55 527.165890 
-1.75 -0.5 526.562831 
-1.75 -0.45 526.393587 
-1.75 -0.4 530.490756 
-1.75 -0.35 535.298713 
-1.75 -0.3 521.523120 
-1.75 -0.25 498.339890 
-1.75 -0.2 494.148290 
-1.75 -0.15 514.600445 
-1.75 -0.1 550.620806 
-1.75 -0.05 589.248098 
-1.75 0 604.833743 
-1.75 0.05 604.743115 
-1.75 0.1 619.102272 
-1.75 0.15 640.318492 
-1.75 0.2 648.271611 
-1.75 0.25 660.228316 
-1.75 0.3 679.469808 
-1.75 0.35 703.376599 
-1.75 0.4 733.096581 
-1.75 0.45 769.570605 
-1.75 0.5 815.693553 
-1.75 0.55 876.448235 
-1.75 0.6 959.952273 
-1.75 0.65 1081.837081 
-1.75 0.7 1274.989166 
-1.75 0.75 1620.612858 
-1.75 0.8 2366.945353 
-1.7 -1 527.024780 
-1.7 -0.95 527.024729 
-1.7 -0.9 527.024530 
-1.7 -0.85 527.027083 
-1.7 -0.8 527.028357 
-1.7 -0.75 527.023038 
-1.7 -0.7 527.000163 
-1.7 -0.65 527.015700 
-1.7 -0.6 527.014211 
-1.7 -0.55 527.173233 
-1.7 -0.5 526.540809 
-1.7 -0.45 526.364044 
-1.7 -0.4 530.665573 
-1.7 -0.35 535.714528 
-1.7 -0.3 521.266295 
-1.7 -0.25 496.949997 
-1.7 -0.2 492.565734 
-1.7 -0.15 514.044404 
-1.7 -0.1 551.875921 
-1.7 -0.05 592.470355 
-1.7 0 608.898873 
-1.7 0.05 608.878440 
-1.7 0.1 624.017236 
-1.7 0.15 646.338466 
-1.7 0.2 654.733969 
-1.7 0.25 667.359130 
-1.7 0.3 687.679041 
-1.7 0.35 712.969715 
-1.7 0.4 744.447451 
-1.7 0.45 783.126920 
-1.7 0.5 832.124477 
-1.7 0.55 896.826983 
-1.7 0.6 986.079321 
-1.7 0.65 1117.068288 
-1.7 0.7 1326.425298 
-1.7 0.75 1706.295233 
-1.7 0.8 2546.562974 
-1.65 -1 527.024794 
-1.65 -0.95 527.024743 
-1.65 -0.9 527.024533 
-1.65 -0.85 527.027214 
-1.65 -0.8 527.028575 
-1.65 -0.75 527.022968 
-1.65 -0.7 526.998796 
-1.65 -0.65 527.015350 
-1.65 -0.6 527.013880 
-1.65 -0.55 527.182515 
-1.65 -0.5 526.513193 
-1.65 -0.45 526.327086 
-1.65 -0.4 530.886149 
-1.65 -0.35 536.239120 
-1.65 -0.3 520.945367 
-1.65 -0.25 495.204080 
-1.65 -0.2 490.578731 
-1.65 -0.15 513.351615 
-1.65 -0.1 553.467592 
-1.65 -0.05 596.546930 
-1.65 0 614.046952 
-1.65 0.05 614.125127 
-1.65 0.1 630.255345 
-1.65 0.15 653.976720 
-1.65 0.2 662.937361 
-1.65 0.25 676.416368 
-1.65 0.3 698.113794 
-1.65 0.35 725.177586 
-1.65 0.4 758.912438 
-1.65 0.45 800.430563 
-1.65 0.5 853.139674 
-1.65 0.55 922.961092 
-1.65 0.6 1019.711319 
-1.65 0.65 1162.678988 
-1.65 0.7 1393.640496 
-1.65 0.75 1820.129509 
-1.65 0.8 2792.713398 
-1.6 -1 527.024812 
-1.6 -0.95 527.024760 
-1.6 -0.9 527.024537 
-1.6 -0.85 527.027380 
-1.6 -0.8 527.028850 
-1.6 -0.75 527.022881 
-1.6 -0.7 526.997081 
-1.6 -0.65 527.014919 
-1.6 -0.6 527.013483 
-1.6 -0.55 527.194260 
-1.6 -0.5 526.478598 
-1.6 -0.45 526.280927 
-1.6 -0.4 531.164628 
-1.6 -0.35 536.901306 
-1.6 -0.3 520.545145 
-1.6 -0.25 493.012211 
-1.6 -0.2 488.085666 
-1.6 -0.15 512.490897 
-1.6 -0.1 555.489746 
-1.6 -0.05 601.710722 
-1.6 0 620.576143 
-1.6 0.05 620.794658 
-1.6 0.1 638.188640 
-1.6 0.15 663.686956 
-1.6 0.2 673.372051 
-1.6 0.25 687.945498 
-1.6 0.3 711.408584 
-1.6 0.35 740.753619 
-1.6 0.4 777.400151 
-1.6 0.45 822.590743 
-1.6 0.5 880.120161 
-1.6 0.55 956.624554 
-1.6 0.6 1063.236076 
-1.6 0.65 1222.129697 
-1.6 0.7 1482.293336 
-1.6 0.75 1973.472920 
-1.55 -1 527.024834 
-1.55 -0.95 527.024782 
-1.55 -0.9 527.024543 
-1.55 -0.85 527.027589 
-1.55 -0.8 527.029197 
-1.55 -0.75 527.022776 
-1.55 -0.7 526.994928 
-1.55 -0.65 527.014392 
-1.55 -0.6 527.013018 
-1.55 -0.55 527.209139 
-1.55 -0.5 526.435315 
-1.55 -0.45 526.223404 
-1.55 -0.4 531.516456 
-1.55 -0.35 537.737742 
-1.55 -0.3 520.047310 
-1.55 -0.25 490.262498 
-1.55 -0.2 484.960445 
-1.55 -0.15 511.425489 
-1.55 -0.1 558.064602 
-1.55 -0.05 608.261797 
-1.55 0 628.872196 
-1.55 0.05 629.292984 
-1.55 0.1 648.302654 
-1.55 0.15 676.060505 
-1.55 0.2 686.678155 
-1.55 0.25 702.660337 
-1.55 0.3 728.396101 
-1.55 0.35 760.690775 
-1.55 0.4 801.114218 
-1.55 0.45 851.085346 
-1.55 0.5 914.919166 
-1.55 0.55 1000.220590 
-1.55 0.6 1119.931913 
-1.55 0.65 1300.268965 
-1.55 0.7 1600.573813 
-1.55 0.75 2183.672061 
-1.5 -1 527.024862 
-1.5 -0.95 527.024811 
-1.5 -0.9 527.024550 
-1.5 -0.85 527.027854 
-1.5 -0.8 527.029636 
-1.5 -0.75 527.022648 
-1.5 -0.7 526.992231 
-1.5 -0.65 527.013754 
-1.5 -0.6 527.012485 
-1.5 -0.55 527.228021 
-1.5 -0.5 526.381256 
-1.5 -0.45 526.151911 
-1.5 -0.4 531.961357 
-1.5 -0.35 538.795181 
-1.5 -0.3 519.430113 
-1.5 -0.25 486.816174 
-1.5 -0.2 481.047221 
-1.5 -0.15 510.113053 
-1.5 -0.1 561.352342 
-1.5 -0.05 616.588763 
-1.5 0 639.437177 
-1.5 0.05 640.153061 
-1.5 0.1 661.235704 
-1.5 0.15 691.873607 
-1.5 0.2 703.697691 
-1.5 0.25 721.502315 
-1.5 0.3 750.178256 
-1.5 0.35 786.309448 
-1.5 0.4 831.664470 
-1.5 0.45 887.904196 
-1.5 0.5 960.052469 
-1.5 0.55 1057.047785 
-1.5 0.6 1194.370375 
-1.5 0.65 1404.023987 
-1.5 0.7 1760.649825 
-1.5 0.75 2478.227233 
-1.45 -1 527.024898 
-1.45 -0.95 527.024847 
-1.45 -0.9 527.024560 
-1.45 -0.85 527.028190 
-1.45 -0.8 527.030190 
-1.45 -0.75 527.022495 
-1.45 -0.7 526.988854 
-1.45 -0.65 527.012990 
-1.45 -0.6 527.011900 
-1.45 -0.55 527.252028 
-1.45 -0.5 526.313882 
-1.45 -0.45 526.063377 
-1.45 -0.4 532.524585 
-1.45 -0.35 540.133436 
-1.45 -0.3 518.668227 
-1.45 -0.25 482.501859 
-1.45 -0.2 476.154398 
-1.45 -0.15 508.506549 
-1.45 -0.1 565.564633 
-1.45 -0.05 627.198084 
-1.45 0 652.929196 
-1.45 0.05 654.080397 
-1.45 0.1 677.834094 
-1.45 0.15 712.153602 
-1.45 0.2 725.547657 
-1.45 0.25 745.724102 
-1.45 0.3 778.226707 
-1.45 0.35 819.383065 
-1.45 0.4 871.227184 
-1.45 0.45 935.757553 
-1.45 0.5 1018.979224 
-1.45 0.55 1131.699960 
-1.45 0.6 1293.037917 
-1.45 0.65 1543.513000 
-1.45 0.7 1981.155416 
-1.45 0.75 2902.672298 
-1.4 -1 527.024943 
-1.4 -0.95 527.024893 
-1.4 -0.9 527.024574 
-1.4 -0.85 527.028615 
-1.4 -0.8 527.030892 
-1.4 -0.75 527.022315 
-1.4 -0.7 526.984633 
-1.4 -0.65 527.012090 
-1.4 -0.6 527.011295 
-1.4 -0.55 527.282625 
-1.4 -0.5 526.230142 
-1.4 -0.45 525.954247 
-1.4 -0.4 533.238607 
-1.4 -0.35 541.829313 
-1.4 -0.3 517.733033 
-1.4 -0.25 477.109075 
-1.4 -0.2 470.048072 
-1.4 -0.15 506.556734 
-1.4 -0.1 570.983891 
-1.4 -0.05 640.754687 
-1.4 0 670.217970 
-1.4 0.05 672.017823 
-1.4 0.1 699.230574 
-1.4 0.15 738.272690 
-1.4 0.2 753.723830 
-1.4 0.25 777.008924 
-1.4 0.3 814.527411 
-1.4 0.35 862.319629 
-1.4 0.4 922.778840 
-1.4 0.45 998.383472 
-1.4 0.5 1096.521552 
-1.4 0.55 1230.676521 
-1.4 0.6 1425.316203 
-1.4 0.65 1733.890745 
-1.4 0.7 2291.652169 
-1.35 -1 527.025000 
-1.35 -0.95 527.024953 
-1.35 -0.9 527.024593 
-1.35 -0.85 527.029155 
-1.35 -0.8 527.031781 
-1.35 -0.75 527.022108 
-1.35 -0.7 526.979368 
-1.35 -0.65 527.011057 
-1.35 -0.6 527.010745 
-1.35 -0.55 527.321739 
-1.35 -0.5 526.126428 
-1.35 -0.45 525.820552 
-1.35 -0.4 534.145370 
-1.35 -0.35 543.981913 
-1.35 -0.3 516.593676 
-1.35 -0.25 470.381208 
-1.35 -0.2 462.445399 
-1.35 -0.15 504.217466 
-1.35 -0.1 577.990957 
-1.35 -0.05 658.139023 
-1.35 0 692.463690 
-1.35 0.05 695.238496 
-1.35 0.1 726.957133 
-1.35 0.15 772.082201 
-1.35 0.2 790.249916 
-1.35 0.25 817.642687 
-1.35 0.3 861.790115 
-1.35 0.35 918.427085 
-1.35 0.4 990.440699 
-1.35 0.45 1081.005940 
-1.35 0.5 1199.500409 
-1.35 0.55 1363.330114 
-1.35 0.6 1605.064309 
-1.35 0.65 1998.513701 
-1.35 0.7 2741.024168 
-1.3 -1 527.025073 
-1.3 -0.95 527.025030 
-1.3 -0.9 527.024620 
-1.3 -0.85 527.029841 
-1.3 -0.8 527.032909 
-1.3 -0.75 527.021879 
-1.3 -0.7 526.972815 
-1.3 -0.65 527.009911 
-1.3 -0.6 527.010389 
-1.3 -0.55 527.371921 
-1.3 -0.5 525.998574 
-1.3 -0.45 525.658088 
-1.3 -0.4 535.299375 
-1.3 -0.35 546.719778 
-1.3 -0.3 515.219502 
-1.3 -0.25 462.008480 
-1.3 -0.2 453.008783 
-1.3 -0.15 501.455914 
-1.3 -0.1 587.105565 
-1.3 -0.05 680.528328 
-1.3 0 721.230160 
-1.3 0.05 725.481128 
-1.3 0.1 763.108750 
-1.3 0.15 816.106777 
-1.3 0.2 837.893681 
-1.3 0.25 870.764754 
-1.3 0.3 923.755245 
-1.3 0.35 992.304976 
-1.3 0.4 1079.992001 
-1.3 0.45 1191.025529 
-1.3 0.5 1337.711669 
-1.3 0.55 1543.364959 
-1.3 0.6 1853.240687 
-1.3 0.65 2374.584907 
-1.3 0.7 3414.145505 
-1.25 -1 527.025166 
-1.25 -0.95 527.025130 
-1.25 -0.9 527.024658 
-1.25 -0.85 527.030717 
-1.25 -0.8 527.034346 
-1.25 -0.75 527.021639 
-1.25 -0.7 526.964686 
-1.25 -0.65 527.008717 
-1.25 -0.6 527.010475 
-1.25 -0.55 527.436587 
-1.25 -0.5 525.841908 
-1.25 -0.45 525.462823 
-1.25 -0.4 536.771920 
-1.25 -0.35 550.210745 
-1.25 -0.3 513.584929 
-1.25 -0.25 451.621987 
-1.25 -0.2 441.342654 
-1.25 -0.15 498.271045 
-1.25 -0.1 599.046165 
-1.25 -0.05 709.513852 
-1.25 0 758.649355 
-1.25 0.05 765.148505 
-1.25 0.1 810.583311 
-1.25 0.15 873.827448 
-1.25 0.2 900.482729 
-1.25 0.25 940.735797 
-1.25 0.3 1005.647165 
-1.25 0.35 1090.426881 
-1.25 0.4 1199.640338 
-1.25 0.45 1339.070400 
-1.25 0.5 1525.444681 
-1.25 0.55 1791.252206 
-1.25 0.6 2202.380919 
-1.25 0.65 2923.694415 
-1.2 -1 527.025286 
-1.2 -0.95 527.025261 
-1.2 -0.9 527.024714 
-1.2 -0.85 527.031837 
-1.2 -0.8 527.036176 
-1.2 -0.75 527.021417 
-1.2 -0.7 526.954644 
-1.2 -0.65 527.007608 
-1.2 -0.6 527.011427 
-1.2 -0.55 527.520360 
-1.2 -0.5 525.651481 
-1.2 -0.45 525.231686 
-1.2 -0.4 538.657022 
-1.2 -0.35 554.675615 
-1.2 -0.3 511.678340 
-1.2 -0.25 438.790812 
-1.2 -0.2 426.995957 
-1.2 -0.15 494.725899 
-1.2 -0.1 614.819464 
-1.2 -0.05 747.272279 
-1.2 0 807.663168 
-1.2 0.05 817.601368 
-1.2 0.1 873.435435 
-1.2 0.15 950.096822 
-1.2 0.2 983.368214 
-1.2 0.25 1033.680838 
-1.2 0.3 1114.846576 
-1.2 0.35 1222.011952 
-1.2 0.4 1361.186021 
-1.2 0.45 1540.610302 
-1.2 0.5 1783.877139 
-1.2 0.55 2138.213277 
-1.2 0.6 2704.527239 
-1.2 0.65 3752.569722 
-1.15 -1 527.025439 
-1.15 -0.95 527.025433 
-1.15 -0.9 527.024796 
-1.15 -0.85 527.033276 
-1.15 -0.8 527.038518 
-1.15 -0.75 527.021262 
-1.15 -0.7 526.942304 
-1.15 -0.65 527.006838 
-1.15 -0.6 527.013964 
-1.15 -0.55 527.629570 
-1.15 -0.5 525.422534 
-1.15 -0.45 524.963964 
-1.15 -0.4 541.079776 
-1.15 -0.35 560.407398 
-1.15 -0.3 509.517766 
-1.15 -0.25 423.025715 
-1.15 -0.2 409.475790 
-1.15 -0.15 491.002853 
-1.15 -0.1 635.856107 
-1.15 -0.05 796.819266 
-1.15 0 872.382127 
-1.15 0.05 887.596318 
-1.15 0.1 957.400385 
-1.15 0.15 1051.749877 
-1.15 0.2 1094.107724 
-1.15 0.25 1158.292594 
-1.15 0.3 1261.892664 
-1.15 0.35 1400.332964 
-1.15 0.4 1581.789814 
-1.15 0.45 1818.454852 
-1.15 0.5 2144.908771 
-1.15 0.55 2632.962764 
-1.15 0.6 3445.883008 
-1.1 -1 527.025637 
-1.1 -0.95 527.025663 
-1.1 -0.9 527.024918 
-1.1 -0.85 527.035133 
-1.1 -0.8 527.041524 
-1.1 -0.75 527.021263 
-1.1 -0.7 526.927251 
-1.1 -0.65 527.006857 
-1.1 -0.6 527.019286 
-1.1 -0.55 527.772992 
-1.1 -0.5 525.151381 
-1.1 -0.45 524.663786 
-1.1 -0.4 544.208338 
-1.1 -0.35 567.798770 
-1.1 -0.3 507.177631 
-1.1 -0.25 403.795497 
-1.1 -0.2 388.281472 
-1.1 -0.15 487.496718 
-1.1 -0.1 664.218188 
-1.1 -0.05 862.388709 
-1.1 0 958.622147 
-1.1 0.05 981.941095 
-1.1 0.1 1070.671153 
-1.1 0.15 1188.502268 
-1.1 0.2 1243.469538 
-1.1 0.25 1327.019942 
-1.1 0.3 1461.974776 
-1.1 0.35 1644.681791 
-1.1 0.4 1886.664409 
-1.1 0.45 2206.649836 
-1.1 0.5 2657.402528 
-1.1 0.55 3353.490744 
-1.1 0.6 4575.247909 
-1.05 -1 527.025895 
-1.05 -0.95 527.025972 
-1.05 -0.9 527.025101 
-1.05 -0.85 527.037543 
-1.05 -0.8 527.045402 
-1.05 -0.75 527.021578 
-1.05 -0.7 526.909061 
-1.05 -0.65 527.008452 
-1.05 -0.6 527.029364 
-1.05 -0.55 527.962953 
-1.05 -0.5 524.837074 
-1.05 -0.45 524.344279 
-1.05 -0.4 548.271297 
-1.05 -0.35 577.381665 
-1.05 -0.3 504.833634 
-1.05 -0.25 380.566289 
-1.05 -0.2 362.974841 
-1.05 -0.15 484.970364 
-1.05 -0.1 702.919999 
-1.05 -0.05 950.005455 
-1.05 0 1074.712161 
-1.05 0.05 1110.476218 
-1.05 0.1 1225.047510 
-1.05 0.15 1374.265095 
-1.05 0.2 1446.901126 
-1.05 0.25 1557.815905 
-1.05 0.3 1737.145591 
-1.05 0.35 1983.312539 
-1.05 0.4 2313.171604 
-1.05 0.45 2756.598317 
-1.05 0.5 3397.550561 
-1.05 0.55 4428.450488 
-1 -1 527.026232 
-1 -0.95 527.026393 
-1 -0.9 527.025378 
-1 -0.85 527.040689 
-1 -0.8 527.050431 
-1 -0.75 527.022469 
-1 -0.7 526.887370 
-1 -0.65 527.012953 
-1 -0.6 527.047410 
-1 -0.55 528.217007 
-1 -0.5 524.484227 
-1 -0.45 524.034543 
-1 -0.4 553.583164 
-1 -0.35 589.885141 
-1 -0.3 502.836837 
-1 -0.25 352.880898 
-1 -0.2 333.312973 
-1 -0.15 484.813195 
-1 -0.1 756.428072 
-1 -0.05 1068.357606 
-1 0 1232.714189 
-1 0.05 1287.542032 
-1 0.1 1437.622524 
-1 0.15 1629.047974 
-1 0.2 1726.650891 
-1 0.25 1876.682906 
-1 0.3 2119.571806 
-1 0.35 2457.816147 
-1 0.4 2917.041945 
-1 0.45 3546.748867 
-1 0.5 4486.519488 
-1 0.55 6077.201767 
-0.95 -1 527.026676 
-0.95 -0.95 527.026972 
-0.95 -0.9 527.025800 
-0.95 -0.85 527.044831 
-0.95 -0.8 527.056994 
-0.95 -0.75 527.024376 
-0.95 -0.7 526.861979 
-0.95 -0.65 527.022581 
-0.95 -0.6 527.078651 
-0.95 -0.55 528.560457 
-0.95 -0.5 524.107863 
-0.95 -0.45 523.791101 
-0.95 -0.4 560.582161 
-0.95 -0.35 606.320698 
-0.95 -0.3 501.834998 
-0.95 -0.25 320.506531 
-0.95 -0.2 299.487585 
-0.95 -0.15 489.469643 
-0.95 -0.1 831.446898 
-0.95 -0.05 1230.132771 
-0.95 0 1450.267163 
-0.95 0.05 1534.155476 
-0.95 0.1 1733.220423 
-0.95 0.15 1981.659347 
-0.95 0.2 2114.768805 
-0.95 0.25 2321.306055 
-0.95 0.3 2656.228966 
-0.95 0.35 3129.527929 
-0.95 0.4 3781.750500 
-0.95 0.45 4698.057243 
-0.95 0.5 6121.328687 
-0.9 -1 527.027267 
-0.9 -0.95 527.027781 
-0.9 -0.9 527.026448 
-0.9 -0.85 527.050330 
-0.9 -0.8 527.065625 
-0.9 -0.75 527.028020 
-0.9 -0.7 526.833052 
-0.9 -0.65 527.040987 
-0.9 -0.6 527.131519 
-0.9 -0.55 529.030265 
-0.9 -0.5 523.741420 
-0.9 -0.45 523.716599 
-0.9 -0.4 569.886837 
-0.9 -0.35 628.109286 
-0.9 -0.3 502.969231 
-0.9 -0.25 283.697465 
-0.9 -0.2 262.544611 
-0.9 -0.15 503.148921 
-0.9 -0.1 938.163045 
-0.9 -0.05 1454.074819 
-0.9 0 1753.363501 
-0.9 0.05 1881.192942 
-0.9 0.1 2147.830660 
-0.9 0.15 2473.410975 
-0.9 0.2 2657.201720 
-0.9 0.25 2946.077504 
-0.9 0.3 3415.484008 
-0.9 0.35 4088.685573 
-0.9 0.4 5032.476207 
-0.9 0.45 6398.879314 
-0.85 -1 527.028062 
-0.85 -0.95 527.028923 
-0.85 -0.9 527.027447 
-0.85 -0.85 527.057705 
-0.85 -0.8 527.077076 
-0.85 -0.75 527.034575 
-0.85 -0.7 526.801456 
-0.85 -0.65 527.074155 
-0.85 -0.6 527.219645 
-0.85 -0.55 529.681038 
-0.85 -0.5 523.450029 
-0.85 -0.45 523.990035 
-0.85 -0.4 582.381492 
-0.85 -0.35 657.271795 
-0.85 -0.3 508.191302 
-0.85 -0.25 243.648499 
-0.85 -0.2 225.106387 
-0.85 -0.15 533.002054 
-0.85 -0.1 1092.227491 
-0.85 -0.05 1768.151863 
-0.85 0 2180.490765 
-0.85 0.05 2373.928180 
-0.85 0.1 2733.233986 
-0.85 0.15 3162.913618 
-0.85 0.2 3419.056171 
-0.85 0.25 3828.674177 
-0.85 0.3 4495.879833 
-0.85 0.35 5466.989001 
-0.85 0.4 6856.448924 
-0.8 -1 527.029143 
-0.8 -0.95 527.030559 
-0.8 -0.9 527.028997 
-0.8 -0.85 527.067709 
-0.8 -0.8 527.092414 
-0.8 -0.75 527.045940 
-0.8 -0.7 526.769329 
-0.8 -0.65 527.131810 
-0.8 -0.6 527.364936 
-0.8 -0.55 530.594319 
-0.8 -0.5 523.352004 
-0.8 -0.45 524.915428 
-0.8 -0.4 599.345938 
-0.8 -0.35 696.716194 
-0.8 -0.3 520.771816 
-0.8 -0.25 203.262689 
-0.8 -0.2 192.601408 
-0.8 -0.15 591.077821 
-0.8 -0.1 1317.930375 
-0.8 -0.05 2214.422763 
-0.8 0 2788.695005 
-0.8 0.05 3078.223823 
-0.8 0.1 3562.762556 
-0.8 0.15 4131.661643 
-0.8 0.2 4490.649681 
-0.8 0.25 5077.862362 
-0.8 0.3 6036.846560 
-0.8 0.35 7453.603917 
-0.8 0.4 9531.153455 
-0.75 -1 527.030633 
-0.75 -0.95 527.032932 
-0.75 -0.9 527.031407 
-0.75 -0.85 527.081439 
-0.75 -0.8 527.113185 
-0.75 -0.75 527.065176 
-0.75 -0.7 526.741022 
-0.75 -0.65 527.229690 
-0.75 -0.6 527.602660 
-0.75 -0.55 531.893099 
-0.75 -0.5 523.653608 
-0.75 -0.45 526.999747 
-0.75 -0.4 622.653879 
-0.75 -0.35 750.671638 
-0.75 -0.3 546.109931 
-0.75 -0.25 168.431609 
-0.75 -0.2 175.340867 
-0.75 -0.15 697.581808 
-0.75 -0.1 1653.300810 
-0.75 -0.05 2856.440205 
-0.75 0 3662.166536 
-0.75 0.05 4088.333928 
-0.75 0.1 4737.411409 
-0.75 0.15 5489.159085 
-0.75 0.2 5992.912333 
-0.75 0.25 6840.948319 
-0.75 0.3 8229.441183 
-0.75 0.35 10312.530563 
-0.7 -1 527.032711 
-0.7 -0.95 527.036417 
-0.7 -0.9 527.035166 
-0.7 -0.85 527.100531 
-0.7 -0.8 527.141650 
-0.7 -0.75 527.097187 
-0.7 -0.7 526.724666 
-0.7 -0.65 527.393252 
-0.7 -0.6 527.989605 
-0.7 -0.55 533.764452 
-0.7 -0.5 524.704846 
-0.7 -0.45 531.077218 
-0.7 -0.4 655.076469 
-0.7 -0.35 825.345571 
-0.7 -0.3 593.014323 
-0.7 -0.25 150.144009 
-0.7 -0.2 192.003314 
-0.7 -0.15 886.312762 
-0.7 -0.1 2158.294483 
-0.7 -0.05 3790.288462 
-0.7 0 4923.671671 
-0.7 0.05 5535.253798 
-0.7 0.1 6389.895611 
-0.7 0.15 7374.446226 
-0.7 0.2 8078.579173 
-0.7 0.25 9306.580172 
-0.7 0.3 11321.325496 
-0.65 -1 527.035650 
-0.65 -0.95 527.041591 
-0.65 -0.9 527.041043 
-0.65 -0.85 527.127431 
-0.65 -0.8 527.181142 
-0.65 -0.75 527.149808 
-0.65 -0.7 526.734700 
-0.65 -0.65 527.663533 
-0.65 -0.6 528.617256 
-0.65 -0.55 536.495180 
-0.65 -0.5 527.088626 
-0.65 -0.45 538.506737 
-0.65 -0.4 700.748484 
-0.65 -0.35 929.914665 
-0.65 -0.3 675.711859 
-0.65 -0.25 167.914557 
-0.65 -0.2 275.437684 
-0.65 -0.15 1213.717360 
-0.65 -0.1 2927.841415 
-0.65 -0.05 5160.409322 
-0.65 0 6748.050680 
-0.65 0.05 7592.163604 
-0.65 0.1 8681.185477 
-0.65 0.15 9947.678240 
-0.65 0.2 10921.889466 
-0.65 0.25 12693.231373 
-0.6 -1 527.039864 
-0.6 -0.95 527.049355 
-0.6 -0.9 527.050239 
-0.6 -0.85 527.165846 
-0.6 -0.8 527.236641 
-0.6 -0.75 527.235514 
-0.6 -0.7 526.796034 
-0.6 -0.65 528.106815 
-0.6 -0.6 529.633522 
-0.6 -0.55 540.528150 
-0.6 -0.5 531.762196 
-0.6 -0.45 551.484384 
-0.6 -0.4 765.882154 
-0.6 -0.35 1078.009254 
-0.6 -0.3 816.956479 
-0.6 -0.25 255.269367 
-0.6 -0.2 482.210194 
-0.6 -0.15 1773.840873 
-0.6 -0.1 4112.237384 
-0.6 -0.05 7180.610693 
-0.6 0 9373.997998 
-0.6 0.05 10468.887012 
-0.6 0.1 11779.352350 
-0.6 0.15 13361.034426 
-0.6 0.2 14683.778183 
-0.55 -1 527.045989 
-0.55 -0.95 527.061111 
-0.55 -0.9 527.064645 
-0.55 -0.85 527.221439 
-0.55 -0.8 527.315621 
-0.55 -0.75 527.374100 
-0.55 -0.7 526.950738 
-0.55 -0.65 528.830069 
-0.55 -0.6 531.278364 
-0.55 -0.55 546.551778 
-0.55 -0.5 540.281265 
-0.55 -0.45 573.535801 
-0.55 -0.4 859.856368 
-0.55 -0.35 1289.905585 
-0.55 -0.3 1052.748711 
-0.55 -0.25 468.315010 
-0.55 -0.2 907.963437 
-0.55 -0.15 2722.459375 
-0.55 -0.1 5947.630242 
-0.55 -0.05 10157.595172 
-0.55 0 13103.859102 
-0.55 0.05 14380.182031 
-0.55 0.1 15805.718889 
-0.55 0.15 17694.243818 
-0.5 -1 527.055007 
-0.5 -0.95 527.079061 
-0.5 -0.9 527.087212 
-0.5 -0.85 527.302931 
-0.5 -0.8 527.429406 
-0.5 -0.75 527.596942 
-0.5 -0.7 527.268942 
-0.5 -0.65 530.006538 
-0.5 -0.6 533.943288 
-0.5 -0.55 555.643679 
-0.5 -0.5 555.153167 
-0.5 -0.45 610.288903 
-0.5 -0.4 996.862081 
-0.5 -0.35 1595.688283 
-0.5 -0.3 1439.275483 
-0.5 -0.25 898.606683 
-0.5 -0.2 1711.070076 
-0.5 -0.15 4314.062489 
-0.5 -0.1 8797.311531 
-0.5 -0.05 14505.902905 
-0.5 0 18270.005922 
-0.5 0.05 19466.127457 
-0.5 0.1 20733.511316 
-0.45 -1 527.068450 
-0.45 -0.95 527.106677 
-0.45 -0.9 527.122549 
-0.45 -0.85 527.423870 
-0.45 -0.8 527.595195 
-0.45 -0.75 527.953519 
-0.45 -0.7 527.866423 
-0.45 -0.65 531.917616 
-0.45 -0.6 538.272251 
-0.45 -0.55 569.503864 
-0.45 -0.5 580.392224 
-0.45 -0.45 670.678667 
-0.45 -0.4 1198.346941 
-0.45 -0.35 2039.633978 
-0.45 -0.3 2062.583499 
-0.45 -0.25 1691.155598 
-0.45 -0.2 3145.955736 
-0.45 -0.15 6952.183335 
-0.45 -0.1 13194.827695 
-0.45 -0.05 20724.770960 
-0.45 0 25133.780446 
-0.45 0.05 25647.670982 
-0.4 -1 527.088712 
-0.4 -0.95 527.149469 
-0.4 -0.9 527.177836 
-0.4 -0.85 527.605455 
-0.4 -0.8 527.839167 
-0.4 -0.75 528.521802 
-0.4 -0.7 528.933144 
-0.4 -0.65 535.022799 
-0.4 -0.6 545.335206 
-0.4 -0.55 590.839913 
-0.4 -0.5 622.391856 
-0.4 -0.45 768.813423 
-0.4 -0.4 1496.539822 
-0.4 -0.35 2685.882946 
-0.4 -0.3 3050.794113 
-0.4 -0.25 3066.295140 
-0.4 -0.2 5601.194358 
-0.4 -0.15 11238.589906 
-0.4 -0.1 19850.963456 
-0.4 -0.05 29277.986159 
-0.4 0 33685.782471 
-0.4 0.05 32437.329314 
-0.35 -1 527.119576 
-0.35 -0.95 527.216244 
-0.35 -0.9 527.264198 
-0.35 -0.85 527.881133 
-0.35 -0.8 528.201089 
-0.35 -0.75 529.424273 
-0.35 -0.7 530.779259 
-0.35 -0.65 540.077676 
-0.35 -0.6 556.933300 
-0.35 -0.55 624.017671 
-0.35 -0.5 691.295368 
-0.35 -0.45 926.833429 
-0.35 -0.4 1939.261363 
-0.35 -0.35 3624.877518 
-0.35 -0.3 4586.534766 
-0.35 -0.25 5337.910744 
-0.35 -0.2 9618.414151 
-0.35 -0.15 17963.733930 
-0.35 -0.1 29524.327341 
-0.35 -0.05 40298.858827 
-0.35 0 43370.733027 
-0.3 -1 527.167022 
-0.3 -0.95 527.321154 
-0.3 -0.9 527.398822 
-0.3 -0.85 528.304032 
-0.3 -0.8 528.741307 
-0.3 -0.75 530.853667 
-0.3 -0.7 533.910497 
-0.3 -0.65 548.335375 
-0.3 -0.6 576.145161 
-0.3 -0.55 676.190820 
-0.3 -0.5 803.163114 
-0.3 -0.45 1179.209836 
-0.3 -0.4 2595.819754 
-0.3 -0.35 4978.704716 
-0.3 -0.3 6912.384623 
-0.3 -0.25 8907.213640 
-0.3 -0.2 15827.615933 
-0.3 -0.15 27899.549422 
-0.3 -0.1 42584.561671 
-0.3 -0.05 53109.861706 
-0.25 -1 527.240521 
-0.25 -0.95 527.486867 
-0.25 -0.9 527.608146 
-0.25 -0.85 528.958868 
-0.25 -0.8 529.550862 
-0.25 -0.75 533.114992 
-0.25 -0.7 539.152163 
-0.25 -0.65 561.896578 
-0.25 -0.6 608.314906 
-0.25 -0.55 759.308731 
-0.25 -0.5 983.414064 
-0.25 -0.45 1578.964973 
-0.25 -0.4 3562.529953 
-0.25 -0.35 6901.089617 
-0.25 -0.3 10313.573659 
-0.25 -0.25 14192.127604 
-0.25 -0.2 24688.289072 
-0.25 -0.15 41210.695877 
-0.25 -0.1 58191.587155 
-0.2 -1 527.355074 
-0.2 -0.95 527.748996 
-0.2 -0.9 527.932807 
-0.2 -0.85 529.979796 
-0.2 -0.8 530.766600 
-0.2 -0.75 536.698245 
-0.2 -0.7 547.860487 
-0.2 -0.65 584.328159 
-0.2 -0.6 662.820011 
-0.2 -0.55 893.711470 
-0.2 -0.5 1272.243324 
-0.2 -0.45 2205.848725 
-0.2 -0.4 4963.413137 
-0.2 -0.35 9564.919827 
-0.2 -0.3 15052.556927 
-0.2 -0.25 21446.876395 
-0.2 -0.2 35972.307576 
-0.2 -0.15 56563.262360 
-0.15 -1 527.534397 
-0.15 -0.95 528.161443 
-0.15 -0.9 528.436574 
-0.15 -0.85 531.574937 
-0.15 -0.8 532.591509 
-0.15 -0.75 542.409387 
-0.15 -0.7 562.285245 
-0.15 -0.65 621.766847 
-0.15 -0.6 756.069349 
-0.15 -0.55 1114.268113 
-0.15 -0.5 1732.518737 
-0.15 -0.45 3174.354113 
-0.15 -0.4 6936.092704 
-0.15 -0.35 13129.671537 
-0.15 -0.3 21231.726741 
-0.15 -0.25 30480.723550 
-0.15 -0.2 48225.334969 
-0.1 -1 527.816229 
-0.1 -0.95 528.804193 
-0.1 -0.9 529.225887 
-0.1 -0.85 534.060682 
-0.1 -0.8 535.324938 
-0.1 -0.75 551.604335 
-0.1 -0.7 586.144539 
-0.1 -0.65 684.854914 
-0.1 -0.6 915.973842 
-0.1 -0.55 1479.131210 
-0.1 -0.5 2457.884677 
-0.1 -0.45 4631.964164 
-0.1 -0.4 9587.121971 
-0.1 -0.35 17686.631489 
-0.1 -0.3 28596.522371 
-0.1 -0.25 40416.709248 
-0.05 -1 528.258918 
-0.05 -0.95 529.805052 
-0.05 -0.9 530.491148 
-0.05 -0.85 537.911662 
-0.05 -0.8 539.432378 
-0.05 -0.75 566.416421 
-0.05 -0.7 625.361003 
-0.05 -0.65 791.959289 
-0.05 -0.6 1187.105923 
-0.05 -0.55 2075.445824 
-0.05 -0.5 3566.690407 
-0.05 -0.45 6718.226174 
-0.05 -0.4 12907.916822 
-0.05 -0.35 23181.235412 
-0.05 -0.3 36371.367781 
0 -1 528.953544 
0 -0.95 531.378624 
0 -0.9 532.600054 
0 -0.85 543.715126 
0 -0.8 545.651324 
0 -0.75 589.534092 
0 -0.7 689.340730 
0 -0.65 973.656273 
0 -0.6 1630.070277 
0 -0.55 2994.575302 
0 -0.5 5136.008025 
0 -0.45 9435.377733 
0 -0.4 16698.619009 
0 -0.35 29268.244319 
0.05 -1 530.086644 
0.05 -0.95 533.796486 
0.05 -0.9 536.268691 
0.05 -0.85 552.359946 
0.05 -0.8 555.168696 
0.05 -0.75 626.480059 
0.05 -0.7 793.720859 
0.05 -0.65 1273.106137 
0.05 -0.6 2288.129896 
0.05 -0.55 4200.228753 
0.05 -0.5 6996.619353 
0.05 -0.45 12455.983934 
0.05 -0.4 20687.490131 
0.1 -1 531.823244 
0.1 -0.95 537.456336 
0.1 -0.9 542.551495 
0.1 -0.85 566.274232 
0.1 -0.8 570.639045 
0.1 -0.75 684.281628 
0.1 -0.7 960.224020 
0.1 -0.65 1732.584187 
0.1 -0.6 3094.472182 
0.1 -0.55 5284.386325 
0.1 -0.5 8535.519643 
0.1 -0.45 15242.620912 
0.15 -1 534.045079 
0.15 -0.95 543.295867 
0.15 -0.9 552.306587 
0.15 -0.85 586.016611 
0.15 -0.8 595.504707 
0.15 -0.75 771.846498 
0.15 -0.7 1208.909770 
0.15 -0.65 2337.735322 
0.15 -0.6 3765.945114 
0.15 -0.55 5490.571528 
0.15 -0.5 9384.010740 
0.2 -1 536.994616 
0.2 -0.95 553.053338 
0.2 -0.9 565.881805 
0.2 -0.85 617.589029 
0.2 -0.8 635.766161 
0.2 -0.75 901.534358 
0.2 -0.7 1554.640290 
0.2 -0.65 2910.404332 
0.2 -0.6 3944.392370 
0.2 -0.55 5158.282854 
0.25 -1 543.761361 
0.25 -0.95 568.263935 
0.25 -0.9 588.617172 
0.25 -0.85 664.410229 
0.25 -0.8 701.999960 
0.25 -0.75 1061.939128 
0.25 -0.7 1962.717231 
0.25 -0.65 3205.864236 
0.25 -0.6 3914.939311 
0.3 -1 557.144635 
0.3 -0.95 592.159843 
0.3 -0.9 608.834605 
0.3 -0.85 736.683801 
0.3 -0.8 794.565867 
0.3 -0.75 1243.953283 
0.3 -0.7 2304.677846 
0.3 -0.65 3320.717773 
0.35 -1 577.472831 
0.35 -0.95 627.059237 
0.35 -0.9 652.881257 
0.35 -0.85 835.441445 
0.35 -0.8 922.136154 
0.35 -0.75 1376.961048 
0.35 -0.7 2401.376469 
0.4 -1 591.145699 
0.4 -0.95 681.705130 
0.4 -0.9 751.995088 
0.4 -0.85 1001.543942 
0.4 -0.8 1108.932628 
0.4 -0.75 1605.980375 
0.45 -1 630.326415 
0.45 -0.95 736.202567 
0.45 -0.9 888.113308 
0.45 -0.85 1291.008212 
0.45 -0.8 1402.819827 
0.5 -1 693.744140 
0.5 -0.95 846.672867 
0.5 -0.9 1136.385282 
0.5 -0.85 1422.850982 
0.55 -1 770.320498 
0.55 -0.95 985.790648 
0.55 -0.9 1417.960352 
0.6 -1 935.428207 
0.6 -0.95 1240.025913 
0.65 -1 1156.013740 
