-3 -1 146.908941 
-3 -0.95 146.909012 
-3 -0.9 146.909055 
-3 -0.85 146.910789 
-3 -0.8 146.912686 
-3 -0.75 146.906148 
-3 -0.7 146.905222 
-3 -0.65 146.912621 
-3 -0.6 146.924040 
-3 -0.55 146.892779 
-3 -0.5 146.945935 
-3 -0.45 146.826735 
-3 -0.4 146.397974 
-3 -0.35 146.313177 
-3 -0.3 148.123212 
-3 -0.25 152.443076 
-3 -0.2 157.483704 
-3 -0.15 158.809801 
-3 -0.1 152.150918 
-3 -0.05 137.545102 
-3 0 120.259441 
-3 0.05 106.195916 
-3 0.1 98.302582 
-3 0.15 95.050186 
-3 0.2 92.608054 
-3 0.25 88.119773 
-3 0.3 81.579023 
-3 0.35 73.829836 
-3 0.4 65.141261 
-3 0.45 55.603904 
-3 0.5 45.149633 
-3 0.55 33.808515 
-3 0.6 22.092765 
-3 0.65 11.610130 
-3 0.7 7.274663 
-3 0.75 24.816495 
-3 0.8 122.448797 
-2.95 -1 146.908911 
-2.95 -0.95 146.908971 
-2.95 -0.9 146.909033 
-2.95 -0.85 146.910749 
-2.95 -0.8 146.912702 
-2.95 -0.75 146.906143 
-2.95 -0.7 146.905218 
-2.95 -0.65 146.912610 
-2.95 -0.6 146.924062 
-2.95 -0.55 146.892848 
-2.95 -0.5 146.945938 
-2.95 -0.45 146.826760 
-2.95 -0.4 146.397808 
-2.95 -0.35 146.313116 
-2.95 -0.3 148.123530 
-2.95 -0.25 152.444244 
-2.95 -0.2 157.485886 
-2.95 -0.15 158.812178 
-2.95 -0.1 152.152145 
-2.95 -0.05 137.543630 
-2.95 0 120.254870 
-2.95 0.05 106.188762 
-2.95 0.1 98.294244 
-2.95 0.15 95.041539 
-2.95 0.2 92.599011 
-2.95 0.25 88.110178 
-2.95 0.3 81.568516 
-2.95 0.35 73.818451 
-2.95 0.4 65.129265 
-2.95 0.45 55.590967 
-2.95 0.5 45.136321 
-2.95 0.55 33.795268 
-2.95 0.6 22.080709 
-2.95 0.65 11.601949 
-2.95 0.7 7.275972 
-2.95 0.75 24.844014 
-2.95 0.8 122.562877 
-2.9 -1 146.908944 
-2.9 -0.95 146.909031 
-2.9 -0.9 146.909052 
-2.9 -0.85 146.910778 
-2.9 -0.8 146.912729 
-2.9 -0.75 146.906144 
-2.9 -0.7 146.905230 
-2.9 -0.65 146.912620 
-2.9 -0.6 146.924041 
-2.9 -0.55 146.892801 
-2.9 -0.5 146.945955 
-2.9 -0.45 146.826674 
-2.9 -0.4 146.397705 
-2.9 -0.35 146.312973 
-2.9 -0.3 148.123843 
-2.9 -0.25 152.445674 
-2.9 -0.2 157.488561 
-2.9 -0.15 158.815355 
-2.9 -0.1 152.153662 
-2.9 -0.05 137.541930 
-2.9 0 120.249140 
-2.9 0.05 106.179855 
-2.9 0.1 98.283727 
-2.9 0.15 95.030430 
-2.9 0.2 92.587589 
-2.9 0.25 88.097949 
-2.9 0.3 81.555271 
-2.9 0.35 73.804127 
-2.9 0.4 65.113767 
-2.9 0.45 55.574963 
-2.9 0.5 45.119659 
-2.9 0.55 33.778819 
-2.9 0.6 22.065897 
-2.9 0.65 11.591695 
-2.9 0.7 7.278013 
-2.9 0.75 24.879386 
-2.9 0.8 122.705911 
-2.85 -1 146.908921 
-2.85 -0.95 146.908970 
-2.85 -0.9 146.909012 
-2.85 -0.85 146.910790 
-2.85 -0.8 146.912726 
-2.85 -0.75 146.906145 
-2.85 -0.7 146.905209 
-2.85 -0.65 146.912632 
-2.85 -0.6 146.924058 
-2.85 -0.55 146.892816 
-2.85 -0.5 146.945977 
-2.85 -0.45 146.826681 
-2.85 -0.4 146.397609 
-2.85 -0.35 146.312820 
-2.85 -0.3 148.124225 
-2.85 -0.25 152.447520 
-2.85 -0.2 157.492010 
-2.85 -0.15 158.819247 
-2.85 -0.1 152.155489 
-2.85 -0.05 137.539684 
-2.85 0 120.241973 
-2.85 0.05 106.168724 
-2.85 0.1 98.270437 
-2.85 0.15 95.016538 
-2.85 0.2 92.573313 
-2.85 0.25 88.082554 
-2.85 0.3 81.538565 
-2.85 0.35 73.786206 
-2.85 0.4 65.094489 
-2.85 0.45 55.554511 
-2.85 0.5 45.098734 
-2.85 0.55 33.758106 
-2.85 0.6 22.047187 
-2.85 0.65 11.579009 
-2.85 0.7 7.280284 
-2.85 0.75 24.923434 
-2.85 0.8 122.886298 
-2.8 -1 146.908936 
-2.8 -0.95 146.909005 
-2.8 -0.9 146.909033 
-2.8 -0.85 146.910767 
-2.8 -0.8 146.912778 
-2.8 -0.75 146.906139 
-2.8 -0.7 146.905224 
-2.8 -0.65 146.912635 
-2.8 -0.6 146.924037 
-2.8 -0.55 146.892852 
-2.8 -0.5 146.945980 
-2.8 -0.45 146.826654 
-2.8 -0.4 146.397352 
-2.8 -0.35 146.312670 
-2.8 -0.3 148.124794 
-2.8 -0.25 152.449704 
-2.8 -0.2 157.496256 
-2.8 -0.15 158.824043 
-2.8 -0.1 152.157954 
-2.8 -0.05 137.536722 
-2.8 0 120.232781 
-2.8 0.05 106.154677 
-2.8 0.1 98.253842 
-2.8 0.15 94.999132 
-2.8 0.2 92.555276 
-2.8 0.25 88.063245 
-2.8 0.3 81.517595 
-2.8 0.35 73.763453 
-2.8 0.4 65.070136 
-2.8 0.45 55.528972 
-2.8 0.5 45.072350 
-2.8 0.55 33.731872 
-2.8 0.6 22.023730 
-2.8 0.65 11.562592 
-2.8 0.7 7.283209 
-2.8 0.75 24.979038 
-2.8 0.8 123.113939 
-2.75 -1 146.908890 
-2.75 -0.95 146.909011 
-2.75 -0.9 146.909013 
-2.75 -0.85 146.910807 
-2.75 -0.8 146.912722 
-2.75 -0.75 146.906132 
-2.75 -0.7 146.905220 
-2.75 -0.65 146.912611 
-2.75 -0.6 146.924052 
-2.75 -0.55 146.892855 
-2.75 -0.5 146.945967 
-2.75 -0.45 146.826622 
-2.75 -0.4 146.397176 
-2.75 -0.35 146.312374 
-2.75 -0.3 148.125500 
-2.75 -0.25 152.452576 
-2.75 -0.2 157.501647 
-2.75 -0.15 158.830176 
-2.75 -0.1 152.161143 
-2.75 -0.05 137.533055 
-2.75 0 120.221220 
-2.75 0.05 106.137058 
-2.75 0.1 98.232869 
-2.75 0.15 94.977104 
-2.75 0.2 92.532537 
-2.75 0.25 88.039062 
-2.75 0.3 81.491134 
-2.75 0.35 73.734772 
-2.75 0.4 65.039469 
-2.75 0.45 55.496637 
-2.75 0.5 45.039060 
-2.75 0.55 33.699048 
-2.75 0.6 21.993866 
-2.75 0.65 11.542304 
-2.75 0.7 7.287244 
-2.75 0.75 25.049218 
-2.75 0.8 123.399740 
-2.7 -1 146.908911 
-2.7 -0.95 146.909000 
-2.7 -0.9 146.909040 
-2.7 -0.85 146.910776 
-2.7 -0.8 146.912772 
-2.7 -0.75 146.906164 
-2.7 -0.7 146.905225 
-2.7 -0.65 146.912637 
-2.7 -0.6 146.924104 
-2.7 -0.55 146.892805 
-2.7 -0.5 146.946033 
-2.7 -0.45 146.826598 
-2.7 -0.4 146.396860 
-2.7 -0.35 146.312144 
-2.7 -0.3 148.126286 
-2.7 -0.25 152.456197 
-2.7 -0.2 157.508438 
-2.7 -0.15 158.837745 
-2.7 -0.1 152.164969 
-2.7 -0.05 137.528473 
-2.7 0 120.206748 
-2.7 0.05 106.114623 
-2.7 0.1 98.206503 
-2.7 0.15 94.949462 
-2.7 0.2 92.504024 
-2.7 0.25 88.008532 
-2.7 0.3 81.458053 
-2.7 0.35 73.698857 
-2.7 0.4 65.001131 
-2.7 0.45 55.455859 
-2.7 0.5 44.997297 
-2.7 0.55 33.657675 
-2.7 0.6 21.956522 
-2.7 0.65 11.516687 
-2.7 0.7 7.292099 
-2.7 0.75 25.137837 
-2.7 0.8 123.759381 
-2.65 -1 146.908894 
-2.65 -0.95 146.908977 
-2.65 -0.9 146.909052 
-2.65 -0.85 146.910836 
-2.65 -0.8 146.912776 
-2.65 -0.75 146.906111 
-2.65 -0.7 146.905219 
-2.65 -0.65 146.912626 
-2.65 -0.6 146.924081 
-2.65 -0.55 146.892793 
-2.65 -0.5 146.946137 
-2.65 -0.45 146.826544 
-2.65 -0.4 146.396541 
-2.65 -0.35 146.311667 
-2.65 -0.3 148.127392 
-2.65 -0.25 152.460715 
-2.65 -0.2 157.516957 
-2.65 -0.15 158.847565 
-2.65 -0.1 152.169889 
-2.65 -0.05 137.522701 
-2.65 0 120.188545 
-2.65 0.05 106.086618 
-2.65 0.1 98.173328 
-2.65 0.15 94.914641 
-2.65 0.2 92.468176 
-2.65 0.25 87.970163 
-2.65 0.3 81.416139 
-2.65 0.35 73.653443 
-2.65 0.4 64.952639 
-2.65 0.45 55.405082 
-2.65 0.5 44.944607 
-2.65 0.55 33.605722 
-2.65 0.6 21.909602 
-2.65 0.65 11.484727 
-2.65 0.7 7.298586 
-2.65 0.75 25.250145 
-2.65 0.8 124.215514 
-2.6 -1 146.908924 
-2.6 -0.95 146.908977 
-2.6 -0.9 146.909047 
-2.6 -0.85 146.910777 
-2.6 -0.8 146.912739 
-2.6 -0.75 146.906118 
-2.6 -0.7 146.905176 
-2.6 -0.65 146.912637 
-2.6 -0.6 146.924089 
-2.6 -0.55 146.892800 
-2.6 -0.5 146.946144 
-2.6 -0.45 146.826477 
-2.6 -0.4 146.396101 
-2.6 -0.35 146.311203 
-2.6 -0.3 148.128822 
-2.6 -0.25 152.466397 
-2.6 -0.2 157.527721 
-2.6 -0.15 158.859845 
-2.6 -0.1 152.176000 
-2.6 -0.05 137.515438 
-2.6 0 120.165536 
-2.6 0.05 106.051293 
-2.6 0.1 98.131607 
-2.6 0.15 94.870766 
-2.6 0.2 92.422810 
-2.6 0.25 87.921653 
-2.6 0.3 81.363487 
-2.6 0.35 73.596471 
-2.6 0.4 64.891672 
-2.6 0.45 55.340747 
-2.6 0.5 44.878305 
-2.6 0.55 33.540367 
-2.6 0.6 21.850574 
-2.6 0.65 11.444368 
-2.6 0.7 7.306950 
-2.6 0.75 25.391767 
-2.6 0.8 124.788729 
-2.55 -1 146.908937 
-2.55 -0.95 146.908997 
-2.55 -0.9 146.909035 
-2.55 -0.85 146.910762 
-2.55 -0.8 146.912772 
-2.55 -0.75 146.906115 
-2.55 -0.7 146.905199 
-2.55 -0.65 146.912657 
-2.55 -0.6 146.924091 
-2.55 -0.55 146.892760 
-2.55 -0.5 146.946181 
-2.55 -0.45 146.826422 
-2.55 -0.4 146.395522 
-2.55 -0.35 146.310618 
-2.55 -0.3 148.130486 
-2.55 -0.25 152.473540 
-2.55 -0.2 157.541306 
-2.55 -0.15 158.875200 
-2.55 -0.1 152.183764 
-2.55 -0.05 137.506344 
-2.55 0 120.136828 
-2.55 0.05 106.006776 
-2.55 0.1 98.079043 
-2.55 0.15 94.815539 
-2.55 0.2 92.365875 
-2.55 0.25 87.860870 
-2.55 0.3 81.297293 
-2.55 0.35 73.524928 
-2.55 0.4 64.814967 
-2.55 0.45 55.259910 
-2.55 0.5 44.795267 
-2.55 0.55 33.457928 
-2.55 0.6 21.776288 
-2.55 0.65 11.393875 
-2.55 0.7 7.317865 
-2.55 0.75 25.571166 
-2.55 0.8 125.514783 
-2.5 -1 146.908941 
-2.5 -0.95 146.908995 
-2.5 -0.9 146.909000 
-2.5 -0.85 146.910823 
-2.5 -0.8 146.912738 
-2.5 -0.75 146.906116 
-2.5 -0.7 146.905189 
-2.5 -0.65 146.912616 
-2.5 -0.6 146.924110 
-2.5 -0.55 146.892745 
-2.5 -0.5 146.946267 
-2.5 -0.45 146.826312 
-2.5 -0.4 146.394838 
-2.5 -0.35 146.309889 
-2.5 -0.3 148.132624 
-2.5 -0.25 152.482631 
-2.5 -0.2 157.558300 
-2.5 -0.15 158.894569 
-2.5 -0.1 152.193561 
-2.5 -0.05 137.494816 
-2.5 0 120.100421 
-2.5 0.05 105.950732 
-2.5 0.1 98.012774 
-2.5 0.15 94.746073 
-2.5 0.2 92.294169 
-2.5 0.25 87.784357 
-2.5 0.3 81.213968 
-2.5 0.35 73.434819 
-2.5 0.4 64.718558 
-2.5 0.45 55.158139 
-2.5 0.5 44.690504 
-2.5 0.55 33.354643 
-2.5 0.6 21.683438 
-2.5 0.65 11.330958 
-2.5 0.7 7.332468 
-2.5 0.75 25.797862 
-2.5 0.8 126.432513 
-2.45 -1 146.908922 
-2.45 -0.95 146.909014 
-2.45 -0.9 146.909034 
-2.45 -0.85 146.910784 
-2.45 -0.8 146.912792 
-2.45 -0.75 146.906142 
-2.45 -0.7 146.905180 
-2.45 -0.65 146.912652 
-2.45 -0.6 146.924180 
-2.45 -0.55 146.892750 
-2.45 -0.5 146.946306 
-2.45 -0.45 146.826191 
-2.45 -0.4 146.393991 
-2.45 -0.35 146.308888 
-2.45 -0.3 148.135452 
-2.45 -0.25 152.493969 
-2.45 -0.2 157.579860 
-2.45 -0.15 158.919087 
-2.45 -0.1 152.205777 
-2.45 -0.05 137.480365 
-2.45 0 120.054842 
-2.45 0.05 105.880416 
-2.45 0.1 97.929585 
-2.45 0.15 94.658713 
-2.45 0.2 92.203848 
-2.45 0.25 87.687991 
-2.45 0.3 81.109129 
-2.45 0.35 73.321422 
-2.45 0.4 64.597231 
-2.45 0.45 55.030234 
-2.45 0.5 44.558723 
-2.45 0.55 33.224826 
-2.45 0.6 21.566675 
-2.45 0.65 11.252214 
-2.45 0.7 7.351753 
-2.45 0.75 26.085383 
-2.45 0.8 127.593207 
-2.4 -1 146.908894 
-2.4 -0.95 146.909004 
-2.4 -0.9 146.909041 
-2.4 -0.85 146.910800 
-2.4 -0.8 146.912808 
-2.4 -0.75 146.906128 
-2.4 -0.7 146.905167 
-2.4 -0.65 146.912679 
-2.4 -0.6 146.924201 
-2.4 -0.55 146.892671 
-2.4 -0.5 146.946419 
-2.4 -0.45 146.826033 
-2.4 -0.4 146.392849 
-2.4 -0.35 146.307711 
-2.4 -0.3 148.138858 
-2.4 -0.25 152.508236 
-2.4 -0.2 157.606954 
-2.4 -0.15 158.949911 
-2.4 -0.1 152.221245 
-2.4 -0.05 137.462350 
-2.4 0 119.997397 
-2.4 0.05 105.791818 
-2.4 0.1 97.824891 
-2.4 0.15 94.548758 
-2.4 0.2 92.090449 
-2.4 0.25 87.566792 
-2.4 0.3 80.977324 
-2.4 0.35 73.178697 
-2.4 0.4 64.444454 
-2.4 0.45 54.869537 
-2.4 0.5 44.393353 
-2.4 0.55 33.061660 
-2.4 0.6 21.420369 
-2.4 0.65 11.153972 
-2.4 0.7 7.377836 
-2.4 0.75 26.451234 
-2.4 0.8 129.066445 
-2.35 -1 146.908937 
-2.35 -0.95 146.908979 
-2.35 -0.9 146.909033 
-2.35 -0.85 146.910820 
-2.35 -0.8 146.912793 
-2.35 -0.75 146.906109 
-2.35 -0.7 146.905138 
-2.35 -0.65 146.912655 
-2.35 -0.6 146.924286 
-2.35 -0.55 146.892647 
-2.35 -0.5 146.946647 
-2.35 -0.45 146.825859 
-2.35 -0.4 146.391352 
-2.35 -0.35 146.306200 
-2.35 -0.3 148.143192 
-2.35 -0.25 152.526283 
-2.35 -0.2 157.640970 
-2.35 -0.15 158.988624 
-2.35 -0.1 152.240862 
-2.35 -0.05 137.439447 
-2.35 0 119.925097 
-2.35 0.05 105.680256 
-2.35 0.1 97.692992 
-2.35 0.15 94.410566 
-2.35 0.2 91.947722 
-2.35 0.25 87.414559 
-2.35 0.3 80.811495 
-2.35 0.35 72.999045 
-2.35 0.4 64.252669 
-2.35 0.45 54.667622 
-2.35 0.5 44.185666 
-2.35 0.55 32.857351 
-2.35 0.6 21.237189 
-2.35 0.65 11.031992 
-2.35 0.7 7.413265 
-2.35 0.75 26.917416 
-2.35 0.8 130.934366 
-2.3 -1 146.908944 
-2.3 -0.95 146.908994 
-2.3 -0.9 146.909046 
-2.3 -0.85 146.910822 
-2.3 -0.8 146.912786 
-2.3 -0.75 146.906108 
-2.3 -0.7 146.905157 
-2.3 -0.65 146.912684 
-2.3 -0.6 146.924320 
-2.3 -0.55 146.892585 
-2.3 -0.5 146.946758 
-2.3 -0.45 146.825609 
-2.3 -0.4 146.389597 
-2.3 -0.35 146.304257 
-2.3 -0.3 148.148671 
-2.3 -0.25 152.549065 
-2.3 -0.2 157.683941 
-2.3 -0.15 159.037462 
-2.3 -0.1 152.265531 
-2.3 -0.05 137.410865 
-2.3 0 119.834128 
-2.3 0.05 105.540108 
-2.3 0.1 97.527163 
-2.3 0.15 94.236374 
-2.3 0.2 91.768133 
-2.3 0.25 87.223155 
-2.3 0.3 80.603020 
-2.3 0.35 72.773686 
-2.3 0.4 64.011659 
-2.3 0.45 54.414029 
-2.3 0.5 43.924902 
-2.3 0.55 32.600915 
-2.3 0.6 21.008240 
-2.3 0.65 10.880984 
-2.3 0.7 7.462252 
-2.3 0.75 27.512962 
-2.3 0.8 133.312769 
-2.25 -1 146.908917 
-2.25 -0.95 146.909002 
-2.25 -0.9 146.909058 
-2.25 -0.85 146.910826 
-2.25 -0.8 146.912799 
-2.25 -0.75 146.906106 
-2.25 -0.7 146.905165 
-2.25 -0.65 146.912711 
-2.25 -0.6 146.924384 
-2.25 -0.55 146.892530 
-2.25 -0.5 146.946970 
-2.25 -0.45 146.825309 
-2.25 -0.4 146.387409 
-2.25 -0.35 146.301899 
-2.25 -0.3 148.155450 
-2.25 -0.25 152.577587 
-2.25 -0.2 157.737943 
-2.25 -0.15 159.099005 
-2.25 -0.1 152.296630 
-2.25 -0.05 137.374850 
-2.25 0 119.719632 
-2.25 0.05 105.363779 
-2.25 0.1 97.318798 
-2.25 0.15 94.017727 
-2.25 0.2 91.542353 
-2.25 0.25 86.982154 
-2.25 0.3 80.340880 
-2.25 0.35 72.490202 
-2.25 0.4 63.708946 
-2.25 0.45 54.095653 
-2.25 0.5 43.597957 
-2.25 0.55 32.279694 
-2.25 0.6 20.722651 
-2.25 0.65 10.694709 
-2.25 0.7 7.530475 
-2.25 0.75 28.277457 
-2.25 0.8 136.346760 
-2.2 -1 146.908925 
-2.2 -0.95 146.909017 
-2.2 -0.9 146.909017 
-2.2 -0.85 146.910827 
-2.2 -0.8 146.912846 
-2.2 -0.75 146.906082 
-2.2 -0.7 146.905127 
-2.2 -0.65 146.912720 
-2.2 -0.6 146.924493 
-2.2 -0.55 146.892517 
-2.2 -0.5 146.947269 
-2.2 -0.45 146.825019 
-2.2 -0.4 146.384588 
-2.2 -0.35 146.298897 
-2.2 -0.3 148.164116 
-2.2 -0.25 152.613591 
-2.2 -0.2 157.806131 
-2.2 -0.15 159.176435 
-2.2 -0.1 152.335664 
-2.2 -0.05 137.329597 
-2.2 0 119.576092 
-2.2 0.05 105.142161 
-2.2 0.1 97.056697 
-2.2 0.15 93.742739 
-2.2 0.2 91.258705 
-2.2 0.25 86.679263 
-2.2 0.3 80.011592 
-2.2 0.35 72.134377 
-2.2 0.4 63.329116 
-2.2 0.45 53.696451 
-2.2 0.5 43.188628 
-2.2 0.55 31.878725 
-2.2 0.6 20.367021 
-2.2 0.65 10.466444 
-2.2 0.7 7.627054 
-2.2 0.75 29.261112 
-2.2 0.8 140.230350 
-2.15 -1 146.908922 
-2.15 -0.95 146.908975 
-2.15 -0.9 146.909043 
-2.15 -0.85 146.910866 
-2.15 -0.8 146.912894 
-2.15 -0.75 146.906054 
-2.15 -0.7 146.905098 
-2.15 -0.65 146.912774 
-2.15 -0.6 146.924628 
-2.15 -0.55 146.892408 
-2.15 -0.5 146.947598 
-2.15 -0.45 146.824491 
-2.15 -0.4 146.381095 
-2.15 -0.35 146.295093 
-2.15 -0.3 148.175069 
-2.15 -0.25 152.659030 
-2.15 -0.2 157.891728 
-2.15 -0.15 159.274017 
-2.15 -0.1 152.385026 
-2.15 -0.05 137.273051 
-2.15 0 119.395371 
-2.15 0.05 104.863506 
-2.15 0.1 96.727338 
-2.15 0.15 93.397315 
-2.15 0.2 90.902236 
-2.15 0.25 86.299016 
-2.15 0.3 79.598171 
-2.15 0.35 71.687868 
-2.15 0.4 62.852726 
-2.15 0.45 53.196394 
-2.15 0.5 42.676531 
-2.15 0.55 31.378169 
-2.15 0.6 19.925940 
-2.15 0.65 10.189166 
-2.15 0.7 7.765932 
-2.15 0.75 30.535818 
-2.15 0.8 145.220388 
-2.1 -1 146.908930 
-2.1 -0.95 146.908978 
-2.1 -0.9 146.909049 
-2.1 -0.85 146.910899 
-2.1 -0.8 146.912949 
-2.1 -0.75 146.906019 
-2.1 -0.7 146.905083 
-2.1 -0.65 146.912805 
-2.1 -0.6 146.924760 
-2.1 -0.55 146.892275 
-2.1 -0.5 146.948090 
-2.1 -0.45 146.823925 
-2.1 -0.4 146.376638 
-2.1 -0.35 146.290472 
-2.1 -0.3 148.188867 
-2.1 -0.25 152.716229 
-2.1 -0.2 157.999834 
-2.1 -0.15 159.397076 
-2.1 -0.1 152.447505 
-2.1 -0.05 137.202078 
-2.1 0 119.168489 
-2.1 0.05 104.513409 
-2.1 0.1 96.313500 
-2.1 0.15 92.963336 
-2.1 0.2 90.455164 
-2.1 0.25 85.821917 
-2.1 0.3 79.079286 
-2.1 0.35 71.127997 
-2.1 0.4 62.255867 
-2.1 0.45 52.570502 
-2.1 0.5 42.036980 
-2.1 0.55 30.755226 
-2.1 0.6 19.380783 
-2.1 0.65 9.855623 
-2.1 0.7 7.968411 
-2.1 0.75 32.197445 
-2.1 0.8 151.666739 
-2.05 -1 146.908942 
-2.05 -0.95 146.909012 
-2.05 -0.9 146.909053 
-2.05 -0.85 146.910907 
-2.05 -0.8 146.912970 
-2.05 -0.75 146.906021 
-2.05 -0.7 146.905030 
-2.05 -0.65 146.912858 
-2.05 -0.6 146.924947 
-2.05 -0.55 146.892076 
-2.05 -0.5 146.948634 
-2.05 -0.45 146.823130 
-2.05 -0.4 146.371073 
-2.05 -0.35 146.284469 
-2.05 -0.3 148.206178 
-2.05 -0.25 152.788454 
-2.05 -0.2 158.135990 
-2.05 -0.15 159.552132 
-2.05 -0.1 152.526440 
-2.05 -0.05 137.113270 
-2.05 0 118.883528 
-2.05 0.05 104.073836 
-2.05 0.1 95.794167 
-2.05 0.15 92.419137 
-2.05 0.2 89.894067 
-2.05 0.25 85.223488 
-2.05 0.3 78.428976 
-2.05 0.35 70.426661 
-2.05 0.4 61.509142 
-2.05 0.45 51.788858 
-2.05 0.5 41.240360 
-2.05 0.55 29.982439 
-2.05 0.6 18.710837 
-2.05 0.65 9.461049 
-2.05 0.7 8.266303 
-2.05 0.75 34.378947 
-2.05 0.8 160.044949 
-2 -1 146.908927 
-2 -0.95 146.908982 
-2 -0.9 146.909078 
-2 -0.85 146.910939 
-2 -0.8 146.913045 
-2 -0.75 146.905944 
-2 -0.7 146.904959 
-2 -0.65 146.912913 
-2 -0.6 146.925194 
-2 -0.55 146.891923 
-2 -0.5 146.949350 
-2 -0.45 146.822314 
-2 -0.4 146.364143 
-2 -0.35 146.277043 
-2 -0.3 148.228210 
-2 -0.25 152.879246 
-2 -0.2 158.307778 
-2 -0.15 159.747776 
-2 -0.1 152.626346 
-2 -0.05 137.002337 
-2 0 118.526262 
-2 0.05 103.522325 
-2 0.1 95.142532 
-2 0.15 91.736237 
-2 0.2 89.190421 
-2 0.25 84.473400 
-2 0.3 77.614674 
-2 0.35 69.549250 
-2 0.4 60.576256 
-2 0.45 50.814297 
-2 0.5 40.250214 
-2 0.55 29.027353 
-2 0.6 17.893603 
-2 0.65 9.004422 
-2 0.7 8.710206 
-2 0.75 37.272124 
-2 0.8 171.019159 
-1.95 -1 146.908943 
-1.95 -0.95 146.909007 
-1.95 -0.9 146.909064 
-1.95 -0.85 146.910980 
-1.95 -0.8 146.913128 
-1.95 -0.75 146.905945 
-1.95 -0.7 146.904918 
-1.95 -0.65 146.913006 
-1.95 -0.6 146.925567 
-1.95 -0.55 146.891636 
-1.95 -0.5 146.950319 
-1.95 -0.45 146.821236 
-1.95 -0.4 146.355348 
-1.95 -0.35 146.267797 
-1.95 -0.3 148.255964 
-1.95 -0.25 152.994032 
-1.95 -0.2 158.524342 
-1.95 -0.15 159.994548 
-1.95 -0.1 152.752798 
-1.95 -0.05 136.863668 
-1.95 0 118.078624 
-1.95 0.05 102.830813 
-1.95 0.1 94.325657 
-1.95 0.15 90.880698 
-1.95 0.2 88.309466 
-1.95 0.25 83.534715 
-1.95 0.3 76.596397 
-1.95 0.35 68.453617 
-1.95 0.4 59.413970 
-1.95 0.45 49.603182 
-1.95 0.5 39.024595 
-1.95 0.55 27.853684 
-1.95 0.6 16.905824 
-1.95 0.65 8.493199 
-1.95 0.7 9.379393 
-1.95 0.75 41.147264 
-1.95 0.8 185.525411 
-1.9 -1 146.908936 
-1.9 -0.95 146.909060 
-1.9 -0.9 146.909067 
-1.9 -0.85 146.911044 
-1.9 -0.8 146.913187 
-1.9 -0.75 146.905870 
-1.9 -0.7 146.904831 
-1.9 -0.65 146.913118 
-1.9 -0.6 146.925945 
-1.9 -0.55 146.891424 
-1.9 -0.5 146.951511 
-1.9 -0.45 146.819861 
-1.9 -0.4 146.344389 
-1.9 -0.35 146.256266 
-1.9 -0.3 148.291201 
-1.9 -0.25 153.138915 
-1.9 -0.2 158.797618 
-1.9 -0.15 160.306081 
-1.9 -0.1 152.913651 
-1.9 -0.05 136.691702 
-1.9 0 117.518287 
-1.9 0.05 101.964751 
-1.9 0.1 93.303205 
-1.9 0.15 89.810626 
-1.9 0.2 87.208023 
-1.9 0.25 82.361917 
-1.9 0.3 75.325371 
-1.9 0.35 67.088324 
-1.9 0.4 57.968808 
-1.9 0.45 48.103064 
-1.9 0.5 37.514257 
-1.9 0.55 26.421622 
-1.9 0.6 15.727659 
-1.9 0.65 7.950810 
-1.9 0.7 10.398311 
-1.9 0.75 46.401896 
-1.9 0.8 204.911486 
-1.85 -1 146.908933 
-1.85 -0.95 146.909057 
-1.85 -0.9 146.909096 
-1.85 -0.85 146.911106 
-1.85 -0.8 146.913338 
-1.85 -0.75 146.905788 
-1.85 -0.7 146.904714 
-1.85 -0.65 146.913258 
-1.85 -0.6 146.926400 
-1.85 -0.55 146.891043 
-1.85 -0.5 146.953008 
-1.85 -0.45 146.818141 
-1.85 -0.4 146.330648 
-1.85 -0.35 146.241800 
-1.85 -0.3 148.335787 
-1.85 -0.25 153.321792 
-1.85 -0.2 159.142500 
-1.85 -0.15 160.699582 
-1.85 -0.1 153.117834 
-1.85 -0.05 136.478392 
-1.85 0 116.818039 
-1.85 0.05 100.881479 
-1.85 0.1 92.024662 
-1.85 0.15 88.473884 
-1.85 0.2 85.833709 
-1.85 0.25 80.899528 
-1.85 0.3 73.742192 
-1.85 0.35 65.391895 
-1.85 0.4 56.179008 
-1.85 0.45 46.252752 
-1.85 0.5 35.664861 
-1.85 0.55 24.690808 
-1.85 0.6 14.348555 
-1.85 0.65 7.428877 
-1.85 0.7 11.963231 
-1.85 0.75 53.626137 
-1.85 0.8 231.175348 
-1.8 -1 146.908937 
-1.8 -0.95 146.909030 
-1.8 -0.9 146.909071 
-1.8 -0.85 146.911157 
-1.8 -0.8 146.913431 
-1.8 -0.75 146.905700 
-1.8 -0.7 146.904602 
-1.8 -0.65 146.913404 
-1.8 -0.6 146.927079 
-1.8 -0.55 146.890587 
-1.8 -0.5 146.954897 
-1.8 -0.45 146.816130 
-1.8 -0.4 146.313559 
-1.8 -0.35 146.223954 
-1.8 -0.3 148.392556 
-1.8 -0.25 153.553058 
-1.8 -0.2 159.578294 
-1.8 -0.15 161.197443 
-1.8 -0.1 153.378363 
-1.8 -0.05 136.215218 
-1.8 0 115.944710 
-1.8 0.05 99.529277 
-1.8 0.1 90.429608 
-1.8 0.15 86.808172 
-1.8 0.2 84.122242 
-1.8 0.25 79.080626 
-1.8 0.3 71.776541 
-1.8 0.35 63.291354 
-1.8 0.4 53.971883 
-1.8 0.45 43.985297 
-1.8 0.5 33.419897 
-1.8 0.55 22.626249 
-1.8 0.6 12.778001 
-1.8 0.65 7.029873 
-1.8 0.7 14.387659 
-1.8 0.75 63.709877 
-1.8 0.8 267.312955 
-1.75 -1 146.908957 
-1.75 -0.95 146.909047 
-1.75 -0.9 146.909069 
-1.75 -0.85 146.911283 
-1.75 -0.8 146.913638 
-1.75 -0.75 146.905596 
-1.75 -0.7 146.904407 
-1.75 -0.65 146.913592 
-1.75 -0.6 146.927895 
-1.75 -0.55 146.890083 
-1.75 -0.5 146.957316 
-1.75 -0.45 146.813609 
-1.75 -0.4 146.292218 
-1.75 -0.35 146.201930 
-1.75 -0.3 148.464779 
-1.75 -0.25 153.845711 
-1.75 -0.2 160.129377 
-1.75 -0.15 161.827534 
-1.75 -0.1 153.711500 
-1.75 -0.05 135.892568 
-1.75 0 114.858146 
-1.75 0.05 97.844850 
-1.75 0.1 88.444251 
-1.75 0.15 84.737715 
-1.75 0.2 81.998197 
-1.75 0.25 76.825992 
-1.75 0.3 69.345175 
-1.75 0.35 60.702494 
-1.75 0.4 51.267133 
-1.75 0.45 41.228049 
-1.75 0.5 30.724586 
-1.75 0.55 20.208747 
-1.75 0.6 11.064153 
-1.75 0.65 6.939805 
-1.75 0.7 18.172183 
-1.75 0.75 78.026892 
-1.75 0.8 317.987899 
-1.7 -1 146.908938 
-1.7 -0.95 146.909074 
-1.7 -0.9 146.909107 
-1.7 -0.85 146.911338 
-1.7 -0.8 146.913874 
-1.7 -0.75 146.905445 
-1.7 -0.7 146.904211 
-1.7 -0.65 146.913901 
-1.7 -0.6 146.928888 
-1.7 -0.55 146.889407 
-1.7 -0.5 146.960465 
-1.7 -0.45 146.810692 
-1.7 -0.4 146.265709 
-1.7 -0.35 146.174872 
-1.7 -0.3 148.557128 
-1.7 -0.25 154.216385 
-1.7 -0.2 160.826976 
-1.7 -0.15 162.626159 
-1.7 -0.1 154.139214 
-1.7 -0.05 135.499662 
-1.7 0 113.511023 
-1.7 0.05 95.752766 
-1.7 0.1 85.980628 
-1.7 0.15 82.173400 
-1.7 0.2 79.371912 
-1.7 0.25 74.043039 
-1.7 0.3 66.352623 
-1.7 0.35 57.531933 
-1.7 0.4 47.978571 
-1.7 0.45 37.911474 
-1.7 0.5 27.539101 
-1.7 0.55 17.454416 
-1.7 0.6 9.326978 
-1.7 0.65 7.487258 
-1.7 0.7 24.124250 
-1.7 0.75 98.731688 
-1.7 0.8 390.621535 
-1.65 -1 146.908946 
-1.65 -0.95 146.909082 
-1.65 -0.9 146.909162 
-1.65 -0.85 146.911542 
-1.65 -0.8 146.914178 
-1.65 -0.75 146.905258 
-1.65 -0.7 146.903981 
-1.65 -0.65 146.914248 
-1.65 -0.6 146.930190 
-1.65 -0.55 146.888633 
-1.65 -0.5 146.964449 
-1.65 -0.45 146.807151 
-1.65 -0.4 146.232873 
-1.65 -0.35 146.141742 
-1.65 -0.3 148.675304 
-1.65 -0.25 154.686932 
-1.65 -0.2 161.711252 
-1.65 -0.15 163.640133 
-1.65 -0.1 154.690579 
-1.65 -0.05 135.026327 
-1.65 0 111.848077 
-1.65 0.05 93.164075 
-1.65 0.1 82.936012 
-1.65 0.15 79.012235 
-1.65 0.2 76.141753 
-1.65 0.25 70.627940 
-1.65 0.3 62.694133 
-1.65 0.35 53.680669 
-1.65 0.4 44.023242 
-1.65 0.45 33.981273 
-1.65 0.5 23.859682 
-1.65 0.55 14.446583 
-1.65 0.6 7.811413 
-1.65 0.65 9.240136 
-1.65 0.7 33.553437 
-1.65 0.75 129.278471 
-1.65 0.8 497.459727 
-1.6 -1 146.908942 
-1.6 -0.95 146.909071 
-1.6 -0.9 146.909205 
-1.6 -0.85 146.911749 
-1.6 -0.8 146.914533 
-1.6 -0.75 146.905000 
-1.6 -0.7 146.903687 
-1.6 -0.65 146.914710 
-1.6 -0.6 146.931862 
-1.6 -0.55 146.887676 
-1.6 -0.5 146.969671 
-1.6 -0.45 146.803065 
-1.6 -0.4 146.192413 
-1.6 -0.35 146.101889 
-1.6 -0.3 148.827463 
-1.6 -0.25 155.285503 
-1.6 -0.2 162.834185 
-1.6 -0.15 164.930463 
-1.6 -0.1 155.405359 
-1.6 -0.05 134.464732 
-1.6 0 109.806188 
-1.6 0.05 89.976685 
-1.6 0.1 79.192734 
-1.6 0.15 75.138296 
-1.6 0.2 72.195422 
-1.6 0.25 66.468694 
-1.6 0.3 58.260046 
-1.6 0.35 49.054802 
-1.6 0.4 39.336329 
-1.6 0.45 29.421765 
-1.6 0.5 19.752410 
-1.6 0.55 11.392271 
-1.6 0.6 6.978487 
-1.6 0.65 13.166126 
-1.6 0.7 48.608933 
-1.6 0.75 175.332451 
-1.55 -1 146.908992 
-1.55 -0.95 146.909098 
-1.55 -0.9 146.909178 
-1.55 -0.85 146.911973 
-1.55 -0.8 146.915048 
-1.55 -0.75 146.904692 
-1.55 -0.7 146.903268 
-1.55 -0.65 146.915320 
-1.55 -0.6 146.933976 
-1.55 -0.55 146.886563 
-1.55 -0.5 146.976633 
-1.55 -0.45 146.798498 
-1.55 -0.4 146.142765 
-1.55 -0.35 146.054158 
-1.55 -0.3 149.024210 
-1.55 -0.25 156.048452 
-1.55 -0.2 164.263369 
-1.55 -0.15 166.576781 
-1.55 -0.1 156.338359 
-1.55 -0.05 133.811151 
-1.55 0 107.318170 
-1.55 0.05 86.077328 
-1.55 0.1 74.622867 
-1.55 0.15 70.429295 
-1.55 0.2 67.417307 
-1.55 0.25 61.453465 
-1.55 0.3 52.950243 
-1.55 0.35 43.582705 
-1.55 0.4 33.899931 
-1.55 0.45 24.298139 
-1.55 0.5 15.416223 
-1.55 0.55 8.715089 
-1.55 0.6 7.654573 
-1.55 0.65 20.899647 
-1.55 0.7 72.849480 
-1.55 0.75 246.436483 
-1.5 -1 146.909004 
-1.5 -0.95 146.909154 
-1.5 -0.9 146.909241 
-1.5 -0.85 146.912263 
-1.5 -0.8 146.915675 
-1.5 -0.75 146.904368 
-1.5 -0.7 146.902842 
-1.5 -0.65 146.916057 
-1.5 -0.6 146.936716 
-1.5 -0.55 146.885297 
-1.5 -0.5 146.985670 
-1.5 -0.45 146.793736 
-1.5 -0.4 146.082560 
-1.5 -0.35 145.998503 
-1.5 -0.3 149.280095 
-1.5 -0.25 157.024002 
-1.5 -0.2 166.087020 
-1.5 -0.15 168.684093 
-1.5 -0.1 157.564806 
-1.5 -0.05 133.073614 
-1.5 0 104.316229 
-1.5 0.05 81.347855 
-1.5 0.1 69.095456 
-1.5 0.15 64.766364 
-1.5 0.2 61.702958 
-1.5 0.25 55.489617 
-1.5 0.3 46.696158 
-1.5 0.35 37.251577 
-1.5 0.4 27.791487 
-1.5 0.45 18.826144 
-1.5 0.5 11.283661 
-1.5 0.55 7.209627 
-1.5 0.6 11.283705 
-1.5 0.65 35.201967 
-1.5 0.7 112.259115 
-1.5 0.75 359.165858 
-1.45 -1 146.908999 
-1.45 -0.95 146.909231 
-1.45 -0.9 146.909290 
-1.45 -0.85 146.912620 
-1.45 -0.8 146.916438 
-1.45 -0.75 146.903880 
-1.45 -0.7 146.902212 
-1.45 -0.65 146.917045 
-1.45 -0.6 146.940257 
-1.45 -0.55 146.884014 
-1.45 -0.5 146.997760 
-1.45 -0.45 146.789274 
-1.45 -0.4 146.010002 
-1.45 -0.35 145.935109 
-1.45 -0.3 149.615361 
-1.45 -0.25 158.276205 
-1.45 -0.2 168.421495 
-1.45 -0.15 171.391743 
-1.45 -0.1 159.191772 
-1.45 -0.05 132.280266 
-1.45 0 100.744032 
-1.45 0.05 75.678074 
-1.45 0.1 62.493228 
-1.45 0.15 58.056971 
-1.45 0.2 54.984401 
-1.45 0.25 48.534867 
-1.45 0.3 39.504744 
-1.45 0.35 30.163010 
-1.45 0.4 21.266112 
-1.45 0.45 13.489757 
-1.45 0.5 8.192732 
-1.45 0.55 8.300414 
-1.45 0.6 20.347229 
-1.45 0.65 60.739706 
-1.45 0.7 177.087834 
-1.45 0.75 543.402304 
-1.4 -1 146.909016 
-1.4 -0.95 146.909279 
-1.4 -0.9 146.909337 
-1.4 -0.85 146.913155 
-1.4 -0.8 146.917374 
-1.4 -0.75 146.903344 
-1.4 -0.7 146.901507 
-1.4 -0.65 146.918395 
-1.4 -0.6 146.944826 
-1.4 -0.55 146.882711 
-1.4 -0.5 147.013996 
-1.4 -0.45 146.785972 
-1.4 -0.4 145.924346 
-1.4 -0.35 145.865830 
-1.4 -0.3 150.058171 
-1.4 -0.25 159.890684 
-1.4 -0.2 171.421547 
-1.4 -0.15 174.887737 
-1.4 -0.1 161.371169 
-1.4 -0.05 131.496059 
-1.4 0 96.574738 
-1.4 0.05 68.989939 
-1.4 0.1 54.745838 
-1.4 0.15 50.273611 
-1.4 0.2 47.277873 
-1.4 0.25 40.654394 
-1.4 0.3 31.528971 
-1.4 0.35 22.635740 
-1.4 0.4 14.896766 
-1.4 0.45 9.236294 
-1.4 0.5 7.667487 
-1.4 0.55 14.467380 
-1.4 0.6 39.072260 
-1.4 0.65 105.466385 
-1.4 0.7 285.298834 
-1.35 -1 146.909077 
-1.35 -0.95 146.909334 
-1.35 -0.9 146.909435 
-1.35 -0.85 146.913769 
-1.35 -0.8 146.918578 
-1.35 -0.75 146.902676 
-1.35 -0.7 146.900756 
-1.35 -0.65 146.920138 
-1.35 -0.6 146.950753 
-1.35 -0.55 146.881644 
-1.35 -0.5 147.036030 
-1.35 -0.45 146.785720 
-1.35 -0.4 145.824868 
-1.35 -0.35 145.795438 
-1.35 -0.3 150.648573 
-1.35 -0.25 161.983346 
-1.35 -0.2 175.295856 
-1.35 -0.15 179.427731 
-1.35 -0.1 164.323422 
-1.35 -0.05 130.849049 
-1.35 0 91.845376 
-1.35 0.05 61.282622 
-1.35 0.1 45.883905 
-1.35 0.15 41.521700 
-1.35 0.2 38.762266 
-1.35 0.25 32.115038 
-1.35 0.3 23.192525 
-1.35 0.35 15.368863 
-1.35 0.4 9.803383 
-1.35 0.45 7.795534 
-1.35 0.5 12.379885 
-1.35 0.55 29.955699 
-1.35 0.6 74.642383 
-1.35 0.65 183.084143 
-1.35 0.7 469.376955 
-1.3 -1 146.909118 
-1.3 -0.95 146.909394 
-1.3 -0.9 146.909544 
-1.3 -0.85 146.914562 
-1.3 -0.8 146.920113 
-1.3 -0.75 146.901854 
-1.3 -0.7 146.899775 
-1.3 -0.65 146.922448 
-1.3 -0.6 146.958490 
-1.3 -0.55 146.881298 
-1.3 -0.5 147.066437 
-1.3 -0.45 146.791224 
-1.3 -0.4 145.713361 
-1.3 -0.35 145.733527 
-1.3 -0.3 151.443788 
-1.3 -0.25 164.713441 
-1.3 -0.2 180.327774 
-1.3 -0.15 185.362607 
-1.3 -0.1 168.371344 
-1.3 -0.05 130.574848 
-1.3 0 86.715499 
-1.3 0.05 52.706362 
-1.3 0.1 36.135414 
-1.3 0.15 32.155363 
-1.3 0.2 29.911327 
-1.3 0.25 23.544147 
-1.3 0.3 15.388790 
-1.3 0.35 9.713561 
-1.3 0.4 8.022479 
-1.3 0.45 12.202230 
-1.3 0.5 26.906067 
-1.3 0.55 61.961007 
-1.3 0.6 139.297298 
-1.3 0.65 317.642734 
-1.3 0.7 790.383775 
-1.25 -1 146.909145 
-1.25 -0.95 146.909511 
-1.25 -0.9 146.909686 
-1.25 -0.85 146.915597 
-1.25 -0.8 146.922104 
-1.25 -0.75 146.900892 
-1.25 -0.7 146.898713 
-1.25 -0.65 146.925651 
-1.25 -0.6 146.968781 
-1.25 -0.55 146.882282 
-1.25 -0.5 147.108711 
-1.25 -0.45 146.807794 
-1.25 -0.4 145.594565 
-1.25 -0.35 145.697716 
-1.25 -0.3 152.527473 
-1.25 -0.25 168.302087 
-1.25 -0.2 186.907838 
-1.25 -0.15 193.184159 
-1.25 -0.1 173.993785 
-1.25 -0.05 131.087412 
-1.25 0 81.562766 
-1.25 0.05 43.691062 
-1.25 0.1 26.083678 
-1.25 0.15 22.965198 
-1.25 0.2 21.712745 
-1.25 0.25 16.188195 
-1.25 0.3 9.810910 
-1.25 0.35 8.113701 
-1.25 0.4 13.113937 
-1.25 0.45 27.642272 
-1.25 0.5 58.974044 
-1.25 0.55 122.631889 
-1.25 0.6 254.061487 
-1.25 0.65 552.435366 
-1.2 -1 146.909211 
-1.2 -0.95 146.909699 
-1.2 -0.9 146.909878 
-1.2 -0.85 146.916867 
-1.2 -0.8 146.924660 
-1.2 -0.75 146.899727 
-1.2 -0.7 146.897519 
-1.2 -0.65 146.930057 
-1.2 -0.6 146.982549 
-1.2 -0.55 146.885916 
-1.2 -0.5 147.168406 
-1.2 -0.45 146.843469 
-1.2 -0.4 145.479263 
-1.2 -0.35 145.719627 
-1.2 -0.3 154.022441 
-1.2 -0.25 173.059985 
-1.2 -0.2 195.581199 
-1.2 -0.15 203.587422 
-1.2 -0.1 181.910115 
-1.2 -0.05 133.095572 
-1.2 0 77.144610 
-1.2 0.05 35.157474 
-1.2 0.1 16.929143 
-1.2 0.15 15.484806 
-1.2 0.2 16.016940 
-1.2 0.25 12.329062 
-1.2 0.3 9.477792 
-1.2 0.35 14.809146 
-1.2 0.4 31.131531 
-1.2 0.45 62.824374 
-1.2 0.5 121.519456 
-1.2 0.55 232.499567 
-1.2 0.6 455.595764 
-1.2 0.65 968.152079 
-1.15 -1 146.909303 
-1.15 -0.95 146.909849 
-1.15 -0.9 146.910137 
-1.15 -0.85 146.918533 
-1.15 -0.8 146.927810 
-1.15 -0.75 146.898479 
-1.15 -0.7 146.896324 
-1.15 -0.65 146.936158 
-1.15 -0.6 147.001170 
-1.15 -0.55 146.894144 
-1.15 -0.5 147.253837 
-1.15 -0.45 146.912182 
-1.15 -0.4 145.388531 
-1.15 -0.35 145.852931 
-1.15 -0.3 156.111782 
-1.15 -0.25 179.431131 
-1.15 -0.2 207.119533 
-1.15 -0.15 217.570125 
-1.15 -0.1 193.209439 
-1.15 -0.05 137.789326 
-1.15 0 74.861258 
-1.15 0.05 28.859165 
-1.15 0.1 10.906575 
-1.15 0.15 12.482472 
-1.15 0.2 16.094698 
-1.15 0.25 15.945697 
-1.15 0.3 19.578167 
-1.15 0.35 36.967760 
-1.15 0.4 72.171534 
-1.15 0.45 132.196644 
-1.15 0.5 236.103860 
-1.15 0.55 426.469653 
-1.15 0.6 809.190892 
-1.1 -1 146.909415 
-1.1 -0.95 146.910142 
-1.1 -0.9 146.910508 
-1.1 -0.85 146.920634 
-1.1 -0.8 146.931917 
-1.1 -0.75 146.896995 
-1.1 -0.7 146.895428 
-1.1 -0.65 146.944817 
-1.1 -0.6 147.026642 
-1.1 -0.55 146.910509 
-1.1 -0.5 147.377544 
-1.1 -0.45 147.036484 
-1.1 -0.4 145.360032 
-1.1 -0.35 146.188520 
-1.1 -0.3 159.069999 
-1.1 -0.25 188.056590 
-1.1 -0.2 222.631334 
-1.1 -0.15 236.585296 
-1.1 -0.1 209.561172 
-1.1 -0.05 147.142646 
-1.1 0 77.180506 
-1.1 0.05 27.937130 
-1.1 0.1 11.955575 
-1.1 0.15 18.728714 
-1.1 0.2 27.515089 
-1.1 0.25 33.758664 
-1.1 0.3 48.789964 
-1.1 0.35 86.453146 
-1.1 0.4 152.845324 
-1.1 0.45 259.541790 
-1.1 0.5 438.643726 
-1.1 0.55 764.588119 
-1.1 0.6 1434.819204 
-1.05 -1 146.909576 
-1.05 -0.95 146.910450 
-1.05 -0.9 146.910962 
-1.05 -0.85 146.923388 
-1.05 -0.8 146.937165 
-1.05 -0.75 146.895538 
-1.05 -0.7 146.895020 
-1.05 -0.65 146.957154 
-1.05 -0.6 147.061849 
-1.05 -0.55 146.940375 
-1.05 -0.5 147.559226 
-1.05 -0.45 147.252558 
-1.05 -0.4 145.460527 
-1.05 -0.35 146.876457 
-1.05 -0.3 163.314341 
-1.05 -0.25 199.874611 
-1.05 -0.2 243.727963 
-1.05 -0.15 262.778786 
-1.05 -0.1 233.540287 
-1.05 -0.05 164.398372 
-1.05 0 88.324366 
-1.05 0.05 37.800487 
-1.05 0.1 26.770167 
-1.05 0.15 42.200256 
-1.05 0.2 59.491162 
-1.05 0.25 76.839347 
-1.05 0.3 111.348353 
-1.05 0.35 182.609682 
-1.05 0.4 300.164838 
-1.05 0.45 483.789639 
-1.05 0.5 789.201137 
-1.05 0.55 1352.045308 
-1 -1 146.909798 
-1 -0.95 146.910896 
-1 -0.9 146.911577 
-1 -0.85 146.926974 
-1 -0.8 146.943954 
-1 -0.75 146.894169 
-1 -0.7 146.895719 
-1 -0.65 146.975054 
-1 -0.6 147.111325 
-1 -0.55 146.992729 
-1 -0.5 147.828596 
-1 -0.45 147.619049 
-1 -0.4 145.802846 
-1 -0.35 148.162749 
-1 -0.3 169.480950 
-1 -0.25 216.274778 
-1 -0.2 272.787254 
-1 -0.15 299.360289 
-1 -0.1 269.153486 
-1 -0.05 194.850506 
-1 0 115.365591 
-1 0.05 67.519206 
-1 0.1 66.417784 
-1 0.15 95.897491 
-1 0.2 126.932322 
-1 0.25 163.062273 
-1 0.3 230.187803 
-1 0.35 356.540630 
-1 0.4 557.662040 
-1 0.45 868.475383 
-1 0.5 1388.996167 
-1 0.55 2377.733183 
-0.95 -1 146.910102 
-0.95 -0.95 146.911549 
-0.95 -0.9 146.912473 
-0.95 -0.85 146.931668 
-0.95 -0.8 146.952831 
-0.95 -0.75 146.893339 
-0.95 -0.7 146.898606 
-0.95 -0.65 147.001528 
-0.95 -0.6 147.181593 
-0.95 -0.55 147.082107 
-0.95 -0.5 148.232335 
-0.95 -0.45 148.229998 
-0.95 -0.4 146.575869 
-0.95 -0.35 150.447238 
-0.95 -0.3 178.547857 
-0.95 -0.25 239.337656 
-0.95 -0.2 313.360933 
-0.95 -0.15 351.192074 
-0.95 -0.1 322.679009 
-0.95 -0.05 247.094491 
-0.95 0 169.969801 
-0.95 0.05 131.976098 
-0.95 0.1 148.792474 
-0.95 0.15 200.556729 
-0.95 0.2 253.459038 
-0.95 0.25 320.765729 
-0.95 0.3 441.694194 
-0.95 0.35 657.589887 
-0.95 0.4 994.846681 
-0.95 0.45 1517.179291 
-0.95 0.5 2410.856948 
-0.9 -1 146.910451 
-0.9 -0.95 146.912394 
-0.9 -0.9 146.913679 
-0.9 -0.85 146.937942 
-0.9 -0.8 146.964269 
-0.9 -0.75 146.893571 
-0.9 -0.7 146.905398 
-0.9 -0.65 147.040622 
-0.9 -0.6 147.282981 
-0.9 -0.55 147.231810 
-0.9 -0.5 148.842564 
-0.9 -0.45 149.235954 
-0.9 -0.4 148.090207 
-0.9 -0.35 154.375080 
-0.9 -0.3 192.026140 
-0.9 -0.25 272.207616 
-0.9 -0.2 370.817344 
-0.9 -0.15 425.726769 
-0.9 -0.1 404.015229 
-0.9 -0.05 335.041499 
-0.9 0 271.131876 
-0.9 0.05 255.161438 
-0.9 0.1 302.222465 
-0.9 0.15 388.517575 
-0.9 0.2 475.720257 
-0.9 0.25 593.987317 
-0.9 0.3 802.573327 
-0.9 0.35 1162.930871 
-0.9 0.4 1721.678613 
-0.9 0.45 2598.935607 
-0.85 -1 146.911006 
-0.85 -0.95 146.913605 
-0.85 -0.9 146.915416 
-0.85 -0.85 146.946259 
-0.85 -0.8 146.979468 
-0.85 -0.75 146.895907 
-0.85 -0.7 146.918805 
-0.85 -0.65 147.099346 
-0.85 -0.6 147.430912 
-0.85 -0.55 147.479346 
-0.85 -0.5 149.772480 
-0.85 -0.45 150.877043 
-0.85 -0.4 150.854031 
-0.85 -0.35 160.982299 
-0.85 -0.3 212.258614 
-0.85 -0.25 319.678127 
-0.85 -0.2 453.358163 
-0.85 -0.15 534.515557 
-0.85 -0.1 528.860079 
-0.85 -0.05 481.119627 
-0.85 0 449.432579 
-0.85 0.05 475.062040 
-0.85 0.1 570.560921 
-0.85 0.15 709.025217 
-0.85 0.2 849.175454 
-0.85 0.25 1049.664913 
-0.85 0.3 1399.444008 
-0.85 0.35 1991.198068 
-0.85 0.4 2910.282858 
-0.8 -1 146.911741 
-0.8 -0.95 146.915341 
-0.8 -0.9 146.917935 
-0.8 -0.85 146.957498 
-0.8 -0.8 146.999602 
-0.8 -0.75 146.902144 
-0.8 -0.7 146.943655 
-0.8 -0.65 147.188435 
-0.8 -0.6 147.650228 
-0.8 -0.55 147.884158 
-0.8 -0.5 151.198336 
-0.8 -0.45 153.536482 
-0.8 -0.4 155.690165 
-0.8 -0.35 171.925403 
-0.8 -0.3 242.889914 
-0.8 -0.25 389.105635 
-0.8 -0.2 573.638424 
-0.8 -0.15 695.639682 
-0.8 -0.1 722.251527 
-0.8 -0.05 721.382249 
-0.8 0 753.510453 
-0.8 0.05 850.624943 
-0.8 0.1 1019.887919 
-0.8 0.15 1234.757350 
-0.8 0.2 1455.211738 
-0.8 0.25 1786.668696 
-0.8 0.3 2361.160403 
-0.8 0.35 3320.583230 
-0.8 0.4 4826.090111 
-0.75 -1 146.912814 
-0.75 -0.95 146.917828 
-0.75 -0.9 146.921608 
-0.75 -0.85 146.972942 
-0.75 -0.8 147.026593 
-0.75 -0.75 146.915238 
-0.75 -0.7 146.987403 
-0.75 -0.65 147.324526 
-0.75 -0.6 147.977966 
-0.75 -0.55 148.542246 
-0.75 -0.5 153.397182 
-0.75 -0.45 157.821583 
-0.75 -0.4 163.924646 
-0.75 -0.35 189.842217 
-0.75 -0.3 289.598474 
-0.75 -0.25 491.844969 
-0.75 -0.2 751.353133 
-0.75 -0.15 937.668385 
-0.75 -0.1 1024.292451 
-0.75 -0.05 1113.514734 
-0.75 0 1259.644535 
-0.75 0.05 1471.083044 
-0.75 0.1 1746.327471 
-0.75 0.15 2068.678368 
-0.75 0.2 2408.415283 
-0.75 0.25 2945.495843 
-0.75 0.3 3872.486809 
-0.75 0.35 5410.180634 
-0.7 -1 146.914420 
-0.7 -0.95 146.921393 
-0.7 -0.9 146.927066 
-0.7 -0.85 146.994254 
-0.7 -0.8 147.063240 
-0.7 -0.75 146.939884 
-0.7 -0.7 147.062235 
-0.7 -0.65 147.534200 
-0.7 -0.6 148.473836 
-0.7 -0.55 149.605653 
-0.7 -0.5 156.802164 
-0.7 -0.45 164.697561 
-0.7 -0.4 177.683948 
-0.7 -0.35 218.915593 
-0.7 -0.3 361.238992 
-0.7 -0.25 645.488393 
-0.7 -0.2 1017.370215 
-0.7 -0.15 1306.108070 
-0.7 -0.1 1499.439743 
-0.7 -0.05 1749.217105 
-0.7 0 2085.191932 
-0.7 0.05 2466.960846 
-0.7 0.1 2882.865175 
-0.7 0.15 3348.239827 
-0.7 0.2 3860.650205 
-0.7 0.25 4714.687027 
-0.7 0.3 6183.847639 
-0.65 -1 146.916712 
-0.65 -0.95 146.926729 
-0.65 -0.9 146.935159 
-0.65 -0.85 147.024103 
-0.65 -0.8 147.113538 
-0.65 -0.75 146.983897 
-0.65 -0.7 147.187868 
-0.65 -0.65 147.859034 
-0.65 -0.6 149.231442 
-0.65 -0.55 151.318342 
-0.65 -0.5 162.093621 
-0.65 -0.45 175.692065 
-0.65 -0.4 200.362651 
-0.65 -0.35 265.752351 
-0.65 -0.3 471.603160 
-0.65 -0.25 877.337848 
-0.65 -0.2 1420.313769 
-0.65 -0.15 1873.884948 
-0.65 -0.1 2251.410645 
-0.65 -0.05 2772.657923 
-0.65 0 3405.792252 
-0.65 0.05 4019.735828 
-0.65 0.1 4599.924689 
-0.65 0.15 5240.817576 
-0.65 0.2 5995.035887 
-0.65 0.25 7324.721998 
-0.6 -1 146.920124 
-0.6 -0.95 146.934619 
-0.6 -0.9 146.947379 
-0.6 -0.85 147.066617 
-0.6 -0.8 147.183546 
-0.6 -0.75 147.059800 
-0.6 -0.7 147.395910 
-0.6 -0.65 148.365572 
-0.6 -0.6 150.400115 
-0.6 -0.55 154.068325 
-0.6 -0.5 170.338407 
-0.6 -0.45 193.221621 
-0.6 -0.4 237.356584 
-0.6 -0.35 340.732686 
-0.6 -0.3 642.113124 
-0.6 -0.25 1229.711638 
-0.6 -0.2 2036.928370 
-0.6 -0.15 2758.230727 
-0.6 -0.1 3446.590141 
-0.6 -0.05 4406.335107 
-0.6 0 5473.455419 
-0.6 0.05 6362.417520 
-0.6 0.1 7089.403957 
-0.6 0.15 7919.395767 
-0.6 0.2 8996.650393 
-0.55 -1 146.925293 
-0.55 -0.95 146.946501 
-0.55 -0.9 146.965776 
-0.55 -0.85 147.127823 
-0.55 -0.8 147.282046 
-0.55 -0.75 147.187845 
-0.55 -0.7 147.737402 
-0.55 -0.65 149.159677 
-0.55 -0.6 152.218455 
-0.55 -0.55 158.475244 
-0.55 -0.5 183.207649 
-0.55 -0.45 221.094000 
-0.55 -0.4 297.205431 
-0.55 -0.35 460.060426 
-0.55 -0.3 905.858549 
-0.55 -0.25 1767.859993 
-0.55 -0.2 2988.012808 
-0.55 -0.15 4147.124507 
-0.55 -0.1 5349.165706 
-0.55 -0.05 6982.737610 
-0.55 0 8625.792522 
-0.55 0.05 9755.171799 
-0.55 0.1 10516.420488 
-0.55 0.15 11503.505746 
-0.5 -1 146.933150 
-0.5 -0.95 146.964513 
-0.5 -0.9 146.993982 
-0.5 -0.85 147.217166 
-0.5 -0.8 147.422428 
-0.5 -0.75 147.399802 
-0.5 -0.7 148.293374 
-0.5 -0.65 150.411044 
-0.5 -0.6 155.072196 
-0.5 -0.55 165.533113 
-0.5 -0.5 203.320347 
-0.5 -0.45 265.305597 
-0.5 -0.4 393.346811 
-0.5 -0.35 648.804670 
-0.5 -0.3 1313.444417 
-0.5 -0.25 2591.192504 
-0.5 -0.2 4461.609852 
-0.5 -0.15 6338.316696 
-0.5 -0.1 8368.690021 
-0.5 -0.05 10971.392012 
-0.5 0 13264.396315 
-0.5 0.05 14412.263701 
-0.5 0.1 14922.672841 
-0.45 -1 146.945154 
-0.45 -0.95 146.992095 
-0.45 -0.9 147.037069 
-0.45 -0.85 147.349195 
-0.45 -0.8 147.625138 
-0.45 -0.75 147.747155 
-0.45 -0.7 149.194154 
-0.45 -0.65 152.393017 
-0.45 -0.6 159.591670 
-0.45 -0.55 176.838912 
-0.45 -0.5 234.770031 
-0.45 -0.45 335.256174 
-0.45 -0.4 546.769921 
-0.45 -0.35 945.268896 
-0.45 -0.3 1941.041812 
-0.45 -0.25 3847.860265 
-0.45 -0.2 6743.119323 
-0.45 -0.15 9789.102797 
-0.45 -0.1 13109.376074 
-0.45 -0.05 16969.587541 
-0.45 0 19763.381469 
-0.45 0.05 20359.168885 
-0.4 -1 146.963725 
-0.4 -0.95 147.034726 
-0.4 -0.9 147.103234 
-0.4 -0.85 147.546773 
-0.4 -0.8 147.920688 
-0.4 -0.75 148.310239 
-0.4 -0.7 150.648608 
-0.4 -0.65 155.548820 
-0.4 -0.6 166.816831 
-0.4 -0.55 194.978162 
-0.4 -0.5 283.949495 
-0.4 -0.45 445.636661 
-0.4 -0.4 789.899000 
-0.4 -0.35 1406.912455 
-0.4 -0.3 2900.370290 
-0.4 -0.25 5750.165070 
-0.4 -0.2 10244.278067 
-0.4 -0.15 15157.484769 
-0.4 -0.1 20376.808567 
-0.4 -0.05 25587.613131 
-0.4 0 28266.210696 
-0.4 0.05 27236.590532 
-0.35 -1 146.992595 
-0.35 -0.95 147.100940 
-0.35 -0.9 147.205120 
-0.35 -0.85 147.845516 
-0.35 -0.8 148.355977 
-0.35 -0.75 149.216859 
-0.35 -0.7 152.989792 
-0.35 -0.65 160.603085 
-0.35 -0.6 178.493411 
-0.35 -0.55 224.178187 
-0.35 -0.5 360.834973 
-0.35 -0.45 619.273587 
-0.35 -0.4 1172.004208 
-0.35 -0.35 2117.644190 
-0.35 -0.3 4348.626855 
-0.35 -0.25 8582.053875 
-0.35 -0.2 15502.362099 
-0.35 -0.15 23268.382886 
-0.35 -0.1 31027.454047 
-0.35 -0.05 37128.165135 
-0.35 0 38377.642191 
-0.3 -1 147.037847 
-0.3 -0.95 147.204797 
-0.3 -0.9 147.362089 
-0.3 -0.85 148.302312 
-0.3 -0.8 149.001556 
-0.3 -0.75 150.668150 
-0.3 -0.7 156.754143 
-0.3 -0.65 168.752636 
-0.3 -0.6 197.597707 
-0.3 -0.55 271.446365 
-0.3 -0.5 480.988475 
-0.3 -0.45 891.390059 
-0.3 -0.4 1766.013883 
-0.3 -0.35 3195.158194 
-0.3 -0.3 6492.289735 
-0.3 -0.25 12678.294466 
-0.3 -0.2 23083.142448 
-0.3 -0.15 34860.176831 
-0.3 -0.1 45473.418755 
-0.3 -0.05 51025.197743 
-0.25 -1 147.109027 
-0.25 -0.95 147.368674 
-0.25 -0.9 147.603904 
-0.25 -0.85 149.007146 
-0.25 -0.8 149.964182 
-0.25 -0.75 152.982901 
-0.25 -0.7 162.800607 
-0.25 -0.65 181.999650 
-0.25 -0.6 229.294016 
-0.25 -0.55 348.599547 
-0.25 -0.5 668.724968 
-0.25 -0.45 1315.671510 
-0.25 -0.4 2675.248169 
-0.25 -0.35 4794.835229 
-0.25 -0.3 9572.141559 
-0.25 -0.25 18341.137933 
-0.25 -0.2 33287.751871 
-0.25 -0.15 49946.303000 
-0.25 -0.1 62780.769358 
-0.2 -1 147.221606 
-0.2 -0.95 147.627767 
-0.2 -0.9 147.976271 
-0.2 -0.85 150.102242 
-0.2 -0.8 151.404411 
-0.2 -0.75 156.674588 
-0.2 -0.7 172.523363 
-0.2 -0.65 203.735134 
-0.2 -0.6 282.652836 
-0.2 -0.55 475.898038 
-0.2 -0.5 962.081430 
-0.2 -0.45 1972.185127 
-0.2 -0.4 4035.400658 
-0.2 -0.35 7103.623232 
-0.2 -0.3 13808.961103 
-0.2 -0.25 25664.649835 
-0.2 -0.2 45635.990579 
-0.2 -0.15 66932.827575 
-0.15 -1 147.400013 
-0.15 -0.95 148.035716 
-0.15 -0.9 148.550676 
-0.15 -0.85 151.808580 
-0.15 -0.8 153.559888 
-0.15 -0.75 162.584943 
-0.15 -0.7 188.203470 
-0.15 -0.65 239.799766 
-0.15 -0.6 373.573860 
-0.15 -0.55 688.241872 
-0.15 -0.5 1420.069244 
-0.15 -0.45 2974.982519 
-0.15 -0.4 6000.828594 
-0.15 -0.35 10315.670239 
-0.15 -0.3 19290.652499 
-0.15 -0.25 34297.427035 
-0.15 -0.2 58403.428180 
-0.1 -1 147.683421 
-0.1 -0.95 148.672388 
-0.1 -0.9 149.444647 
-0.1 -0.85 154.459884 
-0.1 -0.8 156.779542 
-0.1 -0.75 172.125761 
-0.1 -0.7 213.564108 
-0.1 -0.65 300.341496 
-0.1 -0.6 529.191027 
-0.1 -0.55 1044.023841 
-0.1 -0.5 2130.184517 
-0.1 -0.45 4469.993975 
-0.1 -0.4 8697.253785 
-0.1 -0.35 14583.660399 
-0.1 -0.3 25808.241309 
-0.1 -0.25 43286.881823 
-0.05 -1 148.132279 
-0.05 -0.95 149.665519 
-0.05 -0.9 150.865413 
-0.05 -0.85 158.559657 
-0.05 -0.8 161.597553 
-0.05 -0.75 187.518452 
-0.05 -0.7 254.457541 
-0.05 -0.65 402.972895 
-0.05 -0.6 793.085058 
-0.05 -0.55 1631.111320 
-0.05 -0.5 3202.694192 
-0.05 -0.45 6594.297575 
-0.05 -0.4 12128.787377 
-0.05 -0.35 19937.200242 
-0.05 -0.3 32711.792300 
0 -1 148.839775 
0 -0.95 151.227744 
0 -0.9 153.203469 
0 -0.85 164.740937 
0 -0.8 168.836606 
0 -0.75 211.575878 
0 -0.7 320.074427 
0 -0.65 577.289424 
0 -0.6 1225.200290 
0 -0.55 2542.851571 
0 -0.5 4708.407249 
0 -0.45 9346.636303 
0 -0.4 16085.531468 
0 -0.35 26115.425047 
0.05 -1 149.996586 
0.05 -0.95 153.624657 
0.05 -0.9 157.194413 
0.05 -0.85 173.956858 
0.05 -0.8 179.756023 
0.05 -0.75 249.940391 
0.05 -0.7 425.582525 
0.05 -0.65 865.641675 
0.05 -0.6 1870.263395 
0.05 -0.55 3748.493115 
0.05 -0.5 6482.854954 
0.05 -0.45 12389.538192 
0.05 -0.4 20250.864097 
0.1 -1 151.764942 
0.1 -0.95 157.242184 
0.1 -0.9 163.897191 
0.1 -0.85 188.686260 
0.1 -0.8 196.978584 
0.1 -0.75 309.604659 
0.1 -0.7 591.856695 
0.1 -0.65 1311.047565 
0.1 -0.6 2668.343479 
0.1 -0.55 4851.924234 
0.1 -0.5 7936.855550 
0.1 -0.45 15151.485081 
0.15 -1 154.024273 
0.15 -0.95 163.025968 
0.15 -0.9 174.148959 
0.15 -0.85 209.463736 
0.15 -0.8 223.734958 
0.15 -0.75 399.075302 
0.15 -0.7 837.689836 
0.15 -0.65 1904.266241 
0.15 -0.6 3349.997160 
0.15 -0.55 5107.252990 
0.15 -0.5 8727.517042 
0.2 -1 156.988419 
0.2 -0.95 172.704927 
0.2 -0.9 188.211379 
0.2 -0.85 242.239779 
0.2 -0.8 265.114065 
0.2 -0.75 529.515580 
0.2 -0.7 1176.693860 
0.2 -0.65 2479.033315 
0.2 -0.6 3563.705738 
0.2 -0.55 4823.892318 
0.25 -1 163.754596 
0.25 -0.95 187.810726 
0.25 -0.9 211.134798 
0.25 -0.85 290.246316 
0.25 -0.8 329.844213 
0.25 -0.75 686.702564 
0.25 -0.7 1574.570668 
0.25 -0.65 2802.544032 
0.25 -0.6 3564.531178 
0.3 -1 177.234869 
0.3 -0.95 211.597680 
0.3 -0.9 230.684002 
0.3 -0.85 362.823296 
0.3 -0.8 415.828927 
0.3 -0.75 859.280514 
0.3 -0.7 1907.406730 
0.3 -0.65 2960.954083 
0.35 -1 197.703783 
0.35 -0.95 246.318421 
0.35 -0.9 273.013857 
0.35 -0.85 459.246950 
0.35 -0.8 532.746997 
0.35 -0.75 980.919257 
0.35 -0.7 2005.634452 
0.4 -1 211.065527 
0.4 -0.95 301.325401 
0.4 -0.9 369.348212 
0.4 -0.85 618.641788 
0.4 -0.8 712.835069 
0.4 -0.75 1213.642010 
0.45 -1 249.200071 
0.45 -0.95 356.101713 
0.45 -0.9 504.229225 
0.45 -0.85 901.244399 
0.45 -0.8 1013.513792 
0.5 -1 313.553748 
0.5 -0.95 466.858569 
0.5 -0.9 755.168730 
0.5 -0.85 1035.848841 
0.55 -1 391.399370 
0.55 -0.95 605.574930 
0.55 -0.9 1039.873149 
0.6 -1 556.071366 
0.6 -0.95 861.051083 
0.65 -1 774.649825 
