-3 -1 196.681923 
-3 -0.95 196.681570 
-3 -0.9 196.681538 
-3 -0.85 196.683321 
-3 -0.8 196.684335 
-3 -0.75 196.680421 
-3 -0.7 196.682622 
-3 -0.65 196.681315 
-3 -0.6 196.682330 
-3 -0.55 196.676508 
-3 -0.5 196.692953 
-3 -0.45 196.686399 
-3 -0.4 196.633435 
-3 -0.35 196.668852 
-3 -0.3 197.134060 
-3 -0.25 198.164282 
-3 -0.2 199.373160 
-3 -0.15 199.842694 
-3 -0.1 198.859566 
-3 -0.05 196.628918 
-3 0 194.130694 
-3 0.05 192.329587 
-3 0.1 191.656637 
-3 0.15 191.759418 
-3 0.2 191.920386 
-3 0.25 191.929795 
-3 0.3 192.123159 
-3 0.35 192.931349 
-3 0.4 194.464337 
-3 0.45 196.978838 
-3 0.5 201.049019 
-3 0.55 207.768610 
-3 0.6 219.133381 
-3 0.65 239.318975 
-3 0.7 277.087891 
-3 0.75 356.493887 
-3 0.8 551.317136 
-2.95 -1 196.681923 
-2.95 -0.95 196.681569 
-2.95 -0.9 196.681535 
-2.95 -0.85 196.683322 
-2.95 -0.8 196.684336 
-2.95 -0.75 196.680415 
-2.95 -0.7 196.682617 
-2.95 -0.65 196.681301 
-2.95 -0.6 196.682311 
-2.95 -0.55 196.676484 
-2.95 -0.5 196.692936 
-2.95 -0.45 196.686398 
-2.95 -0.4 196.633444 
-2.95 -0.35 196.668892 
-2.95 -0.3 197.134248 
-2.95 -0.25 198.164765 
-2.95 -0.2 199.374011 
-2.95 -0.15 199.843831 
-2.95 -0.1 198.860749 
-2.95 -0.05 196.629977 
-2.95 0 194.131651 
-2.95 0.05 192.330560 
-2.95 0.1 191.657806 
-2.95 0.15 191.760922 
-2.95 0.2 191.922235 
-2.95 0.25 191.932050 
-2.95 0.3 192.126039 
-2.95 0.35 192.935203 
-2.95 0.4 194.469601 
-2.95 0.45 196.986014 
-2.95 0.5 201.058914 
-2.95 0.55 207.782528 
-2.95 0.6 219.153592 
-2.95 0.65 239.349694 
-2.95 0.7 277.138131 
-2.95 0.75 356.586049 
-2.95 0.8 551.521641 
-2.9 -1 196.681923 
-2.9 -0.95 196.681568 
-2.9 -0.9 196.681533 
-2.9 -0.85 196.683324 
-2.9 -0.8 196.684337 
-2.9 -0.75 196.680408 
-2.9 -0.7 196.682611 
-2.9 -0.65 196.681281 
-2.9 -0.6 196.682286 
-2.9 -0.55 196.676457 
-2.9 -0.5 196.692916 
-2.9 -0.45 196.686396 
-2.9 -0.4 196.633455 
-2.9 -0.35 196.668942 
-2.9 -0.3 197.134483 
-2.9 -0.25 198.165373 
-2.9 -0.2 199.375088 
-2.9 -0.15 199.845261 
-2.9 -0.1 198.862237 
-2.9 -0.05 196.631309 
-2.9 0 194.132856 
-2.9 0.05 192.331786 
-2.9 0.1 191.659283 
-2.9 0.15 191.762817 
-2.9 0.2 191.924561 
-2.9 0.25 191.934890 
-2.9 0.3 192.129662 
-2.9 0.35 192.940060 
-2.9 0.4 194.476229 
-2.9 0.45 196.995056 
-2.9 0.5 201.071378 
-2.9 0.55 207.800067 
-2.9 0.6 219.179037 
-2.9 0.65 239.388377 
-2.9 0.7 277.201396 
-2.9 0.75 356.702112 
-2.9 0.8 551.779180 
-2.85 -1 196.681923 
-2.85 -0.95 196.681566 
-2.85 -0.9 196.681530 
-2.85 -0.85 196.683326 
-2.85 -0.8 196.684339 
-2.85 -0.75 196.680397 
-2.85 -0.7 196.682604 
-2.85 -0.65 196.681256 
-2.85 -0.6 196.682253 
-2.85 -0.55 196.676420 
-2.85 -0.5 196.692891 
-2.85 -0.45 196.686391 
-2.85 -0.4 196.633469 
-2.85 -0.35 196.669007 
-2.85 -0.3 197.134782 
-2.85 -0.25 198.166137 
-2.85 -0.2 199.376440 
-2.85 -0.15 199.847060 
-2.85 -0.1 198.864112 
-2.85 -0.05 196.632988 
-2.85 0 194.134379 
-2.85 0.05 192.333331 
-2.85 0.1 191.661141 
-2.85 0.15 191.765203 
-2.85 0.2 191.927495 
-2.85 0.25 191.938466 
-2.85 0.3 192.134226 
-2.85 0.35 192.946178 
-2.85 0.4 194.484574 
-2.85 0.45 197.006447 
-2.85 0.5 201.087081 
-2.85 0.55 207.822145 
-2.85 0.6 219.211080 
-2.85 0.65 239.437096 
-2.85 0.7 277.281080 
-2.85 0.75 356.848292 
-2.85 0.8 552.103557 
-2.8 -1 196.681924 
-2.8 -0.95 196.681566 
-2.8 -0.9 196.681526 
-2.8 -0.85 196.683329 
-2.8 -0.8 196.684342 
-2.8 -0.75 196.680384 
-2.8 -0.7 196.682597 
-2.8 -0.65 196.681226 
-2.8 -0.6 196.682212 
-2.8 -0.55 196.676376 
-2.8 -0.5 196.692860 
-2.8 -0.45 196.686388 
-2.8 -0.4 196.633489 
-2.8 -0.35 196.669086 
-2.8 -0.3 197.135156 
-2.8 -0.25 198.167100 
-2.8 -0.2 199.378145 
-2.8 -0.15 199.849324 
-2.8 -0.1 198.866474 
-2.8 -0.05 196.635103 
-2.8 0 194.136292 
-2.8 0.05 192.335278 
-2.8 0.1 191.663487 
-2.8 0.15 191.768205 
-2.8 0.2 191.931189 
-2.8 0.25 191.942973 
-2.8 0.3 192.139971 
-2.8 0.35 192.953875 
-2.8 0.4 194.495088 
-2.8 0.45 197.020784 
-2.8 0.5 201.106856 
-2.8 0.55 207.849958 
-2.8 0.6 219.251437 
-2.8 0.65 239.498450 
-2.8 0.7 277.381438 
-2.8 0.75 357.032389 
-2.8 0.8 552.512184 
-2.75 -1 196.681925 
-2.75 -0.95 196.681562 
-2.75 -0.9 196.681523 
-2.75 -0.85 196.683332 
-2.75 -0.8 196.684348 
-2.75 -0.75 196.680368 
-2.75 -0.7 196.682587 
-2.75 -0.65 196.681188 
-2.75 -0.6 196.682159 
-2.75 -0.55 196.676318 
-2.75 -0.5 196.692822 
-2.75 -0.45 196.686383 
-2.75 -0.4 196.633512 
-2.75 -0.35 196.669188 
-2.75 -0.3 197.135624 
-2.75 -0.25 198.168309 
-2.75 -0.2 199.380292 
-2.75 -0.15 199.852178 
-2.75 -0.1 198.869446 
-2.75 -0.05 196.637759 
-2.75 0 194.138700 
-2.75 0.05 192.337721 
-2.75 0.1 191.666439 
-2.75 0.15 191.771992 
-2.75 0.2 191.935845 
-2.75 0.25 191.948649 
-2.75 0.3 192.147205 
-2.75 0.35 192.963575 
-2.75 0.4 194.508323 
-2.75 0.45 197.038848 
-2.75 0.5 201.131768 
-2.75 0.55 207.884988 
-2.75 0.6 219.302262 
-2.75 0.65 239.575728 
-2.75 0.7 277.507839 
-2.75 0.75 357.264321 
-2.75 0.8 553.027061 
-2.7 -1 196.681926 
-2.7 -0.95 196.681559 
-2.7 -0.9 196.681518 
-2.7 -0.85 196.683337 
-2.7 -0.8 196.684353 
-2.7 -0.75 196.680349 
-2.7 -0.7 196.682574 
-2.7 -0.65 196.681139 
-2.7 -0.6 196.682096 
-2.7 -0.55 196.676248 
-2.7 -0.5 196.692773 
-2.7 -0.45 196.686377 
-2.7 -0.4 196.633541 
-2.7 -0.35 196.669315 
-2.7 -0.3 197.136218 
-2.7 -0.25 198.169837 
-2.7 -0.2 199.382995 
-2.7 -0.15 199.855772 
-2.7 -0.1 198.873188 
-2.7 -0.05 196.641113 
-2.7 0 194.141737 
-2.7 0.05 192.340810 
-2.7 0.1 191.670160 
-2.7 0.15 191.776762 
-2.7 0.2 191.941707 
-2.7 0.25 191.955799 
-2.7 0.3 192.156330 
-2.7 0.35 192.975801 
-2.7 0.4 194.525003 
-2.7 0.45 197.061606 
-2.7 0.5 201.163137 
-2.7 0.55 207.929121 
-2.7 0.6 219.366293 
-2.7 0.65 239.673099 
-2.7 0.7 277.667098 
-2.7 0.75 357.556555 
-2.7 0.8 553.675870 
-2.65 -1 196.681929 
-2.65 -0.95 196.681554 
-2.65 -0.9 196.681513 
-2.65 -0.85 196.683345 
-2.65 -0.8 196.684358 
-2.65 -0.75 196.680325 
-2.65 -0.7 196.682560 
-2.65 -0.65 196.681079 
-2.65 -0.6 196.682015 
-2.65 -0.55 196.676159 
-2.65 -0.5 196.692711 
-2.65 -0.45 196.686371 
-2.65 -0.4 196.633574 
-2.65 -0.35 196.669478 
-2.65 -0.3 197.136964 
-2.65 -0.25 198.171760 
-2.65 -0.2 199.386399 
-2.65 -0.15 199.860294 
-2.65 -0.1 198.877897 
-2.65 -0.05 196.645333 
-2.65 0 194.145565 
-2.65 0.05 192.344703 
-2.65 0.1 191.674847 
-2.65 0.15 191.782774 
-2.65 0.2 191.949098 
-2.65 0.25 191.964812 
-2.65 0.3 192.167813 
-2.65 0.35 192.991202 
-2.65 0.4 194.546009 
-2.65 0.45 197.090278 
-2.65 0.5 201.202668 
-2.65 0.55 207.984725 
-2.65 0.6 219.446965 
-2.65 0.65 239.795765 
-2.65 0.7 277.867778 
-2.65 0.75 357.924833 
-2.65 0.8 554.493774 
-2.6 -1 196.681930 
-2.6 -0.95 196.681549 
-2.6 -0.9 196.681505 
-2.6 -0.85 196.683351 
-2.6 -0.8 196.684366 
-2.6 -0.75 196.680290 
-2.6 -0.7 196.682538 
-2.6 -0.65 196.681003 
-2.6 -0.6 196.681916 
-2.6 -0.55 196.676047 
-2.6 -0.5 196.692634 
-2.6 -0.45 196.686359 
-2.6 -0.4 196.633621 
-2.6 -0.35 196.669680 
-2.6 -0.3 197.137907 
-2.6 -0.25 198.174177 
-2.6 -0.2 199.390681 
-2.6 -0.15 199.865993 
-2.6 -0.1 198.883835 
-2.6 -0.05 196.650652 
-2.6 0 194.150388 
-2.6 0.05 192.349606 
-2.6 0.1 191.680760 
-2.6 0.15 191.790355 
-2.6 0.2 191.958418 
-2.6 0.25 191.976164 
-2.6 0.3 192.182299 
-2.6 0.35 193.010612 
-2.6 0.4 194.572504 
-2.6 0.45 197.126415 
-2.6 0.5 201.252483 
-2.6 0.55 208.054786 
-2.6 0.6 219.548650 
-2.6 0.65 239.950376 
-2.6 0.7 278.120708 
-2.6 0.75 358.389070 
-2.6 0.8 555.525103 
-2.55 -1 196.681931 
-2.55 -0.95 196.681542 
-2.55 -0.9 196.681492 
-2.55 -0.85 196.683361 
-2.55 -0.8 196.684376 
-2.55 -0.75 196.680252 
-2.55 -0.7 196.682510 
-2.55 -0.65 196.680905 
-2.55 -0.6 196.681784 
-2.55 -0.55 196.675902 
-2.55 -0.5 196.692536 
-2.55 -0.45 196.686345 
-2.55 -0.4 196.633683 
-2.55 -0.35 196.669936 
-2.55 -0.3 197.139090 
-2.55 -0.25 198.177222 
-2.55 -0.2 199.396077 
-2.55 -0.15 199.873165 
-2.55 -0.1 198.891312 
-2.55 -0.05 196.657359 
-2.55 0 194.156468 
-2.55 0.05 192.355790 
-2.55 0.1 191.688211 
-2.55 0.15 191.799915 
-2.55 0.2 191.970163 
-2.55 0.25 191.990487 
-2.55 0.3 192.200558 
-2.55 0.35 193.035082 
-2.55 0.4 194.605896 
-2.55 0.45 197.171967 
-2.55 0.5 201.315290 
-2.55 0.55 208.143111 
-2.55 0.6 219.676826 
-2.55 0.65 240.145275 
-2.55 0.7 278.439583 
-2.55 0.75 358.974472 
-2.55 0.8 556.826120 
-2.5 -1 196.681935 
-2.5 -0.95 196.681533 
-2.5 -0.9 196.681480 
-2.5 -0.85 196.683372 
-2.5 -0.8 196.684388 
-2.5 -0.75 196.680200 
-2.5 -0.7 196.682477 
-2.5 -0.65 196.680782 
-2.5 -0.6 196.681626 
-2.5 -0.55 196.675724 
-2.5 -0.5 196.692413 
-2.5 -0.45 196.686330 
-2.5 -0.4 196.633753 
-2.5 -0.35 196.670256 
-2.5 -0.3 197.140583 
-2.5 -0.25 198.181058 
-2.5 -0.2 199.402876 
-2.5 -0.15 199.882196 
-2.5 -0.1 198.900722 
-2.5 -0.05 196.665801 
-2.5 0 194.164130 
-2.5 0.05 192.363591 
-2.5 0.1 191.697618 
-2.5 0.15 191.811965 
-2.5 0.2 191.984977 
-2.5 0.25 192.008548 
-2.5 0.3 192.223583 
-2.5 0.35 193.065943 
-2.5 0.4 194.648004 
-2.5 0.45 197.229411 
-2.5 0.5 201.394485 
-2.5 0.55 208.254500 
-2.5 0.6 219.838443 
-2.5 0.65 240.391051 
-2.5 0.7 278.841753 
-2.5 0.75 359.712966 
-2.5 0.8 558.468205 
-2.45 -1 196.681939 
-2.45 -0.95 196.681521 
-2.45 -0.9 196.681463 
-2.45 -0.85 196.683388 
-2.45 -0.8 196.684405 
-2.45 -0.75 196.680137 
-2.45 -0.7 196.682438 
-2.45 -0.65 196.680631 
-2.45 -0.6 196.681424 
-2.45 -0.55 196.675503 
-2.45 -0.5 196.692254 
-2.45 -0.45 196.686310 
-2.45 -0.4 196.633847 
-2.45 -0.35 196.670664 
-2.45 -0.3 197.142458 
-2.45 -0.25 198.185891 
-2.45 -0.2 199.411438 
-2.45 -0.15 199.893575 
-2.45 -0.1 198.912584 
-2.45 -0.05 196.676445 
-2.45 0 194.173797 
-2.45 0.05 192.373447 
-2.45 0.1 191.709498 
-2.45 0.15 191.827185 
-2.45 0.2 192.003674 
-2.45 0.25 192.031335 
-2.45 0.3 192.252644 
-2.45 0.35 193.104883 
-2.45 0.4 194.701135 
-2.45 0.45 197.301880 
-2.45 0.5 201.494390 
-2.45 0.55 208.395005 
-2.45 0.6 220.042354 
-2.45 0.65 240.701130 
-2.45 0.7 279.349210 
-2.45 0.75 360.645074 
-2.45 0.8 560.542187 
-2.4 -1 196.681942 
-2.4 -0.95 196.681507 
-2.4 -0.9 196.681440 
-2.4 -0.85 196.683404 
-2.4 -0.8 196.684422 
-2.4 -0.75 196.680057 
-2.4 -0.7 196.682386 
-2.4 -0.65 196.680435 
-2.4 -0.6 196.681168 
-2.4 -0.55 196.675222 
-2.4 -0.5 196.692062 
-2.4 -0.45 196.686286 
-2.4 -0.4 196.633964 
-2.4 -0.35 196.671177 
-2.4 -0.3 197.144829 
-2.4 -0.25 198.191976 
-2.4 -0.2 199.422218 
-2.4 -0.15 199.907905 
-2.4 -0.1 198.927530 
-2.4 -0.05 196.689871 
-2.4 0 194.186006 
-2.4 0.05 192.385896 
-2.4 0.1 191.724510 
-2.4 0.15 191.846413 
-2.4 0.2 192.027289 
-2.4 0.25 192.060118 
-2.4 0.3 192.289334 
-2.4 0.35 193.154040 
-2.4 0.4 194.768208 
-2.4 0.45 197.393374 
-2.4 0.5 201.620498 
-2.4 0.55 208.572360 
-2.4 0.6 220.299708 
-2.4 0.65 241.092550 
-2.4 0.7 279.989903 
-2.4 0.75 361.822359 
-2.4 0.8 563.163744 
-2.35 -1 196.681947 
-2.35 -0.95 196.681494 
-2.35 -0.9 196.681415 
-2.35 -0.85 196.683429 
-2.35 -0.8 196.684446 
-2.35 -0.75 196.679957 
-2.35 -0.7 196.682322 
-2.35 -0.65 196.680194 
-2.35 -0.6 196.680844 
-2.35 -0.55 196.674862 
-2.35 -0.5 196.691815 
-2.35 -0.45 196.686255 
-2.35 -0.4 196.634110 
-2.35 -0.35 196.671823 
-2.35 -0.3 197.147811 
-2.35 -0.25 198.199647 
-2.35 -0.2 199.435801 
-2.35 -0.15 199.925963 
-2.35 -0.1 198.946366 
-2.35 -0.05 196.706802 
-2.35 0 194.201427 
-2.35 0.05 192.401640 
-2.35 0.1 191.743494 
-2.35 0.15 191.870719 
-2.35 0.2 192.057133 
-2.35 0.25 192.096488 
-2.35 0.3 192.335694 
-2.35 0.35 193.216154 
-2.35 0.4 194.852928 
-2.35 0.45 197.508925 
-2.35 0.5 201.779783 
-2.35 0.55 208.796373 
-2.35 0.6 220.624773 
-2.35 0.65 241.586986 
-2.35 0.7 280.799384 
-2.35 0.75 363.310555 
-2.35 0.8 566.481019 
-2.3 -1 196.681955 
-2.3 -0.95 196.681471 
-2.3 -0.9 196.681383 
-2.3 -0.85 196.683457 
-2.3 -0.8 196.684480 
-2.3 -0.75 196.679832 
-2.3 -0.7 196.682239 
-2.3 -0.65 196.679885 
-2.3 -0.6 196.680440 
-2.3 -0.55 196.674415 
-2.3 -0.5 196.691508 
-2.3 -0.45 196.686217 
-2.3 -0.4 196.634299 
-2.3 -0.35 196.672634 
-2.3 -0.3 197.151575 
-2.3 -0.25 198.209310 
-2.3 -0.2 199.452922 
-2.3 -0.15 199.948714 
-2.3 -0.1 198.970112 
-2.3 -0.05 196.728171 
-2.3 0 194.220924 
-2.3 0.05 192.421565 
-2.3 0.1 191.767525 
-2.3 0.15 191.901490 
-2.3 0.2 192.094905 
-2.3 0.25 192.142494 
-2.3 0.3 192.394323 
-2.3 0.35 193.294689 
-2.3 0.4 194.960049 
-2.3 0.45 197.655012 
-2.3 0.5 201.981132 
-2.3 0.55 209.079539 
-2.3 0.6 221.035707 
-2.3 0.65 242.212094 
-2.3 0.7 281.823085 
-2.3 0.75 365.193706 
-2.3 0.8 570.684147 
-2.25 -1 196.681965 
-2.25 -0.95 196.681448 
-2.25 -0.9 196.681340 
-2.25 -0.85 196.683494 
-2.25 -0.8 196.684518 
-2.25 -0.75 196.679674 
-2.25 -0.7 196.682135 
-2.25 -0.65 196.679500 
-2.25 -0.6 196.679931 
-2.25 -0.55 196.673853 
-2.25 -0.5 196.691118 
-2.25 -0.45 196.686169 
-2.25 -0.4 196.634538 
-2.25 -0.35 196.673667 
-2.25 -0.3 197.156322 
-2.25 -0.25 198.221493 
-2.25 -0.2 199.474493 
-2.25 -0.15 199.977390 
-2.25 -0.1 199.000054 
-2.25 -0.05 196.755157 
-2.25 0 194.245589 
-2.25 0.05 192.446834 
-2.25 0.1 191.798014 
-2.25 0.15 191.940481 
-2.25 0.2 192.142729 
-2.25 0.25 192.200755 
-2.25 0.3 192.468563 
-2.25 0.35 193.394112 
-2.25 0.4 195.095636 
-2.25 0.45 197.839903 
-2.25 0.5 202.235938 
-2.25 0.55 209.437852 
-2.25 0.6 221.555709 
-2.25 0.65 243.003237 
-2.25 0.7 283.119176 
-2.25 0.75 367.579840 
-2.25 0.8 576.018378 
-2.2 -1 196.681975 
-2.2 -0.95 196.681414 
-2.2 -0.9 196.681287 
-2.2 -0.85 196.683541 
-2.2 -0.8 196.684566 
-2.2 -0.75 196.679476 
-2.2 -0.7 196.682006 
-2.2 -0.65 196.679016 
-2.2 -0.6 196.679290 
-2.2 -0.55 196.673142 
-2.2 -0.5 196.690632 
-2.2 -0.45 196.686108 
-2.2 -0.4 196.634844 
-2.2 -0.35 196.674975 
-2.2 -0.3 197.162306 
-2.2 -0.25 198.236859 
-2.2 -0.2 199.501691 
-2.2 -0.15 200.013544 
-2.2 -0.1 199.037830 
-2.2 -0.05 196.789257 
-2.2 0 194.276845 
-2.2 0.05 192.478922 
-2.2 0.1 191.836743 
-2.2 0.15 191.989980 
-2.2 0.2 192.203428 
-2.2 0.25 192.274641 
-2.2 0.3 192.562690 
-2.2 0.35 193.520157 
-2.2 0.4 195.267487 
-2.2 0.45 198.074195 
-2.2 0.5 202.558799 
-2.2 0.55 209.891847 
-2.2 0.6 222.214596 
-2.2 0.65 244.005888 
-2.2 0.7 284.762505 
-2.2 0.75 370.608180 
-2.2 0.8 582.802161 
-2.15 -1 196.681990 
-2.15 -0.95 196.681373 
-2.15 -0.9 196.681221 
-2.15 -0.85 196.683602 
-2.15 -0.8 196.684625 
-2.15 -0.75 196.679223 
-2.15 -0.7 196.681844 
-2.15 -0.65 196.678404 
-2.15 -0.6 196.678483 
-2.15 -0.55 196.672249 
-2.15 -0.5 196.690016 
-2.15 -0.45 196.686038 
-2.15 -0.4 196.635234 
-2.15 -0.35 196.676630 
-2.15 -0.3 197.169864 
-2.15 -0.25 198.256236 
-2.15 -0.2 199.535991 
-2.15 -0.15 200.059145 
-2.15 -0.1 199.085515 
-2.15 -0.05 196.832406 
-2.15 0 194.316522 
-2.15 0.05 192.519763 
-2.15 0.1 191.886048 
-2.15 0.15 192.052946 
-2.15 0.2 192.280566 
-2.15 0.25 192.368532 
-2.15 0.3 192.682265 
-2.15 0.35 193.680222 
-2.15 0.4 195.485659 
-2.15 0.45 198.371594 
-2.15 0.5 202.968560 
-2.15 0.55 210.468011 
-2.15 0.6 223.050823 
-2.15 0.65 245.278710 
-2.15 0.7 286.849838 
-2.15 0.75 374.459494 
-2.15 0.8 591.451792 
-2.1 -1 196.682010 
-2.1 -0.95 196.681321 
-2.1 -0.9 196.681139 
-2.1 -0.85 196.683676 
-2.1 -0.8 196.684706 
-2.1 -0.75 196.678909 
-2.1 -0.7 196.681637 
-2.1 -0.65 196.677638 
-2.1 -0.6 196.677468 
-2.1 -0.55 196.671130 
-2.1 -0.5 196.689248 
-2.1 -0.45 196.685956 
-2.1 -0.4 196.635733 
-2.1 -0.35 196.678728 
-2.1 -0.3 197.179413 
-2.1 -0.25 198.280694 
-2.1 -0.2 199.579275 
-2.1 -0.15 200.116691 
-2.1 -0.1 199.145750 
-2.1 -0.05 196.887043 
-2.1 0 194.366978 
-2.1 0.05 192.571873 
-2.1 0.1 191.949005 
-2.1 0.15 192.133257 
-2.1 0.2 192.378858 
-2.1 0.25 192.488100 
-2.1 0.3 192.834491 
-2.1 0.35 193.883916 
-2.1 0.4 195.763233 
-2.1 0.45 198.749853 
-2.1 0.5 203.489652 
-2.1 0.55 211.200671 
-2.1 0.6 224.114260 
-2.1 0.65 246.897849 
-2.1 0.7 289.507057 
-2.1 0.75 379.369978 
-2.1 0.8 602.516162 
-2.05 -1 196.682032 
-2.05 -0.95 196.681253 
-2.05 -0.9 196.681033 
-2.05 -0.85 196.683768 
-2.05 -0.8 196.684805 
-2.05 -0.75 196.678512 
-2.05 -0.7 196.681379 
-2.05 -0.65 196.676669 
-2.05 -0.6 196.676192 
-2.05 -0.55 196.669715 
-2.05 -0.5 196.688278 
-2.05 -0.45 196.685855 
-2.05 -0.4 196.636376 
-2.05 -0.35 196.681402 
-2.05 -0.3 197.191498 
-2.05 -0.25 198.311587 
-2.05 -0.2 199.633912 
-2.05 -0.15 200.189344 
-2.05 -0.1 199.221901 
-2.05 -0.05 196.956380 
-2.05 0 194.431319 
-2.05 0.05 192.638595 
-2.05 0.1 192.029641 
-2.05 0.15 192.235988 
-2.05 0.2 192.504461 
-2.05 0.25 192.640802 
-2.05 0.3 193.028814 
-2.05 0.35 194.143843 
-2.05 0.4 196.117261 
-2.05 0.45 199.232192 
-2.05 0.5 204.153974 
-2.05 0.55 212.134635 
-2.05 0.6 225.469994 
-2.05 0.65 248.962867 
-2.05 0.7 292.899124 
-2.05 0.75 385.650887 
-2.05 0.8 616.726816 
-2 -1 196.682061 
-2 -0.95 196.681174 
-2 -0.9 196.680899 
-2 -0.85 196.683890 
-2 -0.8 196.684924 
-2 -0.75 196.678016 
-2 -0.7 196.681056 
-2 -0.65 196.675450 
-2 -0.6 196.674586 
-2 -0.55 196.667934 
-2 -0.5 196.687068 
-2 -0.45 196.685735 
-2 -0.4 196.637206 
-2 -0.35 196.684808 
-2 -0.3 197.206797 
-2 -0.25 198.350638 
-2 -0.2 199.702952 
-2 -0.15 200.281145 
-2 -0.1 199.318268 
-2 -0.05 197.044493 
-2 0 194.513606 
-2 0.05 192.724358 
-2 0.1 192.133376 
-2 0.15 192.367918 
-2 0.2 192.665534 
-2 0.25 192.836481 
-2 0.3 193.277704 
-2 0.35 194.476580 
-2 0.4 196.570251 
-2 0.45 199.849120 
-2 0.5 205.003462 
-2 0.55 213.328812 
-2 0.6 227.203668 
-2 0.65 251.604896 
-2 0.7 297.244085 
-2 0.75 393.716451 
-2 0.8 635.070658 
-1.95 -1 196.682098 
-1.95 -0.95 196.681067 
-1.95 -0.9 196.680735 
-1.95 -0.85 196.684040 
-1.95 -0.8 196.685080 
-1.95 -0.75 196.677389 
-1.95 -0.7 196.680643 
-1.95 -0.65 196.673922 
-1.95 -0.6 196.672562 
-1.95 -0.55 196.665695 
-1.95 -0.5 196.685546 
-1.95 -0.45 196.685611 
-1.95 -0.4 196.638287 
-1.95 -0.35 196.689167 
-1.95 -0.3 197.226184 
-1.95 -0.25 198.400049 
-1.95 -0.2 199.790256 
-1.95 -0.15 200.397257 
-1.95 -0.1 199.440391 
-1.95 -0.05 197.156745 
-1.95 0 194.619237 
-1.95 0.05 192.835112 
-1.95 0.1 192.267456 
-1.95 0.15 192.538126 
-1.95 0.2 192.872990 
-1.95 0.25 193.088289 
-1.95 0.3 193.597767 
-1.95 0.35 194.904201 
-1.95 0.4 197.152078 
-1.95 0.45 200.641159 
-1.95 0.5 206.093759 
-1.95 0.55 214.861369 
-1.95 0.6 229.428977 
-1.95 0.65 254.998340 
-1.95 0.7 302.833122 
-1.95 0.75 404.124466 
-1.95 0.8 658.899064 
-1.9 -1 196.682144 
-1.9 -0.95 196.680934 
-1.9 -0.9 196.680531 
-1.9 -0.85 196.684225 
-1.9 -0.8 196.685271 
-1.9 -0.75 196.676594 
-1.9 -0.7 196.680124 
-1.9 -0.65 196.671992 
-1.9 -0.6 196.670019 
-1.9 -0.55 196.662883 
-1.9 -0.5 196.683649 
-1.9 -0.45 196.685471 
-1.9 -0.4 196.639698 
-1.9 -0.35 196.694761 
-1.9 -0.3 197.250806 
-1.9 -0.25 198.462635 
-1.9 -0.2 199.900777 
-1.9 -0.15 200.544280 
-1.9 -0.1 199.595407 
-1.9 -0.05 197.300163 
-1.9 0 194.755456 
-1.9 0.05 192.978985 
-1.9 0.1 192.441791 
-1.9 0.15 192.758912 
-1.9 0.2 193.141556 
-1.9 0.25 193.413931 
-1.9 0.3 194.011379 
-1.9 0.35 195.456395 
-1.9 0.4 197.902856 
-1.9 0.45 201.662691 
-1.9 0.5 207.499447 
-1.9 0.55 216.837027 
-1.9 0.6 232.298340 
-1.9 0.65 259.377626 
-1.9 0.7 310.059584 
-1.9 0.75 417.636238 
-1.9 0.8 690.094294 
-1.85 -1 196.682201 
-1.85 -0.95 196.680767 
-1.85 -0.9 196.680267 
-1.85 -0.85 196.684458 
-1.85 -0.8 196.685517 
-1.85 -0.75 196.675594 
-1.85 -0.7 196.679475 
-1.85 -0.65 196.669564 
-1.85 -0.6 196.666813 
-1.85 -0.55 196.659353 
-1.85 -0.5 196.681266 
-1.85 -0.45 196.685328 
-1.85 -0.4 196.641566 
-1.85 -0.35 196.701981 
-1.85 -0.3 197.282145 
-1.85 -0.25 198.542043 
-1.85 -0.2 200.040886 
-1.85 -0.15 200.730723 
-1.85 -0.1 199.792585 
-1.85 -0.05 197.484070 
-1.85 0 194.932054 
-1.85 0.05 193.167118 
-1.85 0.1 192.670041 
-1.85 0.15 193.047193 
-1.85 0.2 193.491398 
-1.85 0.25 193.837581 
-1.85 0.3 194.548985 
-1.85 0.35 196.173477 
-1.85 0.4 198.877039 
-1.85 0.45 202.987388 
-1.85 0.5 209.321568 
-1.85 0.55 219.397718 
-1.85 0.6 236.018581 
-1.85 0.65 265.061696 
-1.85 0.7 319.461942 
-1.85 0.75 435.307224 
-1.85 0.8 731.330541 
-1.8 -1 196.682276 
-1.8 -0.95 196.680559 
-1.8 -0.9 196.679934 
-1.8 -0.85 196.684755 
-1.8 -0.8 196.685825 
-1.8 -0.75 196.674343 
-1.8 -0.7 196.678659 
-1.8 -0.65 196.666513 
-1.8 -0.6 196.662778 
-1.8 -0.55 196.654914 
-1.8 -0.5 196.678289 
-1.8 -0.45 196.685220 
-1.8 -0.4 196.644060 
-1.8 -0.35 196.711352 
-1.8 -0.3 197.322142 
-1.8 -0.25 198.643006 
-1.8 -0.2 200.218828 
-1.8 -0.15 200.967565 
-1.8 -0.1 200.043988 
-1.8 -0.05 197.720851 
-1.8 0 195.162505 
-1.8 0.05 193.415084 
-1.8 0.1 192.971282 
-1.8 0.15 193.426460 
-1.8 0.2 193.950392 
-1.8 0.25 194.392632 
-1.8 0.3 195.252583 
-1.8 0.35 197.111004 
-1.8 0.4 200.149423 
-1.8 0.45 204.716368 
-1.8 0.5 211.698697 
-1.8 0.55 222.738122 
-1.8 0.6 240.873772 
-1.8 0.65 272.490303 
-1.8 0.7 331.788438 
-1.8 0.75 458.626684 
-1.8 0.8 786.494830 
-1.75 -1 196.682369 
-1.75 -0.95 196.680299 
-1.75 -0.9 196.679520 
-1.75 -0.85 196.685132 
-1.75 -0.8 196.686214 
-1.75 -0.75 196.672764 
-1.75 -0.7 196.677634 
-1.75 -0.65 196.662668 
-1.75 -0.6 196.657717 
-1.75 -0.55 196.649351 
-1.75 -0.5 196.674599 
-1.75 -0.45 196.685164 
-1.75 -0.4 196.647424 
-1.75 -0.35 196.723564 
-1.75 -0.3 197.373367 
-1.75 -0.25 198.771662 
-1.75 -0.2 200.445293 
-1.75 -0.15 201.269112 
-1.75 -0.1 200.365570 
-1.75 -0.05 198.027333 
-1.75 0 195.465496 
-1.75 0.05 193.744864 
-1.75 0.1 193.372546 
-1.75 0.15 193.929819 
-1.75 0.2 194.557654 
-1.75 0.25 195.125753 
-1.75 0.3 196.180797 
-1.75 0.35 198.346342 
-1.75 0.4 201.824126 
-1.75 0.45 206.990204 
-1.75 0.5 214.823381 
-1.75 0.55 227.128829 
-1.75 0.6 247.259518 
-1.75 0.65 282.278716 
-1.75 0.7 348.095918 
-1.75 0.75 489.738161 
-1.75 0.8 861.385619 
-1.7 -1 196.682486 
-1.7 -0.95 196.679967 
-1.7 -0.9 196.678996 
-1.7 -0.85 196.685600 
-1.7 -0.8 196.686701 
-1.7 -0.75 196.670784 
-1.7 -0.7 196.676347 
-1.7 -0.65 196.657837 
-1.7 -0.6 196.651341 
-1.7 -0.55 196.642356 
-1.7 -0.5 196.670012 
-1.7 -0.45 196.685255 
-1.7 -0.4 196.652013 
-1.7 -0.35 196.739656 
-1.7 -0.3 197.439206 
-1.7 -0.25 198.936124 
-1.7 -0.2 200.734276 
-1.7 -0.15 201.654116 
-1.7 -0.1 200.778449 
-1.7 -0.05 198.426441 
-1.7 0 195.867338 
-1.7 0.05 194.187957 
-1.7 0.1 193.912577 
-1.7 0.15 194.604517 
-1.7 0.2 195.368755 
-1.7 0.25 196.103100 
-1.7 0.3 197.416559 
-1.7 0.35 199.988775 
-1.7 0.4 204.047887 
-1.7 0.45 210.006882 
-1.7 0.5 218.966665 
-1.7 0.55 232.951084 
-1.7 0.6 255.734702 
-1.7 0.65 295.301317 
-1.7 0.7 369.904177 
-1.7 0.75 531.796292 
-1.7 0.8 964.907112 
-1.65 -1 196.682632 
-1.65 -0.95 196.679556 
-1.65 -0.9 196.678340 
-1.65 -0.85 196.686196 
-1.65 -0.8 196.687319 
-1.65 -0.75 196.668285 
-1.65 -0.7 196.674728 
-1.65 -0.65 196.651756 
-1.65 -0.6 196.643329 
-1.65 -0.55 196.633593 
-1.65 -0.5 196.664345 
-1.65 -0.45 196.685615 
-1.65 -0.4 196.658331 
-1.65 -0.35 196.760990 
-1.65 -0.3 197.524254 
-1.65 -0.25 199.147085 
-1.65 -0.2 201.104259 
-1.65 -0.15 202.147304 
-1.65 -0.1 201.310954 
-1.65 -0.05 198.949939 
-1.65 0 196.405548 
-1.65 0.05 194.789998 
-1.65 0.1 194.647671 
-1.65 0.15 195.518841 
-1.65 0.2 196.463630 
-1.65 0.25 197.419670 
-1.65 0.3 199.078753 
-1.65 0.35 202.194681 
-1.65 0.4 207.030378 
-1.65 0.45 214.048981 
-1.65 0.5 224.515435 
-1.65 0.55 240.749734 
-1.65 0.6 267.100744 
-1.65 0.65 312.821295 
-1.65 0.7 399.441559 
-1.65 0.75 589.559990 
-1.65 0.8 1111.124762 
-1.6 -1 196.682820 
-1.6 -0.95 196.679031 
-1.6 -0.9 196.677508 
-1.6 -0.85 196.686942 
-1.6 -0.8 196.688090 
-1.6 -0.75 196.665146 
-1.6 -0.7 196.672696 
-1.6 -0.65 196.644118 
-1.6 -0.6 196.633265 
-1.6 -0.55 196.622616 
-1.6 -0.5 196.657377 
-1.6 -0.45 196.686457 
-1.6 -0.4 196.667180 
-1.6 -0.35 196.789592 
-1.6 -0.3 197.634742 
-1.6 -0.25 199.418889 
-1.6 -0.2 201.579803 
-1.6 -0.15 202.781670 
-1.6 -0.1 202.001533 
-1.6 -0.05 199.642342 
-1.6 0 197.134339 
-1.6 0.05 195.617982 
-1.6 0.1 195.660540 
-1.6 0.15 196.772685 
-1.6 0.2 197.958766 
-1.6 0.25 199.213553 
-1.6 0.3 201.339895 
-1.6 0.35 205.190658 
-1.6 0.4 211.075034 
-1.6 0.45 219.525160 
-1.6 0.5 232.029313 
-1.6 0.55 251.314398 
-1.6 0.6 282.524407 
-1.6 0.65 336.695342 
-1.6 0.7 440.044403 
-1.6 0.75 670.410233 
-1.55 -1 196.683052 
-1.55 -0.95 196.678373 
-1.55 -0.9 196.676465 
-1.55 -0.85 196.687889 
-1.55 -0.8 196.689071 
-1.55 -0.75 196.661192 
-1.55 -0.7 196.670151 
-1.55 -0.65 196.634506 
-1.55 -0.6 196.620626 
-1.55 -0.55 196.608906 
-1.55 -0.5 196.648868 
-1.55 -0.45 196.688117 
-1.55 -0.4 196.679712 
-1.55 -0.35 196.828354 
-1.55 -0.3 197.779266 
-1.55 -0.25 199.770922 
-1.55 -0.2 202.193977 
-1.55 -0.15 203.601680 
-1.55 -0.1 202.902944 
-1.55 -0.05 200.566957 
-1.55 0 198.133031 
-1.55 0.05 196.771308 
-1.55 0.1 197.074097 
-1.55 0.15 198.513819 
-1.55 0.2 200.025771 
-1.55 0.25 201.687772 
-1.55 0.3 204.453370 
-1.55 0.35 209.309039 
-1.55 0.4 216.626326 
-1.55 0.45 227.033870 
-1.55 0.5 242.328445 
-1.55 0.55 265.805365 
-1.55 0.6 303.730545 
-1.55 0.65 369.701772 
-1.55 0.7 496.822640 
-1.55 0.75 786.158746 
-1.5 -1 196.683347 
-1.5 -0.95 196.677546 
-1.5 -0.9 196.675155 
-1.5 -0.85 196.689080 
-1.5 -0.8 196.690307 
-1.5 -0.75 196.656221 
-1.5 -0.7 196.666965 
-1.5 -0.65 196.622436 
-1.5 -0.6 196.604755 
-1.5 -0.55 196.591781 
-1.5 -0.5 196.638592 
-1.5 -0.45 196.691176 
-1.5 -0.4 196.697714 
-1.5 -0.35 196.881513 
-1.5 -0.3 197.969806 
-1.5 -0.25 200.229741 
-1.5 -0.2 202.991742 
-1.5 -0.15 204.667966 
-1.5 -0.1 204.088566 
-1.5 -0.05 201.814889 
-1.5 0 199.518994 
-1.5 0.05 198.398997 
-1.5 0.1 199.072731 
-1.5 0.15 200.963003 
-1.5 0.2 202.920146 
-1.5 0.25 205.144104 
-1.5 0.3 208.795341 
-1.5 0.35 215.042688 
-1.5 0.4 224.342850 
-1.5 0.45 237.461859 
-1.5 0.5 256.629723 
-1.5 0.55 285.950741 
-1.5 0.6 333.308371 
-1.5 0.65 416.076522 
-1.5 0.7 577.799818 
-1.5 0.75 956.396873 
-1.45 -1 196.683717 
-1.45 -0.95 196.676509 
-1.45 -0.9 196.673501 
-1.45 -0.85 196.690585 
-1.45 -0.8 196.691862 
-1.45 -0.75 196.649972 
-1.45 -0.7 196.662977 
-1.45 -0.65 196.607276 
-1.45 -0.6 196.584861 
-1.45 -0.55 196.570465 
-1.45 -0.5 196.626308 
-1.45 -0.45 196.696553 
-1.45 -0.4 196.723883 
-1.45 -0.35 196.955348 
-1.45 -0.3 198.223296 
-1.45 -0.25 200.832129 
-1.45 -0.2 204.035057 
-1.45 -0.15 206.064195 
-1.45 -0.1 205.661794 
-1.45 -0.05 203.519024 
-1.45 0 201.467750 
-1.45 0.05 200.726385 
-1.45 0.1 201.935400 
-1.45 0.15 204.452993 
-1.45 0.2 207.025749 
-1.45 0.25 210.035286 
-1.45 0.3 214.929687 
-1.45 0.35 223.129799 
-1.45 0.4 235.210533 
-1.45 0.45 252.137255 
-1.45 0.5 276.759747 
-1.45 0.55 314.357684 
-1.45 0.6 375.204776 
-1.45 0.65 482.406927 
-1.45 0.7 695.929533 
-1.45 0.75 1214.975924 
-1.4 -1 196.684188 
-1.4 -0.95 196.675207 
-1.4 -0.9 196.671417 
-1.4 -0.85 196.692485 
-1.4 -0.8 196.693827 
-1.4 -0.75 196.642120 
-1.4 -0.7 196.658001 
-1.4 -0.65 196.588250 
-1.4 -0.6 196.559927 
-1.4 -0.55 196.544008 
-1.4 -0.5 196.611912 
-1.4 -0.45 196.705756 
-1.4 -0.4 196.762388 
-1.4 -0.35 197.059246 
-1.4 -0.3 198.563999 
-1.4 -0.25 201.629761 
-1.4 -0.2 205.410363 
-1.4 -0.15 207.907445 
-1.4 -0.1 207.770362 
-1.4 -0.05 205.875528 
-1.4 0 204.244292 
-1.4 0.05 204.096806 
-1.4 0.1 206.087141 
-1.4 0.15 209.489051 
-1.4 0.2 212.923771 
-1.4 0.25 217.046026 
-1.4 0.3 223.708785 
-1.4 0.35 234.685725 
-1.4 0.4 250.718818 
-1.4 0.45 273.068753 
-1.4 0.5 305.489830 
-1.4 0.55 355.009084 
-1.4 0.6 435.531262 
-1.4 0.65 579.159393 
-1.4 0.7 872.801347 
-1.35 -1 196.684784 
-1.35 -0.95 196.673576 
-1.35 -0.9 196.668801 
-1.35 -0.85 196.694889 
-1.35 -0.8 196.696312 
-1.35 -0.75 196.632260 
-1.35 -0.7 196.651808 
-1.35 -0.65 196.564397 
-1.35 -0.6 196.528733 
-1.35 -0.55 196.511307 
-1.35 -0.5 196.595461 
-1.35 -0.45 196.721170 
-1.35 -0.4 196.819690 
-1.35 -0.35 197.207399 
-1.35 -0.3 199.027131 
-1.35 -0.25 202.696182 
-1.35 -0.2 207.239913 
-1.35 -0.15 210.363765 
-1.35 -0.1 210.628127 
-1.35 -0.05 209.177206 
-1.35 0 208.251942 
-1.35 0.05 209.036819 
-1.35 0.1 212.179466 
-1.35 0.15 216.843026 
-1.35 0.2 221.499847 
-1.35 0.25 227.218866 
-1.35 0.3 236.430264 
-1.35 0.35 251.408197 
-1.35 0.4 273.135697 
-1.35 0.45 303.320537 
-1.35 0.5 347.066418 
-1.35 0.55 414.063896 
-1.35 0.6 523.907174 
-1.35 0.65 723.367187 
-1.35 0.7 1145.767854 
-1.3 -1 196.685545 
-1.3 -0.95 196.671531 
-1.3 -0.9 196.665510 
-1.3 -0.85 196.697937 
-1.3 -0.8 196.699447 
-1.3 -0.75 196.619888 
-1.3 -0.7 196.644117 
-1.3 -0.65 196.534507 
-1.3 -0.6 196.489768 
-1.3 -0.55 196.471071 
-1.3 -0.5 196.577425 
-1.3 -0.45 196.746664 
-1.3 -0.4 196.905802 
-1.3 -0.35 197.421399 
-1.3 -0.3 199.664390 
-1.3 -0.25 204.137470 
-1.3 -0.2 209.699016 
-1.3 -0.15 213.671873 
-1.3 -0.1 214.548750 
-1.3 -0.05 213.865462 
-1.3 0 214.108905 
-1.3 0.05 216.358134 
-1.3 0.1 221.215611 
-1.3 0.15 227.699677 
-1.3 0.2 234.110219 
-1.3 0.25 242.149711 
-1.3 0.3 255.080886 
-1.3 0.35 275.897361 
-1.3 0.4 305.937736 
-1.3 0.45 347.602601 
-1.3 0.5 408.056491 
-1.3 0.55 501.163476 
-1.3 0.6 655.744579 
-1.3 0.65 943.530496 
-1.3 0.7 1582.353158 
-1.25 -1 196.686504 
-1.25 -0.95 196.668969 
-1.25 -0.9 196.661365 
-1.25 -0.85 196.701794 
-1.25 -0.8 196.703424 
-1.25 -0.75 196.604374 
-1.25 -0.7 196.634605 
-1.25 -0.65 196.497125 
-1.25 -0.6 196.441192 
-1.25 -0.55 196.421924 
-1.25 -0.5 196.558920 
-1.25 -0.45 196.788416 
-1.25 -0.4 197.036362 
-1.25 -0.35 197.734370 
-1.25 -0.3 200.552547 
-1.25 -0.25 206.108519 
-1.25 -0.2 213.042299 
-1.25 -0.15 218.179644 
-1.25 -0.1 219.997883 
-1.25 -0.05 220.611758 
-1.25 0 222.768399 
-1.25 0.05 227.317233 
-1.25 0.1 234.745789 
-1.25 0.15 243.883731 
-1.25 0.2 252.839608 
-1.25 0.25 264.291330 
-1.25 0.3 282.716089 
-1.25 0.35 312.154760 
-1.25 0.4 354.483507 
-1.25 0.45 413.202789 
-1.25 0.5 498.705267 
-1.25 0.55 631.593834 
-1.25 0.6 856.237121 
-1.25 0.65 1288.941987 
-1.2 -1 196.687724 
-1.2 -0.95 196.665765 
-1.2 -0.9 196.656160 
-1.2 -0.85 196.706700 
-1.2 -0.8 196.708460 
-1.2 -0.75 196.584921 
-1.2 -0.7 196.622902 
-1.2 -0.65 196.450432 
-1.2 -0.6 196.380804 
-1.2 -0.55 196.362443 
-1.2 -0.5 196.542316 
-1.2 -0.45 196.856252 
-1.2 -0.4 197.235826 
-1.2 -0.35 198.197378 
-1.2 -0.3 201.806783 
-1.2 -0.25 208.838254 
-1.2 -0.2 217.644490 
-1.2 -0.15 224.400580 
-1.2 -0.1 227.674658 
-1.2 -0.05 230.445623 
-1.2 0 235.707439 
-1.2 0.05 243.865196 
-1.2 0.1 255.170856 
-1.2 0.15 268.211538 
-1.2 0.2 280.899393 
-1.2 0.25 297.423355 
-1.2 0.3 324.049263 
-1.2 0.35 366.360877 
-1.2 0.4 427.068595 
-1.2 0.45 511.463629 
-1.2 0.5 635.134935 
-1.2 0.55 829.931019 
-1.2 0.6 1167.555552 
-1.2 0.65 1848.341132 
-1.15 -1 196.689278 
-1.15 -0.95 196.661774 
-1.15 -0.9 196.649615 
-1.15 -0.85 196.712940 
-1.15 -0.8 196.714866 
-1.15 -0.75 196.560581 
-1.15 -0.7 196.608589 
-1.15 -0.65 196.392246 
-1.15 -0.6 196.305996 
-1.15 -0.55 196.291322 
-1.15 -0.5 196.531993 
-1.15 -0.45 196.965863 
-1.15 -0.4 197.542541 
-1.15 -0.35 198.889561 
-1.15 -0.3 203.601437 
-1.15 -0.25 212.668714 
-1.15 -0.2 224.063566 
-1.15 -0.15 233.102002 
-1.15 -0.1 238.639771 
-1.15 -0.05 244.956219 
-1.15 0 255.223608 
-1.15 0.05 269.037896 
-1.15 0.1 286.213101 
-1.15 0.15 305.033019 
-1.15 0.2 323.240653 
-1.15 0.25 347.377070 
-1.15 0.3 386.364101 
-1.15 0.35 448.083635 
-1.15 0.4 536.577148 
-1.15 0.45 660.129656 
-1.15 0.5 842.943615 
-1.15 0.55 1136.326705 
-1.15 0.6 1662.357038 
-1.1 -1 196.691272 
-1.1 -0.95 196.656800 
-1.1 -0.9 196.641381 
-1.1 -0.85 196.720916 
-1.1 -0.8 196.723007 
-1.1 -0.75 196.530176 
-1.1 -0.7 196.591254 
-1.1 -0.65 196.319936 
-1.1 -0.6 196.213736 
-1.1 -0.55 196.207782 
-1.1 -0.5 196.535763 
-1.1 -0.45 197.142212 
-1.1 -0.4 198.016794 
-1.1 -0.35 199.934057 
-1.1 -0.3 206.202491 
-1.1 -0.25 218.115997 
-1.1 -0.2 233.139688 
-1.1 -0.15 245.443585 
-1.1 -0.1 254.517639 
-1.1 -0.05 266.611247 
-1.1 0 284.901924 
-1.1 0.05 307.564158 
-1.1 0.1 333.642112 
-1.1 0.15 361.061321 
-1.1 0.2 387.490171 
-1.1 0.25 423.146177 
-1.1 0.3 480.919152 
-1.1 0.35 572.149114 
-1.1 0.4 703.063281 
-1.1 0.45 887.091373 
-1.1 0.5 1163.174561 
-1.1 0.55 1617.662495 
-1.1 0.6 2470.332007 
-1.05 -1 196.693826 
-1.05 -0.95 196.650638 
-1.05 -0.9 196.631049 
-1.05 -0.85 196.731113 
-1.05 -0.8 196.733406 
-1.05 -0.75 196.492269 
-1.05 -0.7 196.570491 
-1.05 -0.65 196.230405 
-1.05 -0.6 196.100653 
-1.05 -0.55 196.112076 
-1.05 -0.5 196.567075 
-1.05 -0.45 197.424972 
-1.05 -0.4 198.753453 
-1.05 -0.35 201.523045 
-1.05 -0.3 210.018343 
-1.05 -0.25 225.965585 
-1.05 -0.2 246.150656 
-1.05 -0.15 263.196432 
-1.05 -0.1 277.817203 
-1.05 -0.05 299.261903 
-1.05 0 330.348324 
-1.05 0.05 366.809303 
-1.05 0.1 406.385556 
-1.05 0.15 446.629951 
-1.05 0.2 485.365032 
-1.05 0.25 538.572317 
-1.05 0.3 625.092761 
-1.05 0.35 761.517282 
-1.05 0.4 957.771601 
-1.05 0.45 1236.381132 
-1.05 0.5 1662.387608 
-1.05 0.55 2388.062899 
-1 -1 196.697126 
-1 -0.95 196.643028 
-1 -0.9 196.618071 
-1 -0.85 196.744238 
-1 -0.8 196.746706 
-1 -0.75 196.445130 
-1 -0.7 196.546060 
-1 -0.65 196.120069 
-1 -0.6 195.963144 
-1 -0.55 196.006630 
-1 -0.5 196.648541 
-1 -0.45 197.877149 
-1 -0.4 199.902018 
-1 -0.35 203.957265 
-1 -0.3 215.679633 
-1 -0.25 237.422052 
-1 -0.2 265.057726 
-1 -0.15 289.091748 
-1 -0.1 312.443778 
-1 -0.05 348.944302 
-1 0 400.339678 
-1 0.05 458.229024 
-1 0.1 518.208736 
-1 0.15 577.569549 
-1 0.2 634.776721 
-1 0.25 714.867348 
-1 0.3 845.616984 
-1 0.35 1051.657554 
-1 0.4 1349.364904 
-1 0.45 1777.822791 
-1 0.5 2450.034089 
-1 0.55 3647.650092 
-0.95 -1 196.701398 
-0.95 -0.95 196.633680 
-0.95 -0.9 196.601795 
-0.95 -0.85 196.761186 
-0.95 -0.8 196.763800 
-0.95 -0.75 196.386735 
-0.95 -0.7 196.517966 
-0.95 -0.65 195.984952 
-0.95 -0.6 195.797735 
-0.95 -0.55 195.897704 
-0.95 -0.5 196.817674 
-0.95 -0.45 198.598747 
-0.95 -0.4 201.698270 
-0.95 -0.35 207.708169 
-0.95 -0.3 224.164496 
-0.95 -0.25 254.344681 
-0.95 -0.2 292.895888 
-0.95 -0.15 327.378985 
-0.95 -0.1 364.519118 
-0.95 -0.05 425.152805 
-0.95 0 508.620144 
-0.95 0.05 599.586605 
-0.95 0.1 690.210312 
-0.95 0.15 777.947498 
-0.95 0.2 862.888982 
-0.95 0.25 984.308167 
-0.95 0.3 1183.363262 
-0.95 0.35 1497.099759 
-0.95 0.4 1953.488408 
-0.95 0.45 2622.661577 
-0.95 0.5 3709.210375 
-0.9 -1 196.706980 
-0.9 -0.95 196.622294 
-0.9 -0.9 196.581416 
-0.9 -0.85 196.783219 
-0.9 -0.8 196.785856 
-0.9 -0.75 196.314715 
-0.9 -0.7 196.486839 
-0.9 -0.65 195.820858 
-0.9 -0.6 195.601772 
-0.9 -0.55 195.798343 
-0.9 -0.5 197.135973 
-0.9 -0.45 199.748308 
-0.9 -0.4 204.514361 
-0.9 -0.35 213.515816 
-0.9 -0.3 236.995563 
-0.9 -0.25 279.618970 
-0.9 -0.2 334.396626 
-0.9 -0.15 384.725012 
-0.9 -0.1 443.701999 
-0.9 -0.05 542.863141 
-0.9 0 676.687659 
-0.9 0.05 818.280053 
-0.9 0.1 954.433202 
-0.9 0.15 1083.933739 
-0.9 0.2 1210.406171 
-0.9 0.25 1395.479017 
-0.9 0.3 1700.219815 
-0.9 0.35 2181.004525 
-0.9 0.4 2887.267573 
-0.9 0.45 3949.069411 
-0.85 -1 196.714320 
-0.85 -0.95 196.608556 
-0.85 -0.9 196.555936 
-0.85 -0.85 196.812029 
-0.85 -0.8 196.814447 
-0.85 -0.75 196.226419 
-0.85 -0.7 196.454329 
-0.85 -0.65 195.623854 
-0.85 -0.6 195.374604 
-0.85 -0.55 195.733126 
-0.85 -0.5 197.703413 
-0.85 -0.45 201.577087 
-0.85 -0.4 208.937852 
-0.85 -0.35 222.542848 
-0.85 -0.3 256.549325 
-0.85 -0.25 317.743215 
-0.85 -0.2 396.985298 
-0.85 -0.15 471.671165 
-0.85 -0.1 565.323463 
-0.85 -0.05 725.741335 
-0.85 0 938.068885 
-0.85 0.05 1156.210749 
-0.85 0.1 1358.872387 
-0.85 0.15 1548.965858 
-0.85 0.2 1737.257763 
-0.85 0.25 2020.338802 
-0.85 0.3 2488.527634 
-0.85 0.35 3228.609873 
-0.85 0.4 4330.837815 
-0.8 -1 196.724039 
-0.8 -0.95 196.592236 
-0.8 -0.9 196.524141 
-0.8 -0.85 196.850013 
-0.8 -0.8 196.851764 
-0.8 -0.75 196.119102 
-0.8 -0.7 196.423919 
-0.8 -0.65 195.391068 
-0.8 -0.6 195.119747 
-0.8 -0.55 195.745979 
-0.8 -0.5 198.681426 
-0.8 -0.45 204.482918 
-0.8 -0.4 215.896540 
-0.8 -0.35 236.616180 
-0.8 -0.3 286.541747 
-0.8 -0.25 375.754768 
-0.8 -0.2 492.384445 
-0.8 -0.15 605.007979 
-0.8 -0.1 753.851747 
-0.8 -0.05 1011.210341 
-0.8 0 1344.757323 
-0.8 0.05 1676.624503 
-0.8 0.1 1973.945892 
-0.8 0.15 2250.030289 
-0.8 0.2 2529.428385 
-0.8 0.25 2962.952950 
-0.8 0.3 3683.029370 
-0.8 0.35 4824.912611 
-0.8 0.4 6557.875871 
-0.75 -1 196.737061 
-0.75 -0.95 196.573225 
-0.75 -0.9 196.484601 
-0.75 -0.85 196.900519 
-0.75 -0.8 196.900737 
-0.75 -0.75 195.990116 
-0.75 -0.7 196.402225 
-0.75 -0.65 195.122326 
-0.75 -0.6 194.848634 
-0.75 -0.55 195.912748 
-0.75 -0.5 200.329408 
-0.75 -0.45 209.095294 
-0.75 -0.4 226.855282 
-0.75 -0.35 258.605380 
-0.75 -0.3 332.788494 
-0.75 -0.25 464.690503 
-0.75 -0.2 639.196915 
-0.75 -0.15 811.663612 
-0.75 -0.1 1048.524561 
-0.75 -0.05 1458.372933 
-0.75 0 1976.617993 
-0.75 0.05 2473.076114 
-0.75 0.1 2899.805990 
-0.75 0.15 3293.955253 
-0.75 0.2 3705.651168 
-0.75 0.25 4368.527043 
-0.75 0.3 5473.737718 
-0.75 0.35 7234.953210 
-0.7 -1 196.754652 
-0.7 -0.95 196.551796 
-0.7 -0.9 196.435665 
-0.7 -0.85 196.968342 
-0.7 -0.8 196.965451 
-0.7 -0.75 195.837585 
-0.7 -0.7 196.400948 
-0.7 -0.65 194.822810 
-0.7 -0.6 194.586863 
-0.7 -0.55 196.361701 
-0.7 -0.5 203.062311 
-0.7 -0.45 216.409142 
-0.7 -0.4 244.125692 
-0.7 -0.35 293.012843 
-0.7 -0.3 404.389818 
-0.7 -0.25 601.881703 
-0.7 -0.2 867.068666 
-0.7 -0.15 1135.088448 
-0.7 -0.1 1512.489950 
-0.7 -0.05 2160.174674 
-0.7 0 2954.413869 
-0.7 0.05 3679.702209 
-0.7 0.1 4272.244951 
-0.7 0.15 4820.701069 
-0.7 0.2 5420.548064 
-0.7 0.25 6428.681493 
-0.7 0.3 8114.264712 
-0.65 -1 196.778711 
-0.65 -0.95 196.528846 
-0.65 -0.9 196.375520 
-0.65 -0.85 197.060380 
-0.65 -0.8 197.051552 
-0.65 -0.75 195.661442 
-0.65 -0.7 196.440124 
-0.65 -0.65 194.507876 
-0.65 -0.6 194.385048 
-0.65 -0.55 197.306400 
-0.65 -0.5 207.541494 
-0.65 -0.45 227.995580 
-0.65 -0.4 271.351984 
-0.65 -0.35 346.888272 
-0.65 -0.3 515.563862 
-0.65 -0.25 814.531760 
-0.65 -0.2 1223.371838 
-0.65 -0.15 1645.722026 
-0.65 -0.1 2247.523133 
-0.65 -0.05 3261.452209 
-0.65 0 4456.156064 
-0.65 0.05 5479.583512 
-0.65 0.1 6261.782830 
-0.65 0.15 6997.313764 
-0.65 0.2 7856.985657 
-0.65 0.25 9373.434286 
-0.6 -1 196.811931 
-0.6 -0.95 196.506408 
-0.6 -0.9 196.302346 
-0.6 -0.85 197.186701 
-0.6 -0.8 197.166818 
-0.6 -0.75 195.465468 
-0.6 -0.7 196.553170 
-0.6 -0.65 194.210997 
-0.6 -0.6 194.336800 
-0.6 -0.55 199.098985 
-0.6 -0.5 214.817768 
-0.6 -0.45 246.332073 
-0.6 -0.4 314.269675 
-0.6 -0.35 431.233149 
-0.6 -0.3 688.450649 
-0.6 -0.25 1145.216323 
-0.6 -0.2 1783.816621 
-0.6 -0.15 2457.987795 
-0.6 -0.1 3417.246767 
-0.6 -0.05 4984.022165 
-0.6 0 6733.570838 
-0.6 0.05 8103.118237 
-0.6 0.1 9055.541540 
-0.6 0.15 9991.613486 
-0.6 0.2 11194.466569 
-0.55 -1 196.858348 
-0.55 -0.95 196.488526 
-0.55 -0.9 196.214819 
-0.55 -0.85 197.362124 
-0.55 -0.8 197.321849 
-0.55 -0.75 195.260643 
-0.55 -0.7 196.794326 
-0.55 -0.65 193.997441 
-0.55 -0.6 194.609521 
-0.55 -0.55 202.316449 
-0.55 -0.5 226.555439 
-0.55 -0.45 275.318740 
-0.55 -0.4 381.882795 
-0.55 -0.35 563.126903 
-0.55 -0.3 957.318394 
-0.55 -0.25 1660.125032 
-0.55 -0.2 2668.893007 
-0.55 -0.15 3757.192576 
-0.55 -0.1 5282.171456 
-0.55 -0.05 7657.106344 
-0.55 0 10118.728792 
-0.55 0.05 11800.559862 
-0.55 0.1 12806.210177 
-0.55 0.15 13910.458709 
-0.5 -1 196.923759 
-0.5 -0.95 196.482564 
-0.5 -0.9 196.112679 
-0.5 -0.85 197.608678 
-0.5 -0.8 197.530758 
-0.5 -0.75 195.071554 
-0.5 -0.7 197.250480 
-0.5 -0.65 193.987050 
-0.5 -0.6 195.497038 
-0.5 -0.55 207.900959 
-0.5 -0.5 245.382901 
-0.5 -0.45 321.082473 
-0.5 -0.4 488.267357 
-0.5 -0.35 768.877734 
-0.5 -0.3 1374.677248 
-0.5 -0.25 2460.851872 
-0.5 -0.2 4068.078886 
-0.5 -0.15 5839.703527 
-0.5 -0.1 8247.618481 
-0.5 -0.05 11742.520569 
-0.5 0 14998.467372 
-0.5 0.05 16765.092543 
-0.5 0.1 17532.399626 
-0.45 -1 197.016644 
-0.45 -0.95 196.501179 
-0.45 -0.9 195.998767 
-0.45 -0.85 197.959320 
-0.45 -0.8 197.811665 
-0.45 -0.75 194.947021 
-0.45 -0.7 198.057963 
-0.45 -0.65 194.392487 
-0.45 -0.6 197.510828 
-0.45 -0.55 217.391031 
-0.45 -0.5 275.439069 
-0.45 -0.45 393.222847 
-0.45 -0.4 655.287703 
-0.45 -0.35 1088.531954 
-0.45 -0.3 2019.694715 
-0.45 -0.25 3699.827445 
-0.45 -0.2 6271.795921 
-0.45 -0.15 9165.421093 
-0.45 -0.1 12914.521640 
-0.45 -0.05 17823.173578 
-0.45 0 21718.527451 
-0.45 0.05 22986.449318 
-0.4 -1 197.148927 
-0.4 -0.95 196.564775 
-0.4 -0.9 195.881533 
-0.4 -0.85 198.464107 
-0.4 -0.8 198.186004 
-0.4 -0.75 194.979327 
-0.4 -0.7 199.426456 
-0.4 -0.65 195.583534 
-0.4 -0.6 201.541392 
-0.4 -0.55 233.308276 
-0.4 -0.5 323.223380 
-0.4 -0.45 506.729736 
-0.4 -0.4 916.561388 
-0.4 -0.35 1581.971430 
-0.4 -0.3 3008.667511 
-0.4 -0.25 5596.922649 
-0.4 -0.2 9703.261206 
-0.4 -0.15 14403.829041 
-0.4 -0.1 20089.864986 
-0.4 -0.05 26487.111421 
-0.4 0 30377.144623 
-0.4 0.05 30052.768587 
-0.35 -1 197.336737 
-0.35 -0.95 196.703868 
-0.35 -0.9 195.780749 
-0.35 -0.85 199.199969 
-0.35 -0.8 198.676314 
-0.35 -0.75 195.339263 
-0.35 -0.7 201.673277 
-0.35 -0.65 198.196737 
-0.35 -0.6 209.149957 
-0.35 -0.55 259.818923 
-0.35 -0.5 398.917772 
-0.35 -0.45 684.907800 
-0.35 -0.4 1322.942229 
-0.35 -0.35 2336.363960 
-0.35 -0.3 4505.442917 
-0.35 -0.25 8448.275842 
-0.35 -0.2 14921.339321 
-0.35 -0.15 22407.316326 
-0.35 -0.1 30642.642910 
-0.35 -0.05 38009.239335 
-0.35 0 40519.582375 
-0.3 -1 197.599542 
-0.3 -0.95 196.958924 
-0.3 -0.9 195.736199 
-0.3 -0.85 200.287339 
-0.3 -0.8 199.302045 
-0.3 -0.75 196.339109 
-0.3 -0.7 205.270214 
-0.3 -0.65 203.324361 
-0.3 -0.6 223.106405 
-0.3 -0.55 303.901491 
-0.3 -0.5 518.447681 
-0.3 -0.45 963.767243 
-0.3 -0.4 1949.344555 
-0.3 -0.35 3473.543770 
-0.3 -0.3 6725.521056 
-0.3 -0.25 12606.067912 
-0.3 -0.2 22525.305196 
-0.3 -0.15 33962.448964 
-0.3 -0.1 45014.043467 
-0.3 -0.05 51798.623859 
-0.25 -1 197.955418 
-0.25 -0.95 197.369848 
-0.25 -0.9 195.821549 
-0.25 -0.85 201.918543 
-0.25 -0.8 200.079213 
-0.25 -0.75 198.549563 
-0.25 -0.7 210.915494 
-0.25 -0.65 212.856559 
-0.25 -0.6 248.395105 
-0.25 -0.55 377.469648 
-0.25 -0.5 706.712424 
-0.25 -0.45 1398.388014 
-0.25 -0.4 2901.327176 
-0.25 -0.35 5153.593856 
-0.25 -0.3 9920.355213 
-0.25 -0.25 18393.212495 
-0.25 -0.2 32855.883595 
-0.25 -0.15 49140.737764 
-0.25 -0.1 62307.338930 
-0.2 -1 198.405159 
-0.2 -0.95 197.942608 
-0.2 -0.9 196.162669 
-0.2 -0.85 204.404344 
-0.2 -0.8 201.045436 
-0.2 -0.75 203.007547 
-0.2 -0.7 219.666956 
-0.2 -0.65 230.140672 
-0.2 -0.6 294.090675 
-0.2 -0.55 501.289793 
-0.2 -0.5 1002.624262 
-0.2 -0.45 2071.306218 
-0.2 -0.4 4316.480971 
-0.2 -0.35 7567.774667 
-0.2 -0.3 14320.251374 
-0.2 -0.25 25920.764249 
-0.2 -0.2 45458.202071 
-0.2 -0.15 66376.920263 
-0.15 -1 198.905298 
-0.15 -0.95 198.573425 
-0.15 -0.9 196.957729 
-0.15 -0.85 208.226358 
-0.15 -0.8 202.353752 
-0.15 -0.75 211.504151 
-0.15 -0.7 233.242974 
-0.15 -0.65 261.318520 
-0.15 -0.6 376.734437 
-0.15 -0.55 711.902873 
-0.15 -0.5 1466.468764 
-0.15 -0.45 3100.494811 
-0.15 -0.4 6349.431882 
-0.15 -0.35 10912.320966 
-0.15 -0.3 20015.430815 
-0.15 -0.25 34838.256005 
-0.15 -0.2 58589.373738 
-0.1 -1 199.353221 
-0.1 -0.95 198.940710 
-0.1 -0.9 198.464607 
-0.1 -0.85 213.963298 
-0.1 -0.8 204.441263 
-0.1 -0.75 226.597730 
-0.1 -0.7 254.749409 
-0.1 -0.65 317.897872 
-0.1 -0.6 525.871496 
-0.1 -0.55 1071.651713 
-0.1 -0.5 2187.550707 
-0.1 -0.45 4636.000265 
-0.1 -0.4 9123.200237 
-0.1 -0.35 15337.628756 
-0.1 -0.3 26784.289508 
-0.1 -0.25 44165.769615 
-0.05 -1 199.664721 
-0.05 -0.95 198.509048 
-0.05 -0.9 200.850001 
-0.05 -0.85 221.541944 
-0.05 -0.8 208.094373 
-0.05 -0.75 249.942101 
-0.05 -0.7 290.338940 
-0.05 -0.65 420.596831 
-0.05 -0.6 790.724752 
-0.05 -0.55 1674.019937 
-0.05 -0.5 3278.542096 
-0.05 -0.45 6814.993468 
-0.05 -0.4 12640.607951 
-0.05 -0.35 20865.511477 
-0.05 -0.3 33944.619163 
0 -1 199.844403 
0 -0.95 197.055570 
0 -0.9 204.259535 
0 -0.85 228.054297 
0 -0.8 214.608813 
0 -0.75 278.550388 
0 -0.7 351.554876 
0 -0.65 601.534819 
0 -0.6 1235.257365 
0 -0.55 2609.804185 
0 -0.5 4814.775386 
0 -0.45 9631.690224 
0 -0.4 16708.427284 
0 -0.35 27224.333251 
0.05 -1 199.729543 
0.05 -0.95 196.081181 
0.05 -0.9 211.411953 
0.05 -0.85 227.663392 
0.05 -0.8 229.036089 
0.05 -0.75 312.053232 
0.05 -0.7 454.087231 
0.05 -0.65 895.355365 
0.05 -0.6 1894.436735 
0.05 -0.55 3819.307096 
0.05 -0.5 6651.403039 
0.05 -0.45 12753.329309 
0.05 -0.4 20991.698863 
0.1 -1 199.851348 
0.1 -0.95 199.415134 
0.1 -0.9 226.689617 
0.1 -0.85 224.556245 
0.1 -0.8 266.405198 
0.1 -0.75 370.496079 
0.1 -0.7 617.772661 
0.1 -0.65 1334.846765 
0.1 -0.6 2710.743437 
0.1 -0.55 4879.794175 
0.1 -0.5 8187.214441 
0.1 -0.45 15572.748870 
0.15 -1 198.819108 
0.15 -0.95 204.038371 
0.15 -0.9 244.607379 
0.15 -0.85 248.616614 
0.15 -0.8 302.363881 
0.15 -0.75 469.998038 
0.15 -0.7 874.990865 
0.15 -0.65 1924.303443 
0.15 -0.6 3340.766137 
0.15 -0.55 5141.750781 
0.15 -0.5 8974.351729 
0.2 -1 207.219930 
0.2 -0.95 213.629118 
0.2 -0.9 235.137894 
0.2 -0.85 308.966817 
0.2 -0.8 338.416043 
0.2 -0.75 568.146292 
0.2 -0.7 1250.907039 
0.2 -0.65 2547.033828 
0.2 -0.6 3521.557578 
0.2 -0.55 4959.846991 
0.25 -1 218.172175 
0.25 -0.95 233.130800 
0.25 -0.9 217.826544 
0.25 -0.85 351.732728 
0.25 -0.8 380.471054 
0.25 -0.75 763.439608 
0.25 -0.7 1642.816914 
0.25 -0.65 2919.047192 
0.25 -0.6 3677.689675 
0.3 -1 209.693615 
0.3 -0.95 246.431496 
0.3 -0.9 289.699919 
0.3 -0.85 423.339063 
0.3 -0.8 524.281161 
0.3 -0.75 965.153678 
0.3 -0.7 1949.100530 
0.3 -0.65 3022.331090 
0.35 -1 244.337233 
0.35 -0.95 314.832587 
0.35 -0.9 346.016931 
0.35 -0.85 509.155662 
0.35 -0.8 615.619468 
0.35 -0.75 999.661409 
0.35 -0.7 2164.369619 
0.4 -1 252.758846 
0.4 -0.95 302.168167 
0.4 -0.9 365.939210 
0.4 -0.85 715.013253 
0.4 -0.8 833.124389 
0.4 -0.75 1364.172661 
0.45 -1 280.842654 
0.45 -0.95 423.096172 
0.45 -0.9 494.916142 
0.45 -0.85 848.957743 
0.45 -0.8 1157.621765 
0.5 -1 326.432132 
0.5 -0.95 453.490428 
0.5 -0.9 693.062177 
0.5 -0.85 1097.259223 
0.55 -1 453.813523 
0.55 -0.95 683.414188 
0.55 -0.9 1100.418741 
0.6 -1 571.986249 
0.6 -0.95 1010.214538 
0.65 -1 792.499900 
