-4 -2 3.02553e-09 
-4 -1.93333 5.59487e-09 
-4 -1.86667 1.03414e-08 
-4 -1.8 1.91093e-08 
-4 -1.73333 3.53033e-08 
-4 -1.66667 6.52083e-08 
-4 -1.6 1.2042e-07 
-4 -1.53333 2.22322e-07 
-4 -1.46667 4.10317e-07 
-4 -1.4 7.56944e-07 
-4 -1.33333 1.39555e-06 
-4 -1.26667 2.57084e-06 
-4 -1.2 4.7307e-06 
-4 -1.13333 8.69212e-06 
-4 -1.06667 1.59385e-05 
-4 -1 2.91459e-05 
-4 -0.933333 5.31009e-05 
-4 -0.866667 9.62637e-05 
-4 -0.8 0.000173348 
-4 -0.733333 0.000309381 
-4 -0.666667 0.000545652 
-4 -0.6 0.000947448 
-4 -0.533333 0.00161205 
-4 -0.466667 0.00267257 
-4 -0.4 0.00428953 
-4 -0.333333 0.00662023 
-4 -0.266667 0.00976337 
-4 -0.2 0.0136952 
-4 -0.133333 0.0182299 
-4 -0.0666667 0.0230253 
-4 -4.16334e-16 0.0276242 
-4 0.0666667 0.0315016 
-4 0.133333 0.0341235 
-4 0.2 0.0350458 
-4 0.266667 0.0336969 
-4 0.333333 0.030067 
-4 0.4 0.0254029 
-4 0.466667 0.0213254 
-4 0.533333 0.0191564 
-4 0.6 0.0200794 
-4 0.666667 0.0218607 
-4 0.733333 0.0214554 
-4 0.8 0.0179373 
-4 0.866667 0.0149225 
-4 0.933333 0.0126403 
-4 1 0.00919407 
-4 1.06667 0.00872245 
-4 1.13333 0.0111996 
-4 1.2 0.00904316 
-4 1.26667 0.0091072 
-4 1.33333 0.00963517 
-4 1.4 0.00819136 
-4 1.46667 0.00779182 
-4 1.53333 0.00771951 
-4 1.6 0.00739297 
-4 1.66667 0.00728328 
-4 1.73333 0.012329 
-4 1.8 0.00815006 
-4 1.86667 0.0121426 
-4 1.93333 0.00576648 
-4 2 0.0130697 
-3.93333 -2 4.11486e-09 
-3.93333 -1.93333 7.60751e-09 
-3.93333 -1.86667 1.4059e-08 
-3.93333 -1.8 2.59784e-08 
-3.93333 -1.73333 4.79919e-08 
-3.93333 -1.66667 8.86433e-08 
-3.93333 -1.6 1.63695e-07 
-3.93333 -1.53333 3.02216e-07 
-3.93333 -1.46667 5.57767e-07 
-3.93333 -1.4 1.02895e-06 
-3.93333 -1.33333 1.89704e-06 
-3.93333 -1.26667 3.49466e-06 
-3.93333 -1.2 6.43062e-06 
-3.93333 -1.13333 1.18155e-05 
-3.93333 -1.06667 2.16655e-05 
-3.93333 -1 3.96183e-05 
-3.93333 -0.933333 7.21797e-05 
-3.93333 -0.866667 0.000130849 
-3.93333 -0.8 0.000235622 
-3.93333 -0.733333 0.000420514 
-3.93333 -0.666667 0.000741632 
-3.93333 -0.6 0.00128769 
-3.93333 -0.533333 0.00219086 
-3.93333 -0.466667 0.00363198 
-3.93333 -0.4 0.00582911 
-3.93333 -0.333333 0.00899592 
-3.93333 -0.266667 0.0132665 
-3.93333 -0.2 0.0186087 
-3.93333 -0.133333 0.02477 
-3.93333 -0.0666667 0.0312857 
-3.93333 -4.16334e-16 0.0375345 
-3.93333 0.0666667 0.0428025 
-3.93333 0.133333 0.0463638 
-3.93333 0.2 0.0476167 
-3.93333 0.266667 0.0457861 
-3.93333 0.333333 0.0408581 
-3.93333 0.4 0.0345241 
-3.93333 0.466667 0.0289854 
-3.93333 0.533333 0.0260373 
-3.93333 0.6 0.0272869 
-3.93333 0.666667 0.0297037 
-3.93333 0.733333 0.0291563 
-3.93333 0.8 0.0243805 
-3.93333 0.866667 0.0202839 
-3.93333 0.933333 0.0171823 
-3.93333 1 0.012499 
-3.93333 1.06667 0.0118584 
-3.93333 1.13333 0.0152258 
-3.93333 1.2 0.0122948 
-3.93333 1.26667 0.0123806 
-3.93333 1.33333 0.013099 
-3.93333 1.4 0.0111368 
-3.93333 1.46667 0.0105928 
-3.93333 1.53333 0.0104951 
-3.93333 1.6 0.0100513 
-3.93333 1.66667 0.00990239 
-3.93333 1.73333 0.0167571 
-3.93333 1.8 0.0110796 
-3.93333 1.86667 0.0165057 
-3.93333 1.93333 0.0078402 
-3.93333 2 0.0177634 
-3.86667 -2 5.59565e-09 
-3.86667 -1.93333 1.03434e-08 
-3.86667 -1.86667 1.91143e-08 
-3.86667 -1.8 3.5316e-08 
-3.86667 -1.73333 6.52401e-08 
-3.86667 -1.66667 1.205e-07 
-3.86667 -1.6 2.22522e-07 
-3.86667 -1.53333 4.10814e-07 
-3.86667 -1.46667 7.58203e-07 
-3.86667 -1.4 1.3987e-06 
-3.86667 -1.33333 2.57874e-06 
-3.86667 -1.26667 4.75043e-06 
-3.86667 -1.2 8.74137e-06 
-3.86667 -1.13333 1.60611e-05 
-3.86667 -1.06667 2.94503e-05 
-3.86667 -1 5.38532e-05 
-3.86667 -0.933333 9.81127e-05 
-3.86667 -0.866667 0.000177857 
-3.86667 -0.8 0.000320265 
-3.86667 -0.733333 0.000571557 
-3.86667 -0.666667 0.00100798 
-3.86667 -0.6 0.00175006 
-3.86667 -0.533333 0.00297737 
-3.86667 -0.466667 0.00493557 
-3.86667 -0.4 0.00792079 
-3.86667 -0.333333 0.0122233 
-3.86667 -0.266667 0.0180251 
-3.86667 -0.2 0.0252827 
-3.86667 -0.133333 0.0336532 
-3.86667 -0.0666667 0.0425052 
-3.86667 -4.16334e-16 0.0509943 
-3.86667 0.0666667 0.0581504 
-3.86667 0.133333 0.0629869 
-3.86667 0.2 0.0646884 
-3.86667 0.266667 0.0622052 
-3.86667 0.333333 0.0555168 
-3.86667 0.4 0.0469172 
-3.86667 0.466667 0.0393951 
-3.86667 0.533333 0.035388 
-3.86667 0.6 0.0370788 
-3.86667 0.666667 0.0403565 
-3.86667 0.733333 0.0396179 
-3.86667 0.8 0.0331369 
-3.86667 0.866667 0.0275707 
-3.86667 0.933333 0.0233557 
-3.86667 1 0.016992 
-3.86667 1.06667 0.0161219 
-3.86667 1.13333 0.0206995 
-3.86667 1.2 0.0167158 
-3.86667 1.26667 0.0168304 
-3.86667 1.33333 0.0178082 
-3.86667 1.4 0.0151416 
-3.86667 1.46667 0.0144008 
-3.86667 1.53333 0.0142688 
-3.86667 1.6 0.0136658 
-3.86667 1.66667 0.0134636 
-3.86667 1.73333 0.0227749 
-3.86667 1.8 0.015062 
-3.86667 1.86667 0.0224359 
-3.86667 1.93333 0.0106599 
-3.86667 2 0.0241416 
-3.8 -2 7.60859e-09 
-3.8 -1.93333 1.40625e-08 
-3.8 -1.86667 2.59852e-08 
-3.8 -1.8 4.8009e-08 
-3.8 -1.73333 8.86864e-08 
-3.8 -1.66667 1.63804e-07 
-3.8 -1.6 3.02488e-07 
-3.8 -1.53333 5.5845e-07 
-3.8 -1.46667 1.03066e-06 
-3.8 -1.4 1.90133e-06 
-3.8 -1.33333 3.50539e-06 
-3.8 -1.26667 6.45744e-06 
-3.8 -1.2 1.18824e-05 
-3.8 -1.13333 2.18322e-05 
-3.8 -1.06667 4.0032e-05 
-3.8 -1 7.32023e-05 
-3.8 -0.933333 0.000133362 
-3.8 -0.866667 0.000241751 
-3.8 -0.8 0.000435305 
-3.8 -0.733333 0.000776836 
-3.8 -0.666667 0.00136994 
-3.8 -0.6 0.00237838 
-3.8 -0.533333 0.00404605 
-3.8 -0.466667 0.00670663 
-3.8 -0.4 0.0107623 
-3.8 -0.333333 0.016607 
-3.8 -0.266667 0.0244883 
-3.8 -0.2 0.0343466 
-3.8 -0.133333 0.0457166 
-3.8 -0.0666667 0.0577403 
-3.8 -4.16334e-16 0.0692708 
-3.8 0.0666667 0.0789896 
-3.8 0.133333 0.0855559 
-3.8 0.2 0.0878659 
-3.8 0.266667 0.0844992 
-3.8 0.333333 0.0754251 
-3.8 0.4 0.063753 
-3.8 0.466667 0.0535395 
-3.8 0.533333 0.0480938 
-3.8 0.6 0.0503794 
-3.8 0.666667 0.0548229 
-3.8 0.733333 0.0538276 
-3.8 0.8 0.0450356 
-3.8 0.866667 0.0374736 
-3.8 0.933333 0.0317463 
-3.8 1 0.0231 
-3.8 1.06667 0.0219185 
-3.8 1.13333 0.0281409 
-3.8 1.2 0.0227267 
-3.8 1.26667 0.0228793 
-3.8 1.33333 0.0242104 
-3.8 1.4 0.0205869 
-3.8 1.46667 0.0195778 
-3.8 1.53333 0.0193996 
-3.8 1.6 0.0185804 
-3.8 1.66667 0.018306 
-3.8 1.73333 0.0309521 
-3.8 1.8 0.0204759 
-3.8 1.86667 0.0304959 
-3.8 1.93333 0.0144941 
-3.8 2 0.032808 
-3.73333 -2 1.03449e-08 
-3.73333 -1.93333 1.9118e-08 
-3.73333 -1.86667 3.53253e-08 
-3.73333 -1.8 6.52634e-08 
-3.73333 -1.73333 1.20558e-07 
-3.73333 -1.66667 2.22669e-07 
-3.73333 -1.6 4.11189e-07 
-3.73333 -1.53333 7.5913e-07 
-3.73333 -1.46667 1.40103e-06 
-3.73333 -1.4 2.58456e-06 
-3.73333 -1.33333 4.76502e-06 
-3.73333 -1.26667 8.77783e-06 
-3.73333 -1.2 1.61521e-05 
-3.73333 -1.13333 2.96768e-05 
-3.73333 -1.06667 5.44156e-05 
-3.73333 -1 9.95026e-05 
-3.73333 -0.933333 0.000181273 
-3.73333 -0.866667 0.000328594 
-3.73333 -0.8 0.000591658 
-3.73333 -0.733333 0.00105582 
-3.73333 -0.666667 0.00186182 
-3.73333 -0.6 0.00323213 
-3.73333 -0.533333 0.00549802 
-3.73333 -0.466667 0.00911258 
-3.73333 -0.4 0.0146218 
-3.73333 -0.333333 0.0225606 
-3.73333 -0.266667 0.0332648 
-3.73333 -0.2 0.0466535 
-3.73333 -0.133333 0.0620946 
-3.73333 -0.0666667 0.0784227 
-3.73333 -4.16334e-16 0.0940801 
-3.73333 0.0666667 0.107275 
-3.73333 0.133333 0.116187 
-3.73333 0.2 0.119322 
-3.73333 0.266667 0.11476 
-3.73333 0.333333 0.102455 
-3.73333 0.4 0.086619 
-3.73333 0.466667 0.0727558 
-3.73333 0.533333 0.0653558 
-3.73333 0.6 0.0684423 
-3.73333 0.666667 0.0744626 
-3.73333 0.733333 0.0731237 
-3.73333 0.8 0.0612018 
-3.73333 0.866667 0.0509305 
-3.73333 0.933333 0.0431491 
-3.73333 1 0.0314032 
-3.73333 1.06667 0.0297992 
-3.73333 1.13333 0.038257 
-3.73333 1.2 0.0308994 
-3.73333 1.26667 0.0311018 
-3.73333 1.33333 0.0329141 
-3.73333 1.4 0.0279907 
-3.73333 1.46667 0.0266157 
-3.73333 1.53333 0.0263756 
-3.73333 1.6 0.0252627 
-3.73333 1.66667 0.0248904 
-3.73333 1.73333 0.0420625 
-3.73333 1.8 0.0278354 
-3.73333 1.86667 0.0414496 
-3.73333 1.93333 0.0197079 
-3.73333 2 0.0445821 
-3.66667 -2 1.40645e-08 
-3.66667 -1.93333 2.59903e-08 
-3.66667 -1.86667 4.80217e-08 
-3.66667 -1.8 8.87182e-08 
-3.66667 -1.73333 1.63875e-07 
-3.66667 -1.66667 3.02688e-07 
-3.66667 -1.6 5.58952e-07 
-3.66667 -1.53333 1.03193e-06 
-3.66667 -1.46667 1.90449e-06 
-3.66667 -1.4 3.51331e-06 
-3.66667 -1.33333 6.47727e-06 
-3.66667 -1.26667 1.1932e-05 
-3.66667 -1.2 2.19559e-05 
-3.66667 -1.13333 4.034e-05 
-3.66667 -1.06667 7.39667e-05 
-3.66667 -1 0.000135251 
-3.66667 -0.933333 0.000246394 
-3.66667 -0.866667 0.000446625 
-3.66667 -0.8 0.000804152 
-3.66667 -0.733333 0.00143494 
-3.66667 -0.666667 0.00253021 
-3.66667 -0.6 0.00439212 
-3.66667 -0.533333 0.00747055 
-3.66667 -0.466667 0.0123806 
-3.66667 -0.4 0.0198634 
-3.66667 -0.333333 0.0306447 
-3.66667 -0.266667 0.04518 
-3.66667 -0.2 0.0633592 
-3.66667 -0.133333 0.0843234 
-3.66667 -0.0666667 0.10649 
-3.66667 -4.16334e-16 0.127744 
-3.66667 0.0666667 0.145652 
-3.66667 0.133333 0.15774 
-3.66667 0.2 0.161993 
-3.66667 0.266667 0.155816 
-3.66667 0.333333 0.139141 
-3.66667 0.4 0.117666 
-3.66667 0.466667 0.0988564 
-3.66667 0.533333 0.0888029 
-3.66667 0.6 0.0929658 
-3.66667 0.666667 0.101117 
-3.66667 0.733333 0.0993191 
-3.66667 0.8 0.0831621 
-3.66667 0.866667 0.0692141 
-3.66667 0.933333 0.058644 
-3.66667 1 0.0426901 
-3.66667 1.06667 0.0405131 
-3.66667 1.13333 0.0520084 
-3.66667 1.2 0.0420111 
-3.66667 1.26667 0.0422781 
-3.66667 1.33333 0.0447461 
-3.66667 1.4 0.0380574 
-3.66667 1.46667 0.0361832 
-3.66667 1.53333 0.0358603 
-3.66667 1.6 0.0343487 
-3.66667 1.66667 0.0338436 
-3.66667 1.73333 0.0571557 
-3.66667 1.8 0.0378393 
-3.66667 1.86667 0.0563341 
-3.66667 1.93333 0.0267978 
-3.66667 2 0.0605754 
-3.6 -2 1.91202e-08 
-3.6 -1.93333 3.53303e-08 
-3.6 -1.86667 6.52807e-08 
-3.6 -1.8 1.20602e-07 
-3.6 -1.73333 2.22776e-07 
-3.6 -1.66667 4.11461e-07 
-3.6 -1.6 7.59812e-07 
-3.6 -1.53333 1.40275e-06 
-3.6 -1.46667 2.58886e-06 
-3.6 -1.4 4.77578e-06 
-3.6 -1.33333 8.80477e-06 
-3.6 -1.26667 1.62194e-05 
-3.6 -1.2 2.98449e-05 
-3.6 -1.13333 5.48342e-05 
-3.6 -1.06667 0.000100542 
-3.6 -1 0.000183841 
-3.6 -0.933333 0.000334903 
-3.6 -0.866667 0.000607042 
-3.6 -0.8 0.00109294 
-3.6 -0.733333 0.00195014 
-3.6 -0.666667 0.0034384 
-3.6 -0.6 0.00596807 
-3.6 -0.533333 0.01015 
-3.6 -0.466667 0.016819 
-3.6 -0.4 0.0269806 
-3.6 -0.333333 0.0416191 
-3.6 -0.266667 0.0613516 
-3.6 -0.2 0.0860279 
-3.6 -0.133333 0.114481 
-3.6 -0.0666667 0.144562 
-3.6 -4.16334e-16 0.173399 
-3.6 0.0666667 0.197689 
-3.6 0.133333 0.214077 
-3.6 0.2 0.219842 
-3.6 0.266667 0.211486 
-3.6 0.333333 0.188906 
-3.6 0.4 0.159805 
-3.6 0.466667 0.134297 
-3.6 0.533333 0.120642 
-3.6 0.6 0.126248 
-3.6 0.666667 0.137275 
-3.6 0.733333 0.134867 
-3.6 0.8 0.112985 
-3.6 0.866667 0.0940505 
-3.6 0.933333 0.0796957 
-3.6 1 0.0580316 
-3.6 1.06667 0.0550781 
-3.6 1.13333 0.0706998 
-3.6 1.2 0.0571179 
-3.6 1.26667 0.057468 
-3.6 1.33333 0.0608295 
-3.6 1.4 0.0517445 
-3.6 1.46667 0.0491889 
-3.6 1.53333 0.0487554 
-3.6 1.6 0.0467026 
-3.6 1.66667 0.0460178 
-3.6 1.73333 0.0776555 
-3.6 1.8 0.0514368 
-3.6 1.86667 0.076557 
-3.6 1.93333 0.0364391 
-3.6 2 0.082295 
-3.53333 -2 2.5994e-08 
-3.53333 -1.93333 4.8031e-08 
-3.53333 -1.86667 8.87416e-08 
-3.53333 -1.8 1.63938e-07 
-3.53333 -1.73333 3.02835e-07 
-3.53333 -1.66667 5.59322e-07 
-3.53333 -1.6 1.03285e-06 
-3.53333 -1.53333 1.90682e-06 
-3.53333 -1.46667 3.51915e-06 
-3.53333 -1.4 6.4919e-06 
-3.53333 -1.33333 1.19686e-05 
-3.53333 -1.26667 2.20474e-05 
-3.53333 -1.2 4.05685e-05 
-3.53333 -1.13333 7.45357e-05 
-3.53333 -1.06667 0.000136663 
-3.53333 -1 0.000249883 
-3.53333 -0.933333 0.0004552 
-3.53333 -0.866667 0.000825057 
-3.53333 -0.8 0.00148538 
-3.53333 -0.733333 0.0026502 
-3.53333 -0.666667 0.00467231 
-3.53333 -0.6 0.00810891 
-3.53333 -0.533333 0.0137891 
-3.53333 -0.466667 0.0228456 
-3.53333 -0.4 0.0366422 
-3.53333 -0.333333 0.0565127 
-3.53333 -0.266667 0.0832923 
-3.53333 -0.2 0.116775 
-3.53333 -0.133333 0.155374 
-3.53333 -0.0666667 0.196172 
-3.53333 -4.16334e-16 0.235273 
-3.53333 0.0666667 0.268197 
-3.53333 0.133333 0.290393 
-3.53333 0.2 0.298201 
-3.53333 0.266667 0.286913 
-3.53333 0.333333 0.256369 
-3.53333 0.4 0.216966 
-3.53333 0.466667 0.182399 
-3.53333 0.533333 0.163861 
-3.53333 0.6 0.171397 
-3.53333 0.666667 0.186298 
-3.53333 0.733333 0.18308 
-3.53333 0.8 0.153471 
-3.53333 0.866667 0.127779 
-3.53333 0.933333 0.108291 
-3.53333 1 0.078882 
-3.53333 1.06667 0.0748766 
-3.53333 1.13333 0.0961022 
-3.53333 1.2 0.0776547 
-3.53333 1.26667 0.0781103 
-3.53333 1.33333 0.0826898 
-3.53333 1.4 0.0703528 
-3.53333 1.46667 0.0668668 
-3.53333 1.53333 0.0662862 
-3.53333 1.6 0.0634992 
-3.53333 1.66667 0.0625713 
-3.53333 1.73333 0.105491 
-3.53333 1.8 0.0699169 
-3.53333 1.86667 0.104027 
-3.53333 1.93333 0.0495499 
-3.53333 2 0.111782 
-3.46667 -2 3.53372e-08 
-3.46667 -1.93333 6.52933e-08 
-3.46667 -1.86667 1.20633e-07 
-3.46667 -1.8 2.22857e-07 
-3.46667 -1.73333 4.11662e-07 
-3.46667 -1.66667 7.60317e-07 
-3.46667 -1.6 1.40401e-06 
-3.46667 -1.53333 2.59203e-06 
-3.46667 -1.46667 4.78372e-06 
-3.46667 -1.4 8.82467e-06 
-3.46667 -1.33333 1.62692e-05 
-3.46667 -1.26667 2.99694e-05 
-3.46667 -1.2 5.51448e-05 
-3.46667 -1.13333 0.000101315 
-3.46667 -1.06667 0.00018576 
-3.46667 -1 0.000339646 
-3.46667 -0.933333 0.000618695 
-3.46667 -0.866667 0.00112134 
-3.46667 -0.8 0.00201867 
-3.46667 -0.733333 0.0036014 
-3.46667 -0.666667 0.00634861 
-3.46667 -0.6 0.0110167 
-3.46667 -0.533333 0.0187308 
-3.46667 -0.466667 0.0310273 
-3.46667 -0.4 0.0497541 
-3.46667 -0.333333 0.0767179 
-3.46667 -0.266667 0.113046 
-3.46667 -0.2 0.158454 
-3.46667 -0.133333 0.210785 
-3.46667 -0.0666667 0.266079 
-3.46667 -4.16334e-16 0.319053 
-3.46667 0.0666667 0.363635 
-3.46667 0.133333 0.393664 
-3.46667 0.2 0.404227 
-3.46667 0.266667 0.389001 
-3.46667 0.333333 0.347741 
-3.46667 0.4 0.29445 
-3.46667 0.466667 0.24765 
-3.46667 0.533333 0.222496 
-3.46667 0.6 0.232603 
-3.46667 0.666667 0.252712 
-3.46667 0.733333 0.248427 
-3.46667 0.8 0.208406 
-3.46667 0.866667 0.173564 
-3.46667 0.933333 0.14712 
-3.46667 1 0.107214 
-3.46667 1.06667 0.101786 
-3.46667 1.13333 0.130618 
-3.46667 1.2 0.10557 
-3.46667 1.26667 0.106157 
-3.46667 1.33333 0.112397 
-3.46667 1.4 0.0956493 
-3.46667 1.46667 0.090892 
-3.46667 1.53333 0.0901167 
-3.46667 1.6 0.0863343 
-3.46667 1.66667 0.0850776 
-3.46667 1.73333 0.143273 
-3.46667 1.8 0.0950289 
-3.46667 1.86667 0.141329 
-3.46667 1.93333 0.0673784 
-3.46667 2 0.151799 
-3.4 -2 4.80379e-08 
-3.4 -1.93333 8.87585e-08 
-3.4 -1.86667 1.63985e-07 
-3.4 -1.8 3.02944e-07 
-3.4 -1.73333 5.59595e-07 
-3.4 -1.66667 1.03354e-06 
-3.4 -1.6 1.90854e-06 
-3.4 -1.53333 3.52346e-06 
-3.4 -1.46667 6.50269e-06 
-3.4 -1.4 1.19956e-05 
-3.4 -1.33333 2.21151e-05 
-3.4 -1.26667 4.07377e-05 
-3.4 -1.2 7.49579e-05 
-3.4 -1.13333 0.000137714 
-3.4 -1.06667 0.000252492 
-3.4 -1 0.000461646 
-3.4 -0.933333 0.000840893 
-3.4 -0.866667 0.00152398 
-3.4 -0.8 0.0027433 
-3.4 -0.733333 0.00489371 
-3.4 -0.666667 0.00862567 
-3.4 -0.6 0.0149658 
-3.4 -0.533333 0.0254401 
-3.4 -0.466667 0.0421313 
-3.4 -0.4 0.0675423 
-3.4 -0.333333 0.104116 
-3.4 -0.266667 0.153373 
-3.4 -0.2 0.214914 
-3.4 -0.133333 0.285805 
-3.4 -0.0666667 0.360671 
-3.4 -4.16334e-16 0.432359 
-3.4 0.0666667 0.492647 
-3.4 0.133333 0.533212 
-3.4 0.2 0.547479 
-3.4 0.266667 0.526984 
-3.4 0.333333 0.471347 
-3.4 0.4 0.39938 
-3.4 0.466667 0.336093 
-3.4 0.533333 0.301988 
-3.4 0.6 0.315506 
-3.4 0.666667 0.342598 
-3.4 0.733333 0.336916 
-3.4 0.8 0.282896 
-3.4 0.866667 0.235684 
-3.4 0.933333 0.199822 
-3.4 1 0.145704 
-3.4 1.06667 0.138351 
-3.4 1.13333 0.177503 
-3.4 1.2 0.143506 
-3.4 1.26667 0.144253 
-3.4 1.33333 0.152757 
-3.4 1.4 0.130032 
-3.4 1.46667 0.123537 
-3.4 1.53333 0.122506 
-3.4 1.6 0.117375 
-3.4 1.66667 0.115674 
-3.4 1.73333 0.194531 
-3.4 1.8 0.129145 
-3.4 1.86667 0.191961 
-3.4 1.93333 0.0916206 
-3.4 2 0.206075 
-3.33333 -2 6.53026e-08 
-3.33333 -1.93333 1.20657e-07 
-3.33333 -1.86667 2.22916e-07 
-3.33333 -1.8 4.11809e-07 
-3.33333 -1.73333 7.60687e-07 
-3.33333 -1.66667 1.40494e-06 
-3.33333 -1.6 2.59436e-06 
-3.33333 -1.53333 4.78958e-06 
-3.33333 -1.46667 8.83934e-06 
-3.33333 -1.4 1.6306e-05 
-3.33333 -1.33333 3.00614e-05 
-3.33333 -1.26667 5.53748e-05 
-3.33333 -1.2 0.000101889 
-3.33333 -1.13333 0.000187189 
-3.33333 -1.06667 0.000343191 
-3.33333 -1 0.000627454 
-3.33333 -0.933333 0.00114286 
-3.33333 -0.866667 0.00207111 
-3.33333 -0.8 0.00372786 
-3.33333 -0.733333 0.00664931 
-3.33333 -0.666667 0.0117184 
-3.33333 -0.6 0.0203279 
-3.33333 -0.533333 0.0345469 
-3.33333 -0.466667 0.0571968 
-3.33333 -0.4 0.0916637 
-3.33333 -0.333333 0.141246 
-3.33333 -0.266667 0.207986 
-3.33333 -0.2 0.291321 
-3.33333 -0.133333 0.387254 
-3.33333 -0.0666667 0.48849 
-3.33333 -4.16334e-16 0.585352 
-3.33333 0.0666667 0.666737 
-3.33333 0.133333 0.721424 
-3.33333 0.2 0.740655 
-3.33333 0.266667 0.713139 
-3.33333 0.333333 0.638287 
-3.33333 0.4 0.541288 
-3.33333 0.466667 0.455842 
-3.33333 0.533333 0.409652 
-3.33333 0.6 0.427671 
-3.33333 0.666667 0.464094 
-3.33333 0.733333 0.456597 
-3.33333 0.8 0.383811 
-3.33333 0.866667 0.319904 
-3.33333 0.933333 0.271312 
-3.33333 1 0.197973 
-3.33333 1.06667 0.188024 
-3.33333 1.13333 0.24116 
-3.33333 1.2 0.195047 
-3.33333 1.26667 0.19598 
-3.33333 1.33333 0.207571 
-3.33333 1.4 0.176754 
-3.33333 1.46667 0.167883 
-3.33333 1.53333 0.166516 
-3.33333 1.6 0.15956 
-3.33333 1.66667 0.157261 
-3.33333 1.73333 0.264025 
-3.33333 1.8 0.175479 
-3.33333 1.86667 0.260649 
-3.33333 1.93333 0.12458 
-3.33333 2 0.279641 
-3.26667 -2 8.87715e-08 
-3.26667 -1.93333 1.64017e-07 
-3.26667 -1.86667 3.03023e-07 
-3.26667 -1.8 5.59796e-07 
-3.26667 -1.73333 1.03404e-06 
-3.26667 -1.66667 1.9098e-06 
-3.26667 -1.6 3.52663e-06 
-3.26667 -1.53333 6.51065e-06 
-3.26667 -1.46667 1.20156e-05 
-3.26667 -1.4 2.21651e-05 
-3.26667 -1.33333 4.08627e-05 
-3.26667 -1.26667 7.52704e-05 
-3.26667 -1.2 0.000138494 
-3.26667 -1.13333 0.000254433 
-3.26667 -1.06667 0.000466464 
-3.26667 -1 0.000852796 
-3.26667 -0.933333 0.00155321 
-3.26667 -0.866667 0.00281454 
-3.26667 -0.8 0.00506549 
-3.26667 -0.733333 0.00903398 
-3.26667 -0.666667 0.0159182 
-3.26667 -0.6 0.027607 
-3.26667 -0.533333 0.0469042 
-3.26667 -0.466667 0.0776283 
-3.26667 -0.4 0.124355 
-3.26667 -0.333333 0.191529 
-3.26667 -0.266667 0.281878 
-3.26667 -0.2 0.394598 
-3.26667 -0.133333 0.524235 
-3.26667 -0.0666667 0.660894 
-3.26667 -4.16334e-16 0.791503 
-3.26667 0.0666667 0.901107 
-3.26667 0.133333 0.974634 
-3.26667 0.2 1.00048 
-3.26667 0.266667 0.963668 
-3.26667 0.333333 0.863267 
-3.26667 0.4 0.732866 
-3.26667 0.466667 0.617746 
-3.26667 0.533333 0.555281 
-3.26667 0.6 0.579198 
-3.26667 0.666667 0.628036 
-3.26667 0.733333 0.618202 
-3.26667 0.8 0.520354 
-3.26667 0.866667 0.433972 
-3.26667 0.933333 0.368205 
-3.26667 1 0.26892 
-3.26667 1.06667 0.255472 
-3.26667 1.13333 0.327537 
-3.26667 1.2 0.265039 
-3.26667 1.26667 0.266177 
-3.26667 1.33333 0.281977 
-3.26667 1.4 0.24022 
-3.26667 1.46667 0.228097 
-3.26667 1.53333 0.226297 
-3.26667 1.6 0.216872 
-3.26667 1.66667 0.213769 
-3.26667 1.73333 0.35816 
-3.26667 1.8 0.238376 
-3.26667 1.86667 0.353755 
-3.26667 1.93333 0.169383 
-3.26667 2 0.379256 
-3.2 -2 1.20674e-07 
-3.2 -1.93333 2.22959e-07 
-3.2 -1.86667 4.11918e-07 
-3.2 -1.8 7.6096e-07 
-3.2 -1.73333 1.40562e-06 
-3.2 -1.66667 2.59608e-06 
-3.2 -1.6 4.79389e-06 
-3.2 -1.53333 8.85015e-06 
-3.2 -1.46667 1.63331e-05 
-3.2 -1.4 3.01293e-05 
-3.2 -1.33333 5.55447e-05 
-3.2 -1.26667 0.000102314 
-3.2 -1.2 0.000188249 
-3.2 -1.13333 0.00034583 
-3.2 -1.06667 0.000634002 
-3.2 -1 0.00115903 
-3.2 -0.933333 0.00211083 
-3.2 -0.866667 0.00382464 
-3.2 -0.8 0.00688258 
-3.2 -0.733333 0.0122727 
-3.2 -0.666667 0.0216203 
-3.2 -0.6 0.0374859 
-3.2 -0.533333 0.0636659 
-3.2 -0.466667 0.105323 
-3.2 -0.4 0.16863 
-3.2 -0.333333 0.259557 
-3.2 -0.266667 0.38173 
-3.2 -0.2 0.533973 
-3.2 -0.133333 0.708827 
-3.2 -0.0666667 0.89288 
-3.2 -4.16334e-16 1.06851 
-3.2 0.0666667 1.21565 
-3.2 0.133333 1.31416 
-3.2 0.2 1.34878 
-3.2 0.266667 1.29974 
-3.2 0.333333 1.1656 
-3.2 0.4 0.99088 
-3.2 0.466667 0.836211 
-3.2 0.533333 0.751908 
-3.2 0.6 0.783494 
-3.2 0.666667 0.848756 
-3.2 0.733333 0.83595 
-3.2 0.8 0.704794 
-3.2 0.866667 0.588256 
-3.2 0.933333 0.49938 
-3.2 1 0.365146 
-3.2 1.06667 0.346999 
-3.2 1.13333 0.44464 
-3.2 1.2 0.360027 
-3.2 1.26667 0.361369 
-3.2 1.33333 0.382902 
-3.2 1.4 0.326382 
-3.2 1.46667 0.309811 
-3.2 1.53333 0.307456 
-3.2 1.6 0.294701 
-3.2 1.66667 0.290518 
-3.2 1.73333 0.485522 
-3.2 1.8 0.323703 
-3.2 1.86667 0.479824 
-3.2 1.93333 0.230267 
-3.2 2 0.513968 
-3.13333 -2 1.64041e-07 
-3.13333 -1.93333 3.03082e-07 
-3.13333 -1.86667 5.59941e-07 
-3.13333 -1.8 1.03441e-06 
-3.13333 -1.73333 1.91073e-06 
-3.13333 -1.66667 3.52896e-06 
-3.13333 -1.6 6.51651e-06 
-3.13333 -1.53333 1.20303e-05 
-3.13333 -1.46667 2.22019e-05 
-3.13333 -1.4 4.09551e-05 
-3.13333 -1.33333 7.55015e-05 
-3.13333 -1.26667 0.000139072 
-3.13333 -1.2 0.000255874 
-3.13333 -1.13333 0.00047005 
-3.13333 -1.06667 0.000861693 
-3.13333 -1 0.00157519 
-3.13333 -0.933333 0.00286851 
-3.13333 -0.866667 0.00519693 
-3.13333 -0.8 0.00935073 
-3.13333 -0.733333 0.0166706 
-3.13333 -0.666667 0.0293603 
-3.13333 -0.6 0.0508886 
-3.13333 -0.533333 0.0863913 
-3.13333 -0.466667 0.142839 
-3.13333 -0.4 0.228539 
-3.13333 -0.333333 0.351485 
-3.13333 -0.266667 0.516446 
-3.13333 -0.2 0.721672 
-3.13333 -0.133333 0.956935 
-3.13333 -0.0666667 1.20406 
-3.13333 -4.16334e-16 1.43937 
-3.13333 0.0666667 1.63607 
-3.13333 0.133333 1.76742 
-3.13333 0.2 1.81356 
-3.13333 0.266667 1.74861 
-3.13333 0.333333 1.5703 
-3.13333 0.4 1.33725 
-3.13333 0.466667 1.13021 
-3.13333 0.533333 1.01675 
-3.13333 0.6 1.0582 
-3.13333 0.666667 1.14504 
-3.13333 0.733333 1.12851 
-3.13333 0.8 0.953367 
-3.13333 0.866667 0.796545 
-3.13333 0.933333 0.67669 
-3.13333 1 0.495529 
-3.13333 1.06667 0.471087 
-3.13333 1.13333 0.603199 
-3.13333 1.2 0.488821 
-3.13333 1.26667 0.490321 
-3.13333 1.33333 0.519658 
-3.13333 1.4 0.443265 
-3.13333 1.46667 0.42061 
-3.13333 1.53333 0.417555 
-3.13333 1.6 0.400316 
-3.13333 1.66667 0.394689 
-3.13333 1.73333 0.657562 
-3.13333 1.8 0.439354 
-3.13333 1.86667 0.650275 
-3.13333 1.93333 0.312967 
-3.13333 2 0.695832 
-3.06667 -2 2.22991e-07 
-3.06667 -1.93333 4.11998e-07 
-3.06667 -1.86667 7.61159e-07 
-3.06667 -1.8 1.40613e-06 
-3.06667 -1.73333 2.59734e-06 
-3.06667 -1.66667 4.79706e-06 
-3.06667 -1.6 8.85812e-06 
-3.06667 -1.53333 1.63531e-05 
-3.06667 -1.46667 3.01794e-05 
-3.06667 -1.4 5.56702e-05 
-3.06667 -1.33333 0.000102628 
-3.06667 -1.26667 0.000189033 
-3.06667 -1.2 0.000347788 
-3.06667 -1.13333 0.000638875 
-3.06667 -1.06667 0.00117112 
-3.06667 -1 0.00214069 
-3.06667 -0.933333 0.00389794 
-3.06667 -0.866667 0.00706109 
-3.06667 -0.8 0.0127027 
-3.06667 -0.733333 0.0226412 
-3.06667 -0.666667 0.0398636 
-3.06667 -0.6 0.0690648 
-3.06667 -0.533333 0.117185 
-3.06667 -0.466667 0.193617 
-3.06667 -0.4 0.309513 
-3.06667 -0.333333 0.475515 
-3.06667 -0.266667 0.697822 
-3.06667 -0.2 0.973768 
-3.06667 -0.133333 1.28928 
-3.06667 -0.0666667 1.61975 
-3.06667 -4.16334e-16 1.93349 
-3.06667 0.0666667 2.19498 
-3.06667 0.133333 2.36904 
-3.06667 0.2 2.43012 
-3.06667 0.266667 2.34473 
-3.06667 0.333333 2.1093 
-3.06667 0.4 1.80023 
-3.06667 0.466667 1.52445 
-3.06667 0.533333 1.37232 
-3.06667 0.6 1.42628 
-3.06667 0.666667 1.54119 
-3.06667 0.733333 1.52009 
-3.06667 0.8 1.28734 
-3.06667 0.866667 1.07703 
-3.06667 0.933333 0.915853 
-3.06667 1 0.671941 
-3.06667 1.06667 0.639107 
-3.06667 1.13333 0.817522 
-3.06667 1.2 0.663224 
-3.06667 1.26667 0.664755 
-3.06667 1.33333 0.704695 
-3.06667 1.4 0.601642 
-3.06667 1.46667 0.570669 
-3.06667 1.53333 0.566751 
-3.06667 1.6 0.543495 
-3.06667 1.66667 0.535945 
-3.06667 1.73333 0.889456 
-3.06667 1.8 0.595908 
-3.06667 1.86667 0.880265 
-3.06667 1.93333 0.425221 
-3.06667 2 0.940786 
-3 -2 3.03126e-07 
-3 -1.93333 5.60052e-07 
-3 -1.86667 1.03468e-06 
-3 -1.8 1.91142e-06 
-3 -1.73333 3.53068e-06 
-3 -1.66667 6.52083e-06 
-3 -1.6 1.20411e-05 
-3 -1.53333 2.22291e-05 
-3 -1.46667 4.10231e-05 
-3 -1.4 7.5672e-05 
-3 -1.33333 0.000139498 
-3 -1.26667 0.000256941 
-3 -1.2 0.000472711 
-3 -1.13333 0.000868316 
-3 -1.06667 0.00159162 
-3 -1 0.00290907 
-3 -0.933333 0.00529649 
-3 -0.866667 0.0095931 
-3 -0.8 0.0172542 
-3 -0.733333 0.0307452 
-3 -0.666667 0.0541115 
-3 -0.6 0.0937021 
-3 -0.533333 0.15888 
-3 -0.466667 0.262277 
-3 -0.4 0.4188 
-3 -0.333333 0.642527 
-3 -0.266667 0.941366 
-3 -0.2 1.31117 
-3 -0.133333 1.73249 
-3 -0.0666667 2.17204 
-3 -4.16334e-16 2.58768 
-3 0.0666667 2.93273 
-3 0.133333 3.1615 
-3 0.2 3.24171 
-3 0.266667 3.13049 
-3 0.333333 2.82231 
-3 0.4 2.41555 
-3 0.466667 2.05053 
-3 0.533333 1.84761 
-3 0.6 1.91718 
-3 0.666667 2.06819 
-3 0.733333 2.0416 
-3 0.8 1.73422 
-3 0.866667 1.45346 
-3 0.933333 1.23752 
-3 1 0.910166 
-3 1.06667 0.866206 
-3 1.13333 1.10652 
-3 1.2 0.898955 
-3 1.26667 0.900243 
-3 1.33333 0.954552 
-3 1.4 0.815899 
-3 1.46667 0.773574 
-3 1.53333 0.768622 
-3 1.6 0.73732 
-3 1.66667 0.727223 
-3 1.73333 1.20113 
-3 1.8 0.807459 
-3 1.86667 1.18974 
-3 1.93333 0.57744 
-3 2 1.2697 
-2.93333 -2 4.12057e-07 
-2.93333 -1.93333 7.61308e-07 
-2.93333 -1.86667 1.4065e-06 
-2.93333 -1.8 2.59827e-06 
-2.93333 -1.73333 4.7994e-06 
-2.93333 -1.66667 8.86398e-06 
-2.93333 -1.6 1.63678e-05 
-2.93333 -1.53333 3.02163e-05 
-2.93333 -1.46667 5.57628e-05 
-2.93333 -1.4 0.000102859 
-2.93333 -1.33333 0.000189614 
-2.93333 -1.26667 0.000349238 
-2.93333 -1.2 0.000642491 
-2.93333 -1.13333 0.00118012 
-2.93333 -1.06667 0.00216301 
-2.93333 -1 0.00395304 
-2.93333 -0.933333 0.00719629 
-2.93333 -0.866667 0.0130317 
-2.93333 -0.8 0.0234331 
-2.93333 -0.733333 0.0417414 
-2.93333 -0.666667 0.0734308 
-2.93333 -0.6 0.127077 
-2.93333 -0.533333 0.215288 
-2.93333 -0.466667 0.354995 
-2.93333 -0.4 0.56603 
-2.93333 -0.333333 0.86684 
-2.93333 -0.266667 1.26725 
-2.93333 -0.2 1.76068 
-2.93333 -0.133333 2.32011 
-2.93333 -0.0666667 2.90066 
-2.93333 -4.16334e-16 3.44666 
-2.93333 0.0666667 3.8976 
-2.93333 0.133333 4.1951 
-2.93333 0.2 4.29925 
-2.93333 0.266667 4.15612 
-2.93333 0.333333 3.75718 
-2.93333 0.4 3.22709 
-2.93333 0.466667 2.74803 
-2.93333 0.533333 2.4792 
-2.93333 0.6 2.56782 
-2.93333 0.666667 2.76455 
-2.93333 0.733333 2.73158 
-2.93333 0.8 2.32884 
-2.93333 0.866667 1.95631 
-2.93333 0.933333 1.66847 
-2.93333 1 1.23099 
-2.93333 1.06667 1.17239 
-2.93333 1.13333 1.49494 
-2.93333 1.2 1.21676 
-2.93333 1.26667 1.21729 
-2.93333 1.33333 1.29099 
-2.93333 1.4 1.10509 
-2.93333 1.46667 1.04731 
-2.93333 1.53333 1.04118 
-2.93333 1.6 0.999181 
-2.93333 1.66667 0.985732 
-2.93333 1.73333 1.61841 
-2.93333 1.8 1.09264 
-2.93333 1.86667 1.60463 
-2.93333 1.93333 0.783552 
-2.93333 2 1.70955 
-2.86667 -2 5.60132e-07 
-2.86667 -1.93333 1.03489e-06 
-2.86667 -1.86667 1.91192e-06 
-2.86667 -1.8 3.53195e-06 
-2.86667 -1.73333 6.524e-06 
-2.86667 -1.66667 1.20491e-05 
-2.86667 -1.6 2.22491e-05 
-2.86667 -1.53333 4.10733e-05 
-2.86667 -1.46667 7.57978e-05 
-2.86667 -1.4 0.000139813 
-2.86667 -1.33333 0.000257729 
-2.86667 -1.26667 0.000474681 
-2.86667 -1.2 0.00087323 
-2.86667 -1.13333 0.00160384 
-2.86667 -1.06667 0.00293939 
-2.86667 -1 0.00537132 
-2.86667 -0.933333 0.00977667 
-2.86667 -0.866667 0.0177007 
-2.86667 -0.8 0.0318193 
-2.86667 -0.733333 0.0566563 
-2.86667 -0.666667 0.0996126 
-2.86667 -0.6 0.172251 
-2.86667 -0.533333 0.29151 
-2.86667 -0.466667 0.479995 
-2.86667 -0.4 0.763912 
-2.86667 -0.333333 1.16712 
-2.86667 -0.266667 1.70136 
-2.86667 -0.2 2.356 
-2.86667 -0.133333 3.09337 
-2.86667 -0.0666667 3.85312 
-2.86667 -4.16334e-16 4.56252 
-2.86667 0.0666667 5.14448 
-2.86667 0.133333 5.52609 
-2.86667 0.2 5.65942 
-2.86667 0.266667 5.478 
-2.86667 0.333333 4.96884 
-2.86667 0.4 4.28675 
-2.86667 0.466667 3.66488 
-2.86667 0.533333 3.31199 
-2.86667 0.6 3.42323 
-2.86667 0.666667 3.67669 
-2.86667 0.733333 3.63658 
-2.86667 0.8 3.11426 
-2.86667 0.866667 2.6239 
-2.86667 0.933333 2.24279 
-2.86667 1 1.66145 
-2.86667 1.06667 1.58379 
-2.86667 1.13333 2.0146 
-2.86667 1.2 1.6437 
-2.86667 1.26667 1.64255 
-2.86667 1.33333 1.74227 
-2.86667 1.4 1.49421 
-2.86667 1.46667 1.41548 
-2.86667 1.53333 1.40807 
-2.86667 1.6 1.35196 
-2.86667 1.66667 1.33414 
-2.86667 1.73333 2.17423 
-2.86667 1.8 1.47581 
-2.86667 1.86667 2.15805 
-2.86667 1.93333 1.06206 
-2.86667 2 2.29453 
-2.8 -2 7.61417e-07 
-2.8 -1.93333 1.40677e-06 
-2.8 -1.86667 2.59896e-06 
-2.8 -1.8 4.80112e-06 
-2.8 -1.73333 8.8683e-06 
-2.8 -1.66667 1.63786e-05 
-2.8 -1.6 3.02435e-05 
-2.8 -1.53333 5.5831e-05 
-2.8 -1.46667 0.00010303 
-2.8 -1.4 0.000190042 
-2.8 -1.33333 0.000350309 
-2.8 -1.26667 0.000645169 
-2.8 -1.2 0.0011868 
-2.8 -1.13333 0.00217962 
-2.8 -1.06667 0.00399423 
-2.8 -1 0.00729791 
-2.8 -0.933333 0.0132809 
-2.8 -0.866667 0.0240389 
-2.8 -0.8 0.0431975 
-2.8 -0.733333 0.0768776 
-2.8 -0.666667 0.135071 
-2.8 -0.6 0.233339 
-2.8 -0.533333 0.394362 
-2.8 -0.466667 0.648166 
-2.8 -0.4 1.02907 
-2.8 -0.333333 1.5674 
-2.8 -0.266667 2.27627 
-2.8 -0.2 3.1384 
-2.8 -0.133333 4.10105 
-2.8 -0.0666667 5.08355 
-2.8 -4.16334e-16 5.9923 
-2.8 0.0666667 6.73136 
-2.8 0.133333 7.21236 
-2.8 0.2 7.37999 
-2.8 0.266667 7.15433 
-2.8 0.333333 6.51597 
-2.8 0.4 5.6524 
-2.8 0.466667 4.85647 
-2.8 0.533333 4.39882 
-2.8 0.6 4.53601 
-2.8 0.666667 4.8581 
-2.8 0.733333 4.81036 
-2.8 0.8 4.14163 
-2.8 0.866667 3.50294 
-2.8 0.933333 3.00283 
-2.8 1 2.23608 
-2.8 1.06667 2.13392 
-2.8 1.13333 2.70555 
-2.8 1.2 2.21442 
-2.8 1.26667 2.21007 
-2.8 1.33333 2.34438 
-2.8 1.4 2.01545 
-2.8 1.46667 1.90852 
-2.8 1.53333 1.8999 
-2.8 1.6 1.82536 
-2.8 1.66667 1.80191 
-2.8 1.73333 2.90952 
-2.8 1.8 1.98832 
-2.8 1.86667 2.89132 
-2.8 1.93333 1.43731 
-2.8 2 3.06693 
-2.73333 -2 1.03503e-06 
-2.73333 -1.93333 1.91229e-06 
-2.73333 -1.86667 3.53288e-06 
-2.73333 -1.8 6.52634e-06 
-2.73333 -1.73333 1.2055e-05 
-2.73333 -1.66667 2.22638e-05 
-2.73333 -1.6 4.11103e-05 
-2.73333 -1.53333 7.58905e-05 
-2.73333 -1.46667 0.000140046 
-2.73333 -1.4 0.000258311 
-2.73333 -1.33333 0.000476137 
-2.73333 -1.26667 0.000876868 
-2.73333 -1.2 0.00161292 
-2.73333 -1.13333 0.00296195 
-2.73333 -1.06667 0.00542726 
-2.73333 -1 0.00991465 
-2.73333 -0.933333 0.0180389 
-2.73333 -0.866667 0.0326409 
-2.73333 -0.8 0.0586296 
-2.73333 -0.733333 0.104278 
-2.73333 -0.666667 0.183053 
-2.73333 -0.6 0.315843 
-2.73333 -0.533333 0.532893 
-2.73333 -0.466667 0.873811 
-2.73333 -0.4 1.383 
-2.73333 -0.333333 2.09806 
-2.73333 -0.266667 3.03201 
-2.73333 -0.2 4.15661 
-2.73333 -0.133333 5.39799 
-2.73333 -0.0666667 6.64935 
-2.73333 -4.16334e-16 7.7927 
-2.73333 0.0666667 8.71238 
-2.73333 0.133333 9.30548 
-2.73333 0.2 9.5115 
-2.73333 0.266667 9.23721 
-2.73333 0.333333 8.45437 
-2.73333 0.4 7.38299 
-2.73333 0.466667 6.38245 
-2.73333 0.533333 5.79826 
-2.73333 0.6 5.96391 
-2.73333 0.666667 6.36633 
-2.73333 0.733333 6.31096 
-2.73333 0.8 5.46848 
-2.73333 0.866667 4.64787 
-2.73333 0.933333 3.99924 
-2.73333 1 2.9979 
-2.73333 1.06667 2.86481 
-2.73333 1.13333 3.6166 
-2.73333 1.2 2.97221 
-2.73333 1.26667 2.96227 
-2.73333 1.33333 3.14198 
-2.73333 1.4 2.70949 
-2.73333 1.46667 2.56496 
-2.73333 1.53333 2.55546 
-2.73333 1.6 2.45717 
-2.73333 1.66667 2.42658 
-2.73333 1.73333 3.8735 
-2.73333 1.8 2.66963 
-2.73333 1.86667 3.85418 
-2.73333 1.93333 1.94081 
-2.73333 2 4.07714 
-2.66667 -2 1.40697e-06 
-2.66667 -1.93333 2.59946e-06 
-2.66667 -1.86667 4.80239e-06 
-2.66667 -1.8 8.87148e-06 
-2.66667 -1.73333 1.63866e-05 
-2.66667 -1.66667 3.02636e-05 
-2.66667 -1.6 5.58812e-05 
-2.66667 -1.53333 0.000103156 
-2.66667 -1.46667 0.000190358 
-2.66667 -1.4 0.0003511 
-2.66667 -1.33333 0.000647148 
-2.66667 -1.26667 0.00119174 
-2.66667 -1.2 0.00219194 
-2.66667 -1.13333 0.00402488 
-2.66667 -1.06667 0.00737387 
-2.66667 -1 0.0134682 
-2.66667 -0.933333 0.0244977 
-2.66667 -0.866667 0.0443115 
-2.66667 -0.8 0.0795499 
-2.66667 -0.733333 0.141379 
-2.66667 -0.666667 0.247915 
-2.66667 -0.6 0.427101 
-2.66667 -0.533333 0.719051 
-2.66667 -0.466667 1.17554 
-2.66667 -0.4 1.8531 
-2.66667 -0.333333 2.79668 
-2.66667 -0.266667 4.01598 
-2.66667 -0.2 5.46518 
-2.66667 -0.133333 7.04111 
-2.66667 -0.0666667 8.6046 
-2.66667 -4.16334e-16 10.0111 
-2.66667 0.0666667 11.1271 
-2.66667 0.133333 11.8389 
-2.66667 0.2 12.0851 
-2.66667 0.266667 11.7609 
-2.66667 0.333333 10.8262 
-2.66667 0.4 9.52981 
-2.66667 0.466667 8.30006 
-2.66667 0.533333 7.56928 
-2.66667 0.6 7.7645 
-2.66667 0.666667 8.25699 
-2.66667 0.733333 8.19454 
-2.66667 0.8 7.15413 
-2.66667 0.866667 6.1181 
-2.66667 0.933333 5.28954 
-2.66667 1 3.99855 
-2.66667 1.06667 3.82732 
-2.66667 1.13333 4.80445 
-2.66667 1.2 3.9692 
-2.66667 1.26667 3.95013 
-2.66667 1.33333 4.18834 
-2.66667 1.4 3.62596 
-2.66667 1.46667 3.43209 
-2.66667 1.53333 3.42246 
-2.66667 1.6 3.29411 
-2.66667 1.66667 3.25466 
-2.66667 1.73333 5.12243 
-2.66667 1.8 3.56788 
-2.66667 1.86667 5.10363 
-2.66667 1.93333 2.61253 
-2.66667 2 5.38207 
-2.6 -2 1.91256e-06 
-2.6 -1.93333 3.53356e-06 
-2.6 -1.86667 6.52806e-06 
-2.6 -1.8 1.20593e-05 
-2.6 -1.73333 2.22747e-05 
-2.6 -1.66667 4.11375e-05 
-2.6 -1.6 7.59588e-05 
-2.6 -1.53333 0.000140217 
-2.6 -1.46667 0.000258741 
-2.6 -1.4 0.000477212 
-2.6 -1.33333 0.000879557 
-2.6 -1.26667 0.00161963 
-2.6 -1.2 0.0029787 
-2.6 -1.13333 0.00546889 
-2.6 -1.06667 0.0100178 
-2.6 -1 0.0182931 
-2.6 -0.933333 0.0332632 
-2.6 -0.866667 0.0601389 
-2.6 -0.8 0.107894 
-2.6 -0.733333 0.191574 
-2.6 -0.666667 0.33548 
-2.6 -0.6 0.576838 
-2.6 -0.533333 0.968473 
-2.6 -0.466667 1.57726 
-2.6 -0.4 2.47355 
-2.6 -0.333333 3.70825 
-2.6 -0.266667 5.28168 
-2.6 -0.2 7.12053 
-2.6 -0.133333 9.08228 
-2.6 -0.0666667 10.9898 
-2.6 -4.16334e-16 12.673 
-2.6 0.0666667 13.9864 
-2.6 0.133333 14.8135 
-2.6 0.2 15.0981 
-2.6 0.266667 14.7269 
-2.6 0.333333 13.646 
-2.6 0.4 12.1236 
-2.6 0.466667 10.6532 
-2.6 0.533333 9.76197 
-2.6 0.6 9.98589 
-2.6 0.666667 10.5739 
-2.6 0.733333 10.5055 
-2.6 0.8 9.25142 
-2.6 0.866667 7.97187 
-2.6 0.933333 6.93382 
-2.6 1 5.29677 
-2.6 1.06667 5.07996 
-2.6 1.13333 6.33042 
-2.6 1.2 5.26483 
-2.6 1.26667 5.23172 
-2.6 1.33333 5.54337 
-2.6 1.4 4.82265 
-2.6 1.46667 4.56544 
-2.6 1.53333 4.55706 
-2.6 1.6 4.3916 
-2.6 1.66667 4.34141 
-2.6 1.73333 6.71593 
-2.6 1.8 4.73916 
-2.6 1.86667 6.70009 
-2.6 1.93333 3.50165 
-2.6 2 7.04095 
-2.53333 -2 2.59984e-06 
-2.53333 -1.93333 4.80332e-06 
-2.53333 -1.86667 8.87382e-06 
-2.53333 -1.8 1.63925e-05 
-2.53333 -1.73333 3.02783e-05 
-2.53333 -1.66667 5.59182e-05 
-2.53333 -1.6 0.000103249 
-2.53333 -1.53333 0.00019059 
-2.53333 -1.46667 0.000351684 
-2.53333 -1.4 0.000648608 
-2.53333 -1.33333 0.0011954 
-2.53333 -1.26667 0.00220107 
-2.53333 -1.2 0.00404763 
-2.53333 -1.13333 0.00743041 
-2.53333 -1.06667 0.0136082 
-2.53333 -1 0.0248426 
-2.53333 -0.933333 0.045155 
-2.53333 -0.866667 0.0815937 
-2.53333 -0.8 0.146268 
-2.53333 -0.733333 0.259408 
-2.53333 -0.666667 0.453502 
-2.53333 -0.6 0.77786 
-2.53333 -0.533333 1.30141 
-2.53333 -0.466667 2.10912 
-2.53333 -0.4 3.28587 
-2.53333 -0.333333 4.88429 
-2.53333 -0.266667 6.88512 
-2.53333 -0.2 9.17376 
-2.53333 -0.133333 11.5573 
-2.53333 -0.0666667 13.8182 
-2.53333 -4.16334e-16 15.7672 
-2.53333 0.0666667 17.2583 
-2.53333 0.133333 18.1838 
-2.53333 0.2 18.5002 
-2.53333 0.266667 18.0907 
-2.53333 0.333333 16.8855 
-2.53333 0.4 15.1592 
-2.53333 0.466667 13.4578 
-2.53333 0.533333 12.4042 
-2.53333 0.6 12.6536 
-2.53333 0.666667 13.3356 
-2.53333 0.733333 13.2629 
-2.53333 0.8 11.7941 
-2.53333 0.866667 10.256 
-2.53333 0.933333 8.98675 
-2.53333 1 6.95393 
-2.53333 1.06667 6.68483 
-2.53333 1.13333 8.25339 
-2.53333 1.2 6.92137 
-2.53333 1.26667 6.86804 
-2.53333 1.33333 7.26855 
-2.53333 1.4 6.36206 
-2.53333 1.46667 6.02604 
-2.53333 1.53333 6.02104 
-2.53333 1.6 5.81127 
-2.53333 1.66667 5.74854 
-2.53333 1.73333 8.70963 
-2.53333 1.8 6.24436 
-2.53333 1.86667 8.69984 
-2.53333 1.93333 4.66586 
-2.53333 2 9.10736 
-2.46667 -2 3.53407e-06 
-2.46667 -1.93333 6.52933e-06 
-2.46667 -1.86667 1.20625e-05 
-2.46667 -1.8 2.22827e-05 
-2.46667 -1.73333 4.11575e-05 
-2.46667 -1.66667 7.60091e-05 
-2.46667 -1.6 0.000140343 
-2.46667 -1.53333 0.000259057 
-2.46667 -1.46667 0.000478005 
-2.46667 -1.4 0.000881542 
-2.46667 -1.33333 0.0016246 
-2.46667 -1.26667 0.0029911 
-2.46667 -1.2 0.00549978 
-2.46667 -1.13333 0.0100945 
-2.46667 -1.06667 0.018483 
-2.46667 -1 0.0337308 
-2.46667 -0.933333 0.0612818 
-2.46667 -0.866667 0.110659 
-2.46667 -0.8 0.198175 
-2.46667 -0.733333 0.350956 
-2.46667 -0.666667 0.612243 
-2.46667 -0.6 1.04688 
-2.46667 -0.533333 1.7437 
-2.46667 -0.466667 2.80834 
-2.46667 -0.4 4.33859 
-2.46667 -0.333333 6.38014 
-2.46667 -0.266667 8.87826 
-