-4 -2 -8.14802e-11 
-4 -1.93333 4.71001e-12 
-4 -1.86667 3.06144e-10 
-4 -1.8 5.87778e-10 
-4 -1.73333 1.27177e-09 
-4 -1.66667 2.45313e-09 
-4 -1.6 4.64763e-09 
-4 -1.53333 8.92515e-09 
-4 -1.46667 1.62738e-08 
-4 -1.4 3.02463e-08 
-4 -1.33333 5.58605e-08 
-4 -1.26667 1.03205e-07 
-4 -1.2 1.89918e-07 
-4 -1.13333 3.48885e-07 
-4 -1.06667 6.39583e-07 
-4 -1 1.16909e-06 
-4 -0.933333 2.12846e-06 
-4 -0.866667 3.85457e-06 
-4 -0.8 6.93059e-06 
-4 -0.733333 1.23422e-05 
-4 -0.666667 2.1699e-05 
-4 -0.6 3.75037e-05 
-4 -0.533333 6.33802e-05 
-4 -0.466667 0.000104041 
-4 -0.4 0.000164621 
-4 -0.333333 0.000249094 
-4 -0.266667 0.00035822 
-4 -0.2 0.000488963 
-4 -0.133333 0.000637341 
-4 -0.0666667 0.000801202 
-4 -4.16334e-16 0.000975109 
-4 0.0666667 0.00114821 
-4 0.133333 0.00132012 
-4 0.2 0.00148816 
-4 0.266667 0.00165232 
-4 0.333333 0.00185484 
-4 0.4 0.00210871 
-4 0.466667 0.0024151 
-4 0.533333 0.0027086 
-4 0.6 0.00291133 
-4 0.666667 0.0029926 
-4 0.733333 0.00294827 
-4 0.8 0.00283669 
-4 0.866667 0.00267902 
-4 0.933333 0.00267224 
-4 1 0.00285247 
-4 1.06667 0.00317554 
-4 1.13333 0.00367208 
-4 1.2 0.00381915 
-4 1.26667 0.00381256 
-4 1.33333 0.00339381 
-4 1.4 0.00305765 
-4 1.46667 0.00282905 
-4 1.53333 0.00249821 
-4 1.6 0.0023962 
-4 1.66667 0.00179343 
-4 1.73333 0.00157815 
-4 1.8 0.0012045 
-4 1.86667 0.000936404 
-4 1.93333 0.000680664 
-4 2 0.000885317 
-3.93333 -2 6.03285e-12 
-3.93333 -1.93333 -6.99024e-11 
-3.93333 -1.86667 3.0769e-10 
-3.93333 -1.8 9.14159e-10 
-3.93333 -1.73333 1.80529e-09 
-3.93333 -1.66667 3.39208e-09 
-3.93333 -1.6 6.44411e-09 
-3.93333 -1.53333 1.20619e-08 
-3.93333 -1.46667 2.22472e-08 
-3.93333 -1.4 4.11867e-08 
-3.93333 -1.33333 7.60665e-08 
-3.93333 -1.26667 1.40206e-07 
-3.93333 -1.2 2.58276e-07 
-3.93333 -1.13333 4.74293e-07 
-3.93333 -1.06667 8.69479e-07 
-3.93333 -1 1.58921e-06 
-3.93333 -0.933333 2.89344e-06 
-3.93333 -0.866667 5.23979e-06 
-3.93333 -0.8 9.42115e-06 
-3.93333 -0.733333 1.67775e-05 
-3.93333 -0.666667 2.94968e-05 
-3.93333 -0.6 5.0981e-05 
-3.93333 -0.533333 8.61569e-05 
-3.93333 -0.466667 0.000141429 
-3.93333 -0.4 0.000223779 
-3.93333 -0.333333 0.000338609 
-3.93333 -0.266667 0.000486952 
-3.93333 -0.2 0.00066468 
-3.93333 -0.133333 0.000866381 
-3.93333 -0.0666667 0.00108913 
-3.93333 -4.16334e-16 0.00132553 
-3.93333 0.0666667 0.00156084 
-3.93333 0.133333 0.00179453 
-3.93333 0.2 0.00202296 
-3.93333 0.266667 0.00224612 
-3.93333 0.333333 0.00252141 
-3.93333 0.4 0.00286652 
-3.93333 0.466667 0.00328303 
-3.93333 0.533333 0.00368201 
-3.93333 0.6 0.0039576 
-3.93333 0.666667 0.00406808 
-3.93333 0.733333 0.00400782 
-3.93333 0.8 0.00385614 
-3.93333 0.866667 0.00364182 
-3.93333 0.933333 0.00363261 
-3.93333 1 0.0038776 
-3.93333 1.06667 0.00431678 
-3.93333 1.13333 0.00499176 
-3.93333 1.2 0.00519168 
-3.93333 1.26667 0.00518272 
-3.93333 1.33333 0.00461347 
-3.93333 1.4 0.0041565 
-3.93333 1.46667 0.00384574 
-3.93333 1.53333 0.00339602 
-3.93333 1.6 0.00325735 
-3.93333 1.66667 0.00243795 
-3.93333 1.73333 0.0021453 
-3.93333 1.8 0.00163737 
-3.93333 1.86667 0.00127293 
-3.93333 1.93333 0.000925281 
-3.93333 2 0.00120348 
-3.86667 -2 1.17541e-10 
-3.86667 -1.93333 1.91425e-10 
-3.86667 -1.86667 5.7848e-10 
-3.86667 -1.8 1.24308e-09 
-3.86667 -1.73333 2.51021e-09 
-3.86667 -1.66667 4.59741e-09 
-3.86667 -1.6 8.8219e-09 
-3.86667 -1.53333 1.63305e-08 
-3.86667 -1.46667 3.03476e-08 
-3.86667 -1.4 5.59693e-08 
-3.86667 -1.33333 1.0347e-07 
-3.86667 -1.26667 1.90711e-07 
-3.86667 -1.2 3.51074e-07 
-3.86667 -1.13333 6.44849e-07 
-3.86667 -1.06667 1.18211e-06 
-3.86667 -1 2.16048e-06 
-3.86667 -0.933333 3.9333e-06 
-3.86667 -0.866667 7.12278e-06 
-3.86667 -0.8 1.28069e-05 
-3.86667 -0.733333 2.28068e-05 
-3.86667 -0.666667 4.00969e-05 
-3.86667 -0.6 6.93017e-05 
-3.86667 -0.533333 0.000117119 
-3.86667 -0.466667 0.000192254 
-3.86667 -0.4 0.000304198 
-3.86667 -0.333333 0.000460295 
-3.86667 -0.266667 0.000661947 
-3.86667 -0.2 0.000903546 
-3.86667 -0.133333 0.00117773 
-3.86667 -0.0666667 0.00148053 
-3.86667 -4.16334e-16 0.00180189 
-3.86667 0.0666667 0.00212177 
-3.86667 0.133333 0.00243944 
-3.86667 0.2 0.00274995 
-3.86667 0.266667 0.00305331 
-3.86667 0.333333 0.00342754 
-3.86667 0.4 0.00389668 
-3.86667 0.466667 0.00446287 
-3.86667 0.533333 0.00500524 
-3.86667 0.6 0.00537988 
-3.86667 0.666667 0.00553007 
-3.86667 0.733333 0.00544816 
-3.86667 0.8 0.00524199 
-3.86667 0.866667 0.00495065 
-3.86667 0.933333 0.00493813 
-3.86667 1 0.00527117 
-3.86667 1.06667 0.00586818 
-3.86667 1.13333 0.00678573 
-3.86667 1.2 0.00705749 
-3.86667 1.26667 0.0070453 
-3.86667 1.33333 0.00627147 
-3.86667 1.4 0.00565027 
-3.86667 1.46667 0.00522783 
-3.86667 1.53333 0.00461648 
-3.86667 1.6 0.00442798 
-3.86667 1.66667 0.0033141 
-3.86667 1.73333 0.00291629 
-3.86667 1.8 0.00222582 
-3.86667 1.86667 0.0017304 
-3.86667 1.93333 0.00125781 
-3.86667 2 0.00163599 
-3.8 -2 2.66156e-10 
-3.8 -1.93333 3.13339e-10 
-3.8 -1.86667 8.9617e-10 
-3.8 -1.8 1.77708e-09 
-3.8 -1.73333 3.51672e-09 
-3.8 -1.66667 6.42442e-09 
-3.8 -1.6 1.20086e-08 
-3.8 -1.53333 2.22752e-08 
-3.8 -1.46667 4.12989e-08 
-3.8 -1.4 7.62552e-08 
-3.8 -1.33333 1.40713e-07 
-3.8 -1.26667 2.59257e-07 
-3.8 -1.2 4.77141e-07 
-3.8 -1.13333 8.76597e-07 
-3.8 -1.06667 1.6069e-06 
-3.8 -1 2.93686e-06 
-3.8 -0.933333 5.34667e-06 
-3.8 -0.866667 9.68242e-06 
-3.8 -0.8 1.74091e-05 
-3.8 -0.733333 3.10028e-05 
-3.8 -0.666667 5.45061e-05 
-3.8 -0.6 9.42062e-05 
-3.8 -0.533333 0.000159207 
-3.8 -0.466667 0.000261343 
-3.8 -0.4 0.000413517 
-3.8 -0.333333 0.00062571 
-3.8 -0.266667 0.000899832 
-3.8 -0.2 0.00122825 
-3.8 -0.133333 0.00160098 
-3.8 -0.0666667 0.00201259 
-3.8 -4.16334e-16 0.00244944 
-3.8 0.0666667 0.00288427 
-3.8 0.133333 0.00331611 
-3.8 0.2 0.00373822 
-3.8 0.266667 0.0041506 
-3.8 0.333333 0.00465932 
-3.8 0.4 0.00529706 
-3.8 0.466667 0.00606673 
-3.8 0.533333 0.00680404 
-3.8 0.6 0.00731333 
-3.8 0.666667 0.00751751 
-3.8 0.733333 0.00740618 
-3.8 0.8 0.00712592 
-3.8 0.866667 0.00672989 
-3.8 0.933333 0.00671287 
-3.8 1 0.00716561 
-3.8 1.06667 0.00797717 
-3.8 1.13333 0.00922447 
-3.8 1.2 0.00959389 
-3.8 1.26667 0.0095773 
-3.8 1.33333 0.00852536 
-3.8 1.4 0.0076809 
-3.8 1.46667 0.00710664 
-3.8 1.53333 0.00627559 
-3.8 1.6 0.00601934 
-3.8 1.66667 0.00450515 
-3.8 1.73333 0.00396436 
-3.8 1.8 0.00302575 
-3.8 1.86667 0.00235229 
-3.8 1.93333 0.00170986 
-3.8 2 0.00222393 
-3.73333 -2 2.19699e-10 
-3.73333 -1.93333 4.69614e-10 
-3.73333 -1.86667 1.35902e-09 
-3.73333 -1.8 2.56018e-09 
-3.73333 -1.73333 4.69734e-09 
-3.73333 -1.66667 8.80437e-09 
-3.73333 -1.6 1.64173e-08 
-3.73333 -1.53333 3.03789e-08 
-3.73333 -1.46667 5.61086e-08 
-3.73333 -1.4 1.03698e-07 
-3.73333 -1.33333 1.91309e-07 
-3.73333 -1.26667 3.52499e-07 
-3.73333 -1.2 6.48612e-07 
-3.73333 -1.13333 1.19175e-06 
-3.73333 -1.06667 2.18443e-06 
-3.73333 -1 3.99236e-06 
-3.73333 -0.933333 7.26823e-06 
-3.73333 -0.866667 1.3162e-05 
-3.73333 -0.8 2.36653e-05 
-3.73333 -0.733333 4.21439e-05 
-3.73333 -0.666667 7.40936e-05 
-3.73333 -0.6 0.00012806 
-3.73333 -0.533333 0.00021642 
-3.73333 -0.466667 0.000355262 
-3.73333 -0.4 0.000562122 
-3.73333 -0.333333 0.000850573 
-3.73333 -0.266667 0.00122321 
-3.73333 -0.2 0.00166966 
-3.73333 -0.133333 0.00217633 
-3.73333 -0.0666667 0.00273587 
-3.73333 -4.16334e-16 0.00332972 
-3.73333 0.0666667 0.00392082 
-3.73333 0.133333 0.00450785 
-3.73333 0.2 0.00508166 
-3.73333 0.266667 0.00564224 
-3.73333 0.333333 0.00633379 
-3.73333 0.4 0.00720073 
-3.73333 0.466667 0.00824702 
-3.73333 0.533333 0.00924932 
-3.73333 0.6 0.00994166 
-3.73333 0.666667 0.0102192 
-3.73333 0.733333 0.0100679 
-3.73333 0.8 0.00968696 
-3.73333 0.866667 0.00914861 
-3.73333 0.933333 0.00912548 
-3.73333 1 0.00974094 
-3.73333 1.06667 0.0108442 
-3.73333 1.13333 0.0125397 
-3.73333 1.2 0.0130419 
-3.73333 1.26667 0.0130193 
-3.73333 1.33333 0.0115893 
-3.73333 1.4 0.0104413 
-3.73333 1.46667 0.00966069 
-3.73333 1.53333 0.00853098 
-3.73333 1.6 0.00818264 
-3.73333 1.66667 0.00612426 
-3.73333 1.73333 0.00538913 
-3.73333 1.8 0.00411318 
-3.73333 1.86667 0.00319768 
-3.73333 1.93333 0.00232437 
-3.73333 2 0.00302319 
-3.66667 -2 4.42231e-10 
-3.66667 -1.93333 9.22858e-10 
-3.66667 -1.86667 1.79379e-09 
-3.66667 -1.8 3.39182e-09 
-3.66667 -1.73333 6.41015e-09 
-3.66667 -1.66667 1.20854e-08 
-3.66667 -1.6 2.23307e-08 
-3.66667 -1.53333 4.1263e-08 
-3.66667 -1.46667 7.64696e-08 
-3.66667 -1.4 1.41081e-07 
-3.66667 -1.33333 2.60034e-07 
-3.66667 -1.26667 4.79249e-07 
-3.66667 -1.2 8.81838e-07 
-3.66667 -1.13333 1.61997e-06 
-3.66667 -1.06667 2.96936e-06 
-3.66667 -1 5.42704e-06 
-3.66667 -0.933333 9.88022e-06 
-3.66667 -0.866667 1.78919e-05 
-3.66667 -0.8 3.21697e-05 
-3.66667 -0.733333 5.72888e-05 
-3.66667 -0.666667 0.00010072 
-3.66667 -0.6 0.000174081 
-3.66667 -0.533333 0.000294195 
-3.66667 -0.466667 0.000482932 
-3.66667 -0.4 0.000764133 
-3.66667 -0.333333 0.00115625 
-3.66667 -0.266667 0.0016628 
-3.66667 -0.2 0.00226969 
-3.66667 -0.133333 0.00295845 
-3.66667 -0.0666667 0.00371908 
-3.66667 -4.16334e-16 0.00452635 
-3.66667 0.0666667 0.00532988 
-3.66667 0.133333 0.00612789 
-3.66667 0.2 0.00690791 
-3.66667 0.266667 0.00766996 
-3.66667 0.333333 0.00861005 
-3.66667 0.4 0.00978856 
-3.66667 0.466667 0.0112109 
-3.66667 0.533333 0.0125734 
-3.66667 0.6 0.0135146 
-3.66667 0.666667 0.013892 
-3.66667 0.733333 0.0136864 
-3.66667 0.8 0.0131685 
-3.66667 0.866667 0.0124367 
-3.66667 0.933333 0.0124053 
-3.66667 1 0.0132419 
-3.66667 1.06667 0.0147416 
-3.66667 1.13333 0.0170466 
-3.66667 1.2 0.0177292 
-3.66667 1.26667 0.0176985 
-3.66667 1.33333 0.0157545 
-3.66667 1.4 0.0141939 
-3.66667 1.46667 0.0131327 
-3.66667 1.53333 0.011597 
-3.66667 1.6 0.0111235 
-3.66667 1.66667 0.00832531 
-3.66667 1.73333 0.00732597 
-3.66667 1.8 0.00559146 
-3.66667 1.86667 0.00434693 
-3.66667 1.93333 0.00315974 
-3.66667 2 0.0041097 
-3.6 -2 3.92247e-10 
-3.6 -1.93333 1.19678e-09 
-3.6 -1.86667 2.54311e-09 
-3.6 -1.8 4.71941e-09 
-3.6 -1.73333 8.84939e-09 
-3.6 -1.66667 1.642e-08 
-3.6 -1.6 3.03225e-08 
-3.6 -1.53333 5.62661e-08 
-3.6 -1.46667 1.03835e-07 
-3.6 -1.4 1.91786e-07 
-3.6 -1.33333 3.53637e-07 
-3.6 -1.26667 6.51598e-07 
-3.6 -1.2 1.19877e-06 
-3.6 -1.13333 2.20215e-06 
-3.6 -1.06667 4.03653e-06 
-3.6 -1 7.37739e-06 
-3.6 -0.933333 1.34307e-05 
-3.6 -0.866667 2.43215e-05 
-3.6 -0.8 4.37302e-05 
-3.6 -0.733333 7.78763e-05 
-3.6 -0.666667 0.000136915 
-3.6 -0.6 0.00023664 
-3.6 -0.533333 0.000399919 
-3.6 -0.466667 0.000656484 
-3.6 -0.4 0.00103874 
-3.6 -0.333333 0.00157177 
-3.6 -0.266667 0.00226037 
-3.6 -0.2 0.00308537 
-3.6 -0.133333 0.00402166 
-3.6 -0.0666667 0.00505565 
-3.6 -4.16334e-16 0.00615304 
-3.6 0.0666667 0.00724536 
-3.6 0.133333 0.00833016 
-3.6 0.2 0.00939052 
-3.6 0.266667 0.0104264 
-3.6 0.333333 0.0117044 
-3.6 0.4 0.0133065 
-3.6 0.466667 0.01524 
-3.6 0.533333 0.0170923 
-3.6 0.6 0.0183718 
-3.6 0.666667 0.0188849 
-3.6 0.733333 0.0186054 
-3.6 0.8 0.0179014 
-3.6 0.866667 0.0169066 
-3.6 0.933333 0.0168639 
-3.6 1 0.0180013 
-3.6 1.06667 0.02004 
-3.6 1.13333 0.0231734 
-3.6 1.2 0.0241013 
-3.6 1.26667 0.0240594 
-3.6 1.33333 0.0214167 
-3.6 1.4 0.0192953 
-3.6 1.46667 0.0178526 
-3.6 1.53333 0.015765 
-3.6 1.6 0.0151213 
-3.6 1.66667 0.0113175 
-3.6 1.73333 0.00995896 
-3.6 1.8 0.00760106 
-3.6 1.86667 0.00590926 
-3.6 1.93333 0.00429537 
-3.6 2 0.00558673 
-3.53333 -2 8.5447e-10 
-3.53333 -1.93333 1.78895e-09 
-3.53333 -1.86667 3.47862e-09 
-3.53333 -1.8 6.38969e-09 
-3.53333 -1.73333 1.20051e-08 
-3.53333 -1.66667 2.23815e-08 
-3.53333 -1.6 4.13659e-08 
-3.53333 -1.53333 7.64854e-08 
-3.53333 -1.46667 1.4129e-07 
-3.53333 -1.4 2.60811e-07 
-3.53333 -1.33333 4.80767e-07 
-3.53333 -1.26667 8.8573e-07 
-3.53333 -1.2 1.62966e-06 
-3.53333 -1.13333 2.9936e-06 
-3.53333 -1.06667 5.48717e-06 
-3.53333 -1 1.00286e-05 
-3.53333 -0.933333 1.82573e-05 
-3.53333 -0.866667 3.30619e-05 
-3.53333 -0.8 5.94453e-05 
-3.53333 -0.733333 0.000105862 
-3.53333 -0.666667 0.000186118 
-3.53333 -0.6 0.00032168 
-3.53333 -0.533333 0.000543638 
-3.53333 -0.466667 0.000892407 
-3.53333 -0.4 0.00141204 
-3.53333 -0.333333 0.00213664 
-3.53333 -0.266667 0.00307271 
-3.53333 -0.2 0.00419421 
-3.53333 -0.133333 0.00546698 
-3.53333 -0.0666667 0.00687259 
-3.53333 -4.16334e-16 0.00836437 
-3.53333 0.0666667 0.00984927 
-3.53333 0.133333 0.0113239 
-3.53333 0.2 0.0127654 
-3.53333 0.266667 0.0141736 
-3.53333 0.333333 0.0159109 
-3.53333 0.4 0.0180888 
-3.53333 0.466667 0.0207173 
-3.53333 0.533333 0.0232353 
-3.53333 0.6 0.0249748 
-3.53333 0.666667 0.0256723 
-3.53333 0.733333 0.0252925 
-3.53333 0.8 0.0243356 
-3.53333 0.866667 0.0229833 
-3.53333 0.933333 0.0229253 
-3.53333 1 0.0244714 
-3.53333 1.06667 0.0272429 
-3.53333 1.13333 0.0315024 
-3.53333 1.2 0.0327638 
-3.53333 1.26667 0.0327068 
-3.53333 1.33333 0.0291142 
-3.53333 1.4 0.0262302 
-3.53333 1.46667 0.024269 
-3.53333 1.53333 0.0214311 
-3.53333 1.6 0.0205561 
-3.53333 1.66667 0.0153851 
-3.53333 1.73333 0.0135383 
-3.53333 1.8 0.010333 
-3.53333 1.86667 0.00803314 
-3.53333 1.93333 0.0058392 
-3.53333 2 0.00759463 
-3.46667 -2 1.18024e-09 
-3.46667 -1.93333 2.46631e-09 
-3.46667 -1.86667 4.80314e-09 
-3.46667 -1.8 8.75741e-09 
-3.46667 -1.73333 1.63368e-08 
-3.46667 -1.66667 3.04041e-08 
-3.46667 -1.6 5.62884e-08 
-3.46667 -1.53333 1.04066e-07 
-3.46667 -1.46667 1.92098e-07 
-3.46667 -1.4 3.54567e-07 
-3.46667 -1.33333 6.53619e-07 
-3.46667 -1.26667 1.2041e-06 
-3.46667 -1.2 2.21534e-06 
-3.46667 -1.13333 4.06939e-06 
-3.46667 -1.06667 7.45908e-06 
-3.46667 -1 1.36325e-05 
-3.46667 -0.933333 2.48181e-05 
-3.46667 -0.866667 4.4943e-05 
-3.46667 -0.8 8.08077e-05 
-3.46667 -0.733333 0.000143905 
-3.46667 -0.666667 0.000253003 
-3.46667 -0.6 0.000437283 
-3.46667 -0.533333 0.000739007 
-3.46667 -0.466667 0.00121312 
-3.46667 -0.4 0.0019195 
-3.46667 -0.333333 0.00290451 
-3.46667 -0.266667 0.00417699 
-3.46667 -0.2 0.00570155 
-3.46667 -0.133333 0.00743176 
-3.46667 -0.0666667 0.00934254 
-3.46667 -4.16334e-16 0.0113705 
-3.46667 0.0666667 0.013389 
-3.46667 0.133333 0.0153937 
-3.46667 0.2 0.0173532 
-3.46667 0.266667 0.0192676 
-3.46667 0.333333 0.0216293 
-3.46667 0.4 0.0245899 
-3.46667 0.466667 0.0281632 
-3.46667 0.533333 0.0315864 
-3.46667 0.6 0.0339511 
-3.46667 0.666667 0.0348995 
-3.46667 0.733333 0.0343833 
-3.46667 0.8 0.0330826 
-3.46667 0.866667 0.0312444 
-3.46667 0.933333 0.0311655 
-3.46667 1 0.0332674 
-3.46667 1.06667 0.037035 
-3.46667 1.13333 0.0428254 
-3.46667 1.2 0.0445401 
-3.46667 1.26667 0.0444625 
-3.46667 1.33333 0.0395785 
-3.46667 1.4 0.0356579 
-3.46667 1.46667 0.0329918 
-3.46667 1.53333 0.0291339 
-3.46667 1.6 0.0279444 
-3.46667 1.66667 0.0209148 
-3.46667 1.73333 0.0184043 
-3.46667 1.8 0.0140469 
-3.46667 1.86667 0.0109205 
-3.46667 1.93333 0.00793795 
-3.46667 2 0.0103243 
-3.4 -2 1.78871e-09 
-3.4 -1.93333 3.41237e-09 
-3.4 -1.86667 6.44434e-09 
-3.4 -1.8 1.19962e-08 
-3.4 -1.73333 2.23176e-08 
-3.4 -1.66667 4.13663e-08 
-3.4 -1.6 7.65733e-08 
-3.4 -1.53333 1.41508e-07 
-3.4 -1.46667 2.61191e-07 
-3.4 -1.4 4.81919e-07 
-3.4 -1.33333 8.88665e-07 
-3.4 -1.26667 1.63676e-06 
-3.4 -1.2 3.01157e-06 
-3.4 -1.13333 5.53181e-06 
-3.4 -1.06667 1.01396e-05 
-3.4 -1 1.85315e-05 
-3.4 -0.933333 3.37369e-05 
-3.4 -0.866667 6.10938e-05 
-3.4 -0.8 0.000109847 
-3.4 -0.733333 0.00019562 
-3.4 -0.666667 0.000343924 
-3.4 -0.6 0.00059443 
-3.4 -0.533333 0.00100459 
-3.4 -0.466667 0.00164909 
-3.4 -0.4 0.00260934 
-3.4 -0.333333 0.00394836 
-3.4 -0.266667 0.00567817 
-3.4 -0.2 0.00775065 
-3.4 -0.133333 0.0101027 
-3.4 -0.0666667 0.0127002 
-3.4 -4.16334e-16 0.015457 
-3.4 0.0666667 0.0182011 
-3.4 0.133333 0.0209263 
-3.4 0.2 0.0235901 
-3.4 0.266667 0.0261925 
-3.4 0.333333 0.029403 
-3.4 0.4 0.0334278 
-3.4 0.466667 0.0382855 
-3.4 0.533333 0.0429392 
-3.4 0.6 0.046154 
-3.4 0.666667 0.0474436 
-3.4 0.733333 0.046742 
-3.4 0.8 0.044974 
-3.4 0.866667 0.0424753 
-3.4 0.933333 0.0423681 
-3.4 1 0.0452255 
-3.4 1.06667 0.0503472 
-3.4 1.13333 0.0582189 
-3.4 1.2 0.0605497 
-3.4 1.26667 0.060444 
-3.4 1.33333 0.0538044 
-3.4 1.4 0.0484744 
-3.4 1.46667 0.04485 
-3.4 1.53333 0.0396055 
-3.4 1.6 0.0379885 
-3.4 1.66667 0.0284323 
-3.4 1.73333 0.0250194 
-3.4 1.8 0.0190959 
-3.4 1.86667 0.0148457 
-3.4 1.93333 0.0107911 
-3.4 2 0.0140351 
-3.33333 -2 2.46724e-09 
-3.33333 -1.93333 4.7245e-09 
-3.33333 -1.86667 8.77871e-09 
-3.33333 -1.8 1.64014e-08 
-3.33333 -1.73333 3.04265e-08 
-3.33333 -1.66667 5.63224e-08 
-3.33333 -1.6 1.04129e-07 
-3.33333 -1.53333 1.92321e-07 
-3.33333 -1.46667 3.55085e-07 
-3.33333 -1.4 6.55268e-07 
-3.33333 -1.33333 1.20795e-06 
-3.33333 -1.26667 2.22512e-06 
-3.33333 -1.2 4.09378e-06 
-3.33333 -1.13333 7.51977e-06 
-3.33333 -1.06667 1.37834e-05 
-3.33333 -1 2.51912e-05 
-3.33333 -0.933333 4.58607e-05 
-3.33333 -0.866667 8.30486e-05 
-3.33333 -0.8 0.000149322 
-3.33333 -0.733333 0.00026592 
-3.33333 -0.666667 0.00046752 
-3.33333 -0.6 0.000808052 
-3.33333 -0.533333 0.00136562 
-3.33333 -0.466667 0.00224174 
-3.33333 -0.4 0.00354711 
-3.33333 -0.333333 0.00536737 
-3.33333 -0.266667 0.00771889 
-3.33333 -0.2 0.0105362 
-3.33333 -0.133333 0.0137336 
-3.33333 -0.0666667 0.0172647 
-3.33333 -4.16334e-16 0.0210124 
-3.33333 0.0666667 0.0247427 
-3.33333 0.133333 0.0284474 
-3.33333 0.2 0.0320686 
-3.33333 0.266667 0.0356064 
-3.33333 0.333333 0.0399709 
-3.33333 0.4 0.0454424 
-3.33333 0.466667 0.0520463 
-3.33333 0.533333 0.0583728 
-3.33333 0.6 0.0627436 
-3.33333 0.666667 0.064497 
-3.33333 0.733333 0.0635436 
-3.33333 0.8 0.0611404 
-3.33333 0.866667 0.0577437 
-3.33333 0.933333 0.0575981 
-3.33333 1 0.0614827 
-3.33333 1.06667 0.0684453 
-3.33333 1.13333 0.0791464 
-3.33333 1.2 0.0823148 
-3.33333 1.26667 0.0821706 
-3.33333 1.33333 0.0731442 
-3.33333 1.4 0.0658981 
-3.33333 1.46667 0.060971 
-3.33333 1.53333 0.0538415 
-3.33333 1.6 0.0516433 
-3.33333 1.66667 0.0386521 
-3.33333 1.73333 0.0340126 
-3.33333 1.8 0.0259599 
-3.33333 1.86667 0.020182 
-3.33333 1.93333 0.01467 
-3.33333 2 0.0190798 
-3.26667 -2 3.39935e-09 
-3.26667 -1.93333 6.46372e-09 
-3.26667 -1.86667 1.19996e-08 
-3.26667 -1.8 2.233e-08 
-3.26667 -1.73333 4.13956e-08 
-3.26667 -1.66667 7.66234e-08 
-3.26667 -1.6 1.41617e-07 
-3.26667 -1.53333 2.61499e-07 
-3.26667 -1.46667 4.82747e-07 
-3.26667 -1.4 8.90757e-07 
-3.26667 -1.33333 1.64214e-06 
-3.26667 -1.26667 3.02472e-06 
-3.26667 -1.2 5.56494e-06 
-3.26667 -1.13333 1.02221e-05 
-3.26667 -1.06667 1.87366e-05 
-3.26667 -1 3.4244e-05 
-3.26667 -0.933333 6.23412e-05 
-3.26667 -0.866667 0.000112893 
-3.26667 -0.8 0.000202984 
-3.26667 -0.733333 0.000361483 
-3.26667 -0.666667 0.000635534 
-3.26667 -0.6 0.00109845 
-3.26667 -0.533333 0.00185639 
-3.26667 -0.466667 0.0030474 
-3.26667 -0.4 0.00482192 
-3.26667 -0.333333 0.0072964 
-3.26667 -0.266667 0.0104931 
-3.26667 -0.2 0.014323 
-3.26667 -0.133333 0.0186696 
-3.26667 -0.0666667 0.0234699 
-3.26667 -4.16334e-16 0.0285645 
-3.26667 0.0666667 0.0336357 
-3.26667 0.133333 0.0386719 
-3.26667 0.2 0.0435947 
-3.26667 0.266667 0.0484041 
-3.26667 0.333333 0.0543374 
-3.26667 0.4 0.0617758 
-3.26667 0.466667 0.0707536 
-3.26667 0.533333 0.0793546 
-3.26667 0.6 0.0852968 
-3.26667 0.666667 0.0876811 
-3.26667 0.733333 0.0863856 
-3.26667 0.8 0.083119 
-3.26667 0.866667 0.0785017 
-3.26667 0.933333 0.0783039 
-3.26667 1 0.0835849 
-3.26667 1.06667 0.0930502 
-3.26667 1.13333 0.107598 
-3.26667 1.2 0.111905 
-3.26667 1.26667 0.111708 
-3.26667 1.33333 0.0994368 
-3.26667 1.4 0.0895857 
-3.26667 1.46667 0.0828873 
-3.26667 1.53333 0.0731952 
-3.26667 1.6 0.0702069 
-3.26667 1.66667 0.052546 
-3.26667 1.73333 0.0462388 
-3.26667 1.8 0.0352916 
-3.26667 1.86667 0.0274368 
-3.26667 1.93333 0.0199434 
-3.26667 2 0.025938 
-3.2 -2 4.68658e-09 
-3.2 -1.93333 8.78672e-09 
-3.2 -1.86667 1.64204e-08 
-3.2 -1.8 3.04028e-08 
-3.2 -1.73333 5.63324e-08 
-3.2 -1.66667 1.04257e-07 
-3.2 -1.6 1.92561e-07 
-3.2 -1.53333 3.55578e-07 
-3.2 -1.46667 6.56409e-07 
-3.2 -1.4 1.21083e-06 
-3.2 -1.33333 2.23226e-06 
-3.2 -1.26667 4.11179e-06 
-3.2 -1.2 7.56481e-06 
-3.2 -1.13333 1.38956e-05 
-3.2 -1.06667 2.54698e-05 
-3.2 -1 4.65499e-05 
-3.2 -0.933333 8.47444e-05 
-3.2 -0.866667 0.000153463 
-3.2 -0.8 0.00027593 
-3.2 -0.733333 0.000491389 
-3.2 -0.666667 0.000863929 
-3.2 -0.6 0.00149321 
-3.2 -0.533333 0.00252356 
-3.2 -0.466667 0.00414262 
-3.2 -0.4 0.00655493 
-3.2 -0.333333 0.00991878 
-3.2 -0.266667 0.0142644 
-3.2 -0.2 0.0194709 
-3.2 -0.133333 0.0253798 
-3.2 -0.0666667 0.0319055 
-3.2 -4.16334e-16 0.0388313 
-3.2 0.0666667 0.0457253 
-3.2 0.133333 0.0525718 
-3.2 0.2 0.0592641 
-3.2 0.266667 0.0658022 
-3.2 0.333333 0.0738683 
-3.2 0.4 0.0839806 
-3.2 0.466667 0.0961859 
-3.2 0.533333 0.107879 
-3.2 0.6 0.115958 
-3.2 0.666667 0.119201 
-3.2 0.733333 0.11744 
-3.2 0.8 0.113 
-3.2 0.866667 0.106724 
-3.2 0.933333 0.106455 
-3.2 1 0.113635 
-3.2 1.06667 0.126502 
-3.2 1.13333 0.146279 
-3.2 1.2 0.152134 
-3.2 1.26667 0.151866 
-3.2 1.33333 0.135182 
-3.2 1.4 0.121789 
-3.2 1.46667 0.112683 
-3.2 1.53333 0.0995071 
-3.2 1.6 0.0954447 
-3.2 1.66667 0.071435 
-3.2 1.73333 0.0628606 
-3.2 1.8 0.0479783 
-3.2 1.86667 0.0372999 
-3.2 1.93333 0.0271127 
-3.2 2 0.0352618 
-3.13333 -2 6.43977e-09 
-3.13333 -1.93333 1.20185e-08 
-3.13333 -1.86667 2.22916e-08 
-3.13333 -1.8 4.14413e-08 
-3.13333 -1.73333 7.65928e-08 
-3.13333 -1.66667 1.41702e-07 
-3.13333 -1.6 2.61711e-07 
-3.13333 -1.53333 4.83377e-07 
-3.13333 -1.46667 8.92351e-07 
-3.13333 -1.4 1.64609e-06 
-3.13333 -1.33333 3.03457e-06 
-3.13333 -1.26667 5.58948e-06 
-3.13333 -1.2 1.02834e-05 
-3.13333 -1.13333 1.88892e-05 
-3.13333 -1.06667 3.46227e-05 
-3.13333 -1 6.32783e-05 
-3.13333 -0.933333 0.000115198 
-3.13333 -0.866667 0.000208613 
-3.13333 -0.8 0.00037509 
-3.13333 -0.733333 0.000667981 
-3.13333 -0.666667 0.00117441 
-3.13333 -0.6 0.00202985 
-3.13333 -0.533333 0.0034305 
-3.13333 -0.466667 0.00563147 
-3.13333 -0.4 0.00891082 
-3.13333 -0.333333 0.0134837 
-3.13333 -0.266667 0.0193914 
-3.13333 -0.2 0.0264693 
-3.13333 -0.133333 0.0345021 
-3.13333 -0.0666667 0.0433734 
-3.13333 -4.16334e-16 0.0527887 
-3.13333 0.0666667 0.0621607 
-3.13333 0.133333 0.0714683 
-3.13333 0.2 0.0805662 
-3.13333 0.266667 0.0894545 
-3.13333 0.333333 0.10042 
-3.13333 0.4 0.114168 
-3.13333 0.466667 0.130761 
-3.13333 0.533333 0.146659 
-3.13333 0.6 0.157644 
-3.13333 0.666667 0.162053 
-3.13333 0.733333 0.159661 
-3.13333 0.8 0.153626 
-3.13333 0.866667 0.145094 
-3.13333 0.933333 0.144729 
-3.13333 1 0.15449 
-3.13333 1.06667 0.171984 
-3.13333 1.13333 0.19887 
-3.13333 1.2 0.206829 
-3.13333 1.26667 0.206462 
-3.13333 1.33333 0.18378 
-3.13333 1.4 0.165572 
-3.13333 1.46667 0.153191 
-3.13333 1.53333 0.135279 
-3.13333 1.6 0.129757 
-3.13333 1.66667 0.0971157 
-3.13333 1.73333 0.0854589 
-3.13333 1.8 0.0652266 
-3.13333 1.86667 0.0507095 
-3.13333 1.93333 0.0368598 
-3.13333 2 0.0479378 
-3.06667 -2 8.76909e-09 
-3.06667 -1.93333 1.64212e-08 
-3.06667 -1.86667 3.04315e-08 
-3.06667 -1.8 5.63442e-08 
-3.06667 -1.73333 1.04276e-07 
-3.06667 -1.66667 1.92746e-07 
-3.06667 -1.6 3.55942e-07 
-3.06667 -1.53333 6.57209e-07 
-3.06667 -1.46667 1.21303e-06 
-3.06667 -1.4 2.23758e-06 
-3.06667 -1.33333 4.12514e-06 
-3.06667 -1.26667 7.59811e-06 
-3.06667 -1.2 1.39788e-05 
-3.06667 -1.13333 2.56771e-05 
-3.06667 -1.06667 4.70649e-05 
-3.06667 -1 8.60182e-05 
-3.06667 -0.933333 0.000156597 
-3.06667 -0.866667 0.000283581 
-3.06667 -0.8 0.000509887 
-3.06667 -0.733333 0.000908038 
-3.06667 -0.666667 0.00159647 
-3.06667 -0.6 0.00275935 
-3.06667 -0.533333 0.00466342 
-3.06667 -0.466667 0.00765546 
-3.06667 -0.4 0.0121135 
-3.06667 -0.333333 0.0183301 
-3.06667 -0.266667 0.0263612 
-3.06667 -0.2 0.0359833 
-3.06667 -0.133333 0.0469035 
-3.06667 -0.0666667 0.0589638 
-3.06667 -4.16334e-16 0.0717636 
-3.06667 0.0666667 0.0845046 
-3.06667 0.133333 0.097158 
-3.06667 0.2 0.109526 
-3.06667 0.266667 0.12161 
-3.06667 0.333333 0.136518 
-3.06667 0.4 0.155208 
-3.06667 0.466667 0.177768 
-3.06667 0.533333 0.199382 
-3.06667 0.6 0.214318 
-3.06667 0.666667 0.220315 
-3.06667 0.733333 0.217065 
-3.06667 0.8 0.208862 
-3.06667 0.866667 0.197264 
-3.06667 0.933333 0.196769 
-3.06667 1 0.210039 
-3.06667 1.06667 0.233822 
-3.06667 1.13333 0.270374 
-3.06667 1.2 0.281192 
-3.06667 1.26667 0.280692 
-3.06667 1.33333 0.249854 
-3.06667 1.4 0.225098 
-3.06667 1.46667 0.208266 
-3.06667 1.53333 0.183915 
-3.06667 1.6 0.176407 
-3.06667 1.66667 0.132031 
-3.06667 1.73333 0.116183 
-3.06667 1.8 0.0886774 
-3.06667 1.86667 0.0689412 
-3.06667 1.93333 0.0501119 
-3.06667 2 0.0651716 
-3 -2 1.20077e-08 
-3 -1.93333 2.24105e-08 
-3 -1.86667 4.14325e-08 
-3 -1.8 7.6723e-08 
-3 -1.73333 1.4175e-07 
-3 -1.66667 2.61885e-07 
-3 -1.6 4.83902e-07 
-3 -1.53333 8.93402e-07 
-3 -1.46667 1.649e-06 
-3 -1.4 3.04179e-06 
-3 -1.33333 5.60761e-06 
-3 -1.26667 1.03287e-05 
-3 -1.2 1.90023e-05 
-3 -1.13333 3.49046e-05 
-3 -1.06667 6.39782e-05 
-3 -1 0.00011693 
-3 -0.933333 0.000212873 
-3 -0.866667 0.000385492 
-3 -0.8 0.000693127 
-3 -0.733333 0.00123437 
-3 -0.666667 0.00217022 
-3 -0.6 0.00375105 
-3 -0.533333 0.00633947 
-3 -0.466667 0.010407 
-3 -0.4 0.0164674 
-3 -0.333333 0.0249186 
-3 -0.266667 0.0358366 
-3 -0.2 0.0489175 
-3 -0.133333 0.0637632 
-3 -0.0666667 0.0801589 
-3 -4.16334e-16 0.0975601 
-3 0.0666667 0.114881 
-3 0.133333 0.132084 
-3 0.2 0.148898 
-3 0.266667 0.165326 
-3 0.333333 0.185594 
-3 0.4 0.211005 
-3 0.466667 0.241676 
-3 0.533333 0.271064 
-3 0.6 0.291372 
-3 0.666667 0.299528 
-3 0.733333 0.295115 
-3 0.8 0.283965 
-3 0.866667 0.2682 
-3 0.933333 0.267526 
-3 1 0.285569 
-3 1.06667 0.317902 
-3 1.13333 0.367597 
-3 1.2 0.382302 
-3 1.26667 0.381618 
-3 1.33333 0.339689 
-3 1.4 0.30603 
-3 1.46667 0.283146 
-3 1.53333 0.25004 
-3 1.6 0.239834 
-3 1.66667 0.179502 
-3 1.73333 0.157957 
-3 1.8 0.120562 
-3 1.86667 0.0937297 
-3 1.93333 0.06813 
-3 2 0.0886027 
-2.93333 -2 1.64453e-08 
-2.93333 -1.93333 3.04067e-08 
-2.93333 -1.86667 5.63571e-08 
-2.93333 -1.8 1.04278e-07 
-2.93333 -1.73333 1.92814e-07 
-2.93333 -1.66667 3.56201e-07 
-2.93333 -1.6 6.57843e-07 
-2.93333 -1.53333 1.21458e-06 
-2.93333 -1.46667 2.24155e-06 
-2.93333 -1.4 4.13497e-06 
-2.93333 -1.33333 7.62283e-06 
-2.93333 -1.26667 1.40404e-05 
-2.93333 -1.2 2.5831e-05 
-2.93333 -1.13333 4.7448e-05 
-2.93333 -1.06667 8.69697e-05 
-2.93333 -1 0.000158951 
-2.93333 -0.933333 0.000289372 
-2.93333 -0.866667 0.000524027 
-2.93333 -0.8 0.000942221 
-2.93333 -0.733333 0.00167798 
-2.93333 -0.666667 0.00295017 
-2.93333 -0.6 0.00509918 
-2.93333 -0.533333 0.00861796 
-2.93333 -0.466667 0.0141475 
-2.93333 -0.4 0.0223865 
-2.93333 -0.333333 0.0338756 
-2.93333 -0.266667 0.0487184 
-2.93333 -0.2 0.0665016 
-2.93333 -0.133333 0.0866843 
-2.93333 -0.0666667 0.108974 
-2.93333 -4.16334e-16 0.132631 
-2.93333 0.0666667 0.15618 
-2.93333 0.133333 0.179567 
-2.93333 0.2 0.202427 
-2.93333 0.266667 0.224761 
-2.93333 0.333333 0.252316 
-2.93333 0.4 0.286864 
-2.93333 0.466667 0.328566 
-2.93333 0.533333 0.368523 
-2.93333 0.6 0.396138 
-2.93333 0.666667 0.407233 
-2.93333 0.733333 0.401239 
-2.93333 0.8 0.386084 
-2.93333 0.866667 0.364654 
-2.93333 0.933333 0.36374 
-2.93333 1 0.388271 
-2.93333 1.06667 0.432229 
-2.93333 1.13333 0.499793 
-2.93333 1.2 0.519782 
-2.93333 1.26667 0.518845 
-2.93333 1.33333 0.461836 
-2.93333 1.4 0.41607 
-2.93333 1.46667 0.384956 
-2.93333 1.53333 0.339949 
-2.93333 1.6 0.326074 
-2.93333 1.66667 0.244047 
-2.93333 1.73333 0.214755 
-2.93333 1.8 0.163915 
-2.93333 1.86667 0.127435 
-2.93333 1.93333 0.0926289 
-2.93333 2 0.12046 
-2.86667 -2 2.23352e-08 
-2.86667 -1.93333 4.14521e-08 
-2.86667 -1.86667 7.67486e-08 
-2.86667 -1.8 1.41886e-07 
-2.86667 -1.73333 2.6208e-07 
-2.86667 -1.66667 4.84254e-07 
-2.86667 -1.6 8.94283e-07 
-2.86667 -1.53333 1.65114e-06 
-2.86667 -1.46667 3.04718e-06 
-2.86667 -1.4 5.62092e-06 
-2.86667 -1.33333 1.03622e-05 
-2.86667 -1.26667 1.9086e-05 
-2.86667 -1.2 3.51136e-05 
-2.86667 -1.13333 6.44989e-05 
-2.86667 -1.06667 0.000118223 
-2.86667 -1 0.000216072 
-2.86667 -0.933333 0.000393364 
-2.86667 -0.866667 0.000712349 
-2.86667 -0.8 0.00128084 
-2.86667 -0.733333 0.00228102 
-2.86667 -0.666667 0.00401046 
-2.86667 -0.6 0.00693186 
-2.86667 -0.533333 0.0117154 
-2.86667 -0.466667 0.0192326 
-2.86667 -0.4 0.0304333 
-2.86667 -0.333333 0.0460527 
-2.86667 -0.266667 0.0662314 
-2.86667 -0.2 0.0904079 
-2.86667 -0.133333 0.117846 
-2.86667 -0.0666667 0.14815 
-2.86667 -4.16334e-16 0.180313 
-2.86667 0.0666667 0.212328 
-2.86667 0.133333 0.244123 
-2.86667 0.2 0.275203 
-2.86667 0.266667 0.305567 
-2.86667 0.333333 0.343031 
-2.86667 0.4 0.390003 
-2.86667 0.466667 0.446704 
-2.86667 0.533333 0.501035 
-2.86667 0.6 0.538587 
-2.86667 0.666667 0.553682 
-2.86667 0.733333 0.545541 
-2.86667 0.8 0.524943 
-2.86667 0.866667 0.495813 
-2.86667 0.933333 0.494572 
-2.86667 1 0.527927 
-2.86667 1.06667 0.587692 
-2.86667 1.13333 0.679551 
-2.86667 1.2 0.706723 
-2.86667 1.26667 0.705439 
-2.86667 1.33333 0.627922 
-2.86667 1.4 0.565693 
-2.86667 1.46667 0.523389 
-2.86667 1.53333 0.462199 
-2.86667 1.6 0.443335 
-2.86667 1.66667 0.33181 
-2.86667 1.73333 0.291986 
-2.86667 1.8 0.222863 
-2.86667 1.86667 0.173264 
-2.86667 1.93333 0.125941 
-2.86667 2 0.163777 
-2.8 -2 3.05031e-08 
-2.8 -1.93333 5.64242e-08 
-2.8 -1.86667 1.04277e-07 
-2.8 -1.8 1.92833e-07 
-2.8 -1.73333 3.56398e-07 
-2.8 -1.66667 6.58247e-07 
-2.8 -1.6 1.21572e-06 
-2.8 -1.53333 2.24447e-06 
-2.8 -1.46667 4.14229e-06 
-2.8 -1.4 7.64094e-06 
-2.8 -1.33333 1.40859e-05 
-2.8 -1.26667 2.59448e-05 
-2.8 -1.2 4.77321e-05 
-2.8 -1.13333 8.76776e-05 
-2.8 -1.06667 0.000160709 
-2.8 -1 0.000293722 
-2.8 -0.933333 0.000534728 
-2.8 -0.866667 0.000968351 
-2.8 -0.8 0.00174115 
-2.8 -0.733333 0.00310081 
-2.8 -0.666667 0.00545183 
-2.8 -0.6 0.0094233 
-2.8 -0.533333 0.0159264 
-2.8 -0.466667 0.0261458 
-2.8 -0.4 0.0413731 
-2.8 -0.333333 0.0626079 
-2.8 -0.266667 0.0900413 
-2.8 -0.2 0.12291 
-2.8 -0.133333 0.160214 
-2.8 -0.0666667 0.201413 
-2.8 -4.16334e-16 0.24514 
-2.8 0.0666667 0.288668 
-2.8 0.133333 0.331896 
-2.8 0.2 0.374151 
-2.8 0.266667 0.415434 
-2.8 0.333333 0.466371 
-2.8 0.4 0.530237 
-2.8 0.466667 0.607335 
-2.8 0.533333 0.681213 
-2.8 0.6 0.732282 
-2.8 0.666667 0.75282 
-2.8 0.733333 0.741766 
-2.8 0.8 0.713772 
-2.8 0.866667 0.674174 
-2.8 0.933333 0.67249 
-2.8 1 0.717843 
-2.8 1.06667 0.799102 
-2.8 1.13333 0.923998 
-2.8 1.2 0.960932 
-2.8 1.26667 0.959171 
-2.8 1.33333 0.853764 
-2.8 1.4 0.769145 
-2.8 1.46667 0.711623 
-2.8 1.53333 0.628432 
-2.8 1.6 0.602785 
-2.8 1.66667 0.451148 
-2.8 1.73333 0.397002 
-2.8 1.8 0.303021 
-2.8 1.86667 0.235584 
-2.8 1.93333 0.171239 
-2.8 2 0.222676 
-2.73333 -2 4.14088e-08 
-2.73333 -1.93333 7.66563e-08 
-2.73333 -1.86667 1.41843e-07 
-2.73333 -1.8 2.62177e-07 
-2.73333 -1.73333 4.84519e-07 
-2.73333 -1.66667 8.9495e-07 
-2.73333 -1.6 1.65275e-06 
-2.73333 -1.53333 3.05113e-06 
-2.73333 -1.46667 5.63087e-06 
-2.73333 -1.4 1.03869e-05 
-2.73333 -1.33333 1.91479e-05 
-2.73333 -1.26667 3.52683e-05 
-2.73333 -1.2 6.48853e-05 
-2.73333 -1.13333 0.000119186 
-2.73333 -1.06667 0.000218462 
-2.73333 -1 0.000399276 
-2.73333 -0.933333 0.000726895 
-2.73333 -0.866667 0.00131636 
-2.73333 -0.8 0.0023669 
-2.73333 -0.733333 0.00421524 
-2.73333 -0.666667 0.00741128 
-2.73333 -0.6 0.0128103 
-2.73333 -0.533333 0.021651 
-2.73333 -0.466667 0.0355443 
-2.73333 -0.4 0.0562461 
-2.73333 -0.333333 0.0851157 
-2.73333 -0.266667 0.122413 
-2.73333 -0.2 0.1671 
-2.73333 -0.133333 0.217817 
-2.73333 -0.0666667 0.273831 
-2.73333 -4.16334e-16 0.333282 
-2.73333 0.0666667 0.392462 
-2.73333 0.133333 0.451236 
-2.73333 0.2 0.508687 
-2.73333 0.266667 0.564817 
-2.73333 0.333333 0.634074 
-2.73333 0.4 0.720915 
-2.73333 0.466667 0.82575 
-2.73333 0.533333 0.926215 
-2.73333 0.6 0.995671 
-2.73333 0.666667 1.02362 
-2.73333 0.733333 1.00861 
-2.73333 0.8 0.970567 
-2.73333 0.866667 0.91674 
-2.73333 0.933333 0.914455 
-2.73333 1 0.976127 
-2.73333 1.06667 1.08661 
-2.73333 1.13333 1.25643 
-2.73333 1.2 1.30664 
-2.73333 1.26667 1.30422 
-2.73333 1.33333 1.16088 
-2.73333 1.4 1.04581 
-2.73333 1.46667 0.967591 
-2.73333 1.53333 0.854482 
-2.73333 1.6 0.819614 
-2.73333 1.66667 0.61343 
-2.73333 1.73333 0.539809 
-2.73333 1.8 0.412025 
-2.73333 1.86667 0.320332 
-2.73333 1.93333 0.232838 
-2.73333 2 0.302767 
-2.66667 -2 5.63694e-08 
-2.66667 -1.93333 1.04379e-07 
-2.66667 -1.86667 1.92967e-07 
-2.66667 -1.8 3.56466e-07 
-2.66667 -1.73333 6.58626e-07 
-2.66667 -1.66667 1.21656e-06 
-2.66667 -1.6 2.24664e-06 
-2.66667 -1.53333 4.14759e-06 
-2.66667 -1.46667 7.65441e-06 
-2.66667 -1.4 1.41195e-05 
-2.66667 -1.33333 2.60289e-05 
-2.66667 -1.26667 4.79424e-05 
-2.66667 -1.2 8.82027e-05 
-2.66667 -1.13333 0.000162017 
-2.66667 -1.06667 0.000296971 
-2.66667 -1 0.000542765 
-2.66667 -0.933333 0.000988125 
-2.66667 -0.866667 0.00178944 
-2.66667 -0.8 0.00321755 
-2.66667 -0.733333 0.00573022 
-2.66667 -0.666667 0.010075 
-2.66667 -0.6 0.0174148 
-2.66667 -0.533333 0.0294337 
-2.66667 -0.466667 0.0483218 
-2.66667 -0.4 0.076467 
-2.66667 -0.333333 0.115717 
-2.66667 -0.266667 0.166426 
-2.66667 -0.2 0.227181 
-2.66667 -0.133333 0.296137 
-2.66667 -0.0666667 0.372295 
-2.66667 -4.16334e-16 0.453127 
-2.66667 0.0666667 0.533592 
-2.66667 0.133333 0.613504 
-2.66667 0.2 0.691618 
-2.66667 0.266667 0.767936 
-2.66667 0.333333 0.862108 
-2.66667 0.4 0.980192 
-2.66667 0.466667 1.12275 
-2.66667 0.533333 1.25938 
-2.66667 0.6 1.35385 
-2.66667 0.666667 1.39189 
-2.66667 0.733333 1.37152 
-2.66667 0.8 1.31982 
-2.66667 0.866667 1.24665 
-2.66667 0.933333 1.24355 
-2.66667 1 1.32742 
-2.66667 1.06667 1.47765 
-2.66667 1.13333 1.70855 
-2.66667 1.2 1.7768 
-2.66667 1.26667 1.77347 
-2.66667 1.33333 1.57854 
-2.66667 1.4 1.42204 
-2.66667 1.46667 1.31568 
-2.66667 1.53333 1.16189 
-2.66667 1.6 1.11449 
-2.66667 1.66667 0.834122 
-2.66667 1.73333 0.734018 
-2.66667 1.8 0.560266 
-2.66667 1.86667 0.435588 
-2.66667 1.93333 0.316611 
-2.66667 2 0.411681 
-2.6 -2 7.67822e-08 
-2.6 -1.93333 1.41928e-07 
-2.6 -1.86667 2.62254e-07 
-2.6 -1.8 4.84617e-07 
-2.6 -1.73333 8.95454e-07 
-2.6 -1.66667 1.65379e-06 
-2.6 -1.6 3.054e-06 
-2.6 -1.53333 5.63805e-06 
-2.6 -1.46667 1.0405e-05 
-2.6 -1.4 1.91936e-05 
-2.6 -1.33333 3.53826e-05 
-2.6 -1.26667 6.51712e-05 
-2.6 -1.2 0.0001199 
-2.6 -1.13333 0.000220241 
-2.6 -1.06667 0.000403693 
-2.6 -1 0.000737821 
-2.6 -0.933333 0.00134324 
-2.6 -0.866667 0.00243254 
-2.6 -0.8 0.00437393 
-2.6 -0.733333 0.00778974 
-2.6 -0.666667 0.0136963 
-2.6 -0.6 0.0236746 
-2.6 -0.533333 0.0400145 
-2.6 -0.466667 0.0656938 
-2.6 -0.4 0.103959 
-2.6 -0.333333 0.157324 
-2.6 -0.266667 0.226269 
-2.6 -0.2 0.308874 
-2.6 -0.133333 0.402628 
-2.6 -0.0666667 0.506178 
-2.6 -4.16334e-16 0.616085 
-2.6 0.0666667 0.725493 
-2.6 0.133333 0.83415 
-2.6 0.2 0.940363 
-2.6 0.266667 1.04414 
-2.6 0.333333 1.17219 
-2.6 0.4 1.33276 
-2.6 0.466667 1.52664 
-2.6 0.533333 1.71245 
-2.6 0.6 1.84096 
-2.6 0.666667 1.89275 
-2.6 0.733333 1.86511 
-2.6 0.8 1.79485 
-2.6 0.866667 1.69539 
-2.6 0.933333 1.69119 
-2.6 1 1.80524 
-2.6 1.06667 2.00952 
-2.6 1.13333 2.32351 
-2.6 1.2 2.41628 
-2.6 1.26667 2.41169 
-2.6 1.33333 2.14657 
-2.6 1.4 1.93373 
-2.6 1.46667 1.78909 
-2.6 1.53333 1.57998 
-2.6 1.6 1.51552 
-2.6 1.66667 1.13427 
-2.6 1.73333 0.998148 
-2.6 1.8 0.761882 
-2.6 1.86667 0.592343 
-2.6 1.93333 0.430546 
-2.6 2 0.559799 
-2.53333 -2 1.04354e-07 
-2.53333 -1.93333 1.92941e-07 
-2.53333 -1.86667 3.56606e-07 
-2.53333 -1.8 6.58891e-07 
-2.53333 -1.73333 1.21724e-06 
-2.53333 -1.66667 2.24822e-06 
-2.53333 -1.6 4.15149e-06 
-2.53333 -1.53333 7.66431e-06 
-2.53333 -1.46667 1.41443e-05 
-2.53333 -1.4 2.60909e-05 
-2.53333 -1.33333 4.80979e-05 
-2.53333 -1.26667 8.85914e-05 
-2.53333 -1.2 0.000162987 
-2.53333 -1.13333 0.000299388 
-2.53333 -1.06667 0.00054877 
-2.53333 -1 0.00100298 
-2.53333 -0.933333 0.00182598 
-2.53333 -0.866667 0.00330678 
-2.53333 -0.8 0.00594596 
-2.53333 -0.733333 0.0105896 
-2.53333 -0.666667 0.0186194 
-2.53333 -0.6 0.0321849 
-2.53333 -0.533333 0.0543996 
-2.53333 -0.466667 0.0893127 
-2.53333 -0.4 0.141339 
-2.53333 -0.333333 0.213897 
-2.53333 -0.266667 0.307638 
-2.53333 -0.2 0.419954 
-2.53333 -0.133333 0.547431 
-2.53333 -0.0666667 0.688231 
-2.53333 -4.16334e-16 0.837675 
-2.53333 0.0666667 0.986443 
-2.53333 0.133333 1.13419 
-2.53333 0.2 1.27862 
-2.53333 0.266667 1.41973 
-2.53333 0.333333 1.59386 
-2.53333 0.4 1.81223 
-2.53333 0.466667 2.07591 
-2.53333 0.533333 2.32865 
-2.53333 0.6 2.50347 
-2.53333 0.666667 2.57399 
-2.53333 0.733333 2.5365 
-2.53333 0.8 2.44102 
-2.53333 0.866667 2.30582 
-2.53333 0.933333 2.30013 
-2.53333 1 2.45525 
-2.53333 1.06667 2.73304 
-2.53333 1.13333 3.16004 
-2.53333 1.2 3.28613 
-2.53333 1.26667 3.27978 
-2.53333 1.33333 2.91918 
-2.53333 1.4 2.62968 
-2.53333 1.46667 2.43297 
-2.53333 1.53333 2.14862 
-2.53333 1.6 2.06098 
-2.53333 1.66667 1.54251 
-2.53333 1.73333 1.3574 
-2.53333 1.8 1.03612 
-2.53333 1.86667 0.805561 
-2.53333 1.93333 0.585519 
-2.53333 2 0.761249 
-2.46667 -2 1.41927e-07 
-2.46667 -1.93333 2.62375e-07 
-2.46667 -1.86667 4.84781e-07 
-2.46667 -1.8 8.95752e-07 
-2.46667 -1.73333 1.65468e-06 
-2.46667 -1.66667 3.05614e-06 
-2.46667 -1.6 5.6434e-06 
-2.46667 -1.53333 1.04185e-05 
-2.46667 -1.46667 1.92272e-05 
-2.46667 -1.4 3.54671e-05 
-2.46667 -1.33333 6.53825e-05 
-2.46667 -1.26667 0.000120428 
-2.46667 -1.2 0.00022156 
-2.46667 -1.13333 0.000406979 
-2.46667 -1.06667 0.000745984 
-2.46667 -1 0.00136343 
-2.46667 -0.933333 0.00248222 
-2.46667 -0.866667 0.00449525 
-2.46667 -0.8 0.00808303 
-2.46667 -0.733333 0.0143958 
-2.46667 -0.666667 0.0253123 
-2.46667 -0.6 0.043755 
-2.46667 -0.533333 0.0739574 
-2.46667 -0.466667 0.121426 
-2.46667 -0.4 0.192164 
-2.46667 -0.333333 0.29082 
-2.46667 -0.266667 0.418281 
-2.46667 -0.2 0.571001 
-2.46667 -0.133333 0.744338 
-2.46667 -0.0666667 0.935795 
-2.46667 -4.16334e-16 1.13901 
-2.46667 0.0666667 1.34131 
-2.46667 0.133333 1.54222 
-2.46667 0.2 1.73862 
-2.46667 0.266667 1.93051 
-2.46667 0.333333 2.16732 
-2.46667 0.4 2.46431 
-2.46667 0.466667 2.82295 
-2.46667 0.533333 3.16674 
-2.46667 0.6 3.40462 
-2.46667 0.666667 3.50066 
-2.46667 0.733333 3.44983 
-2.46667 0.8 3.32008 
-2.46667 0.866667 3.13631 
-2.46667 0.933333 3.12861 
-2.46667 1 3.3396 
-2.46667 1.06667 3.71738 
-2.46667 1.13333 4.29808 
-2.46667 1.2 4.46947 
-2.46667 1.26667 4.46068 
-2.46667 1.33333 3.97016 
-2.46667 1.4 3.57635 
-2.46667 1.46667 3.30879 
-2.46667 1.53333 2.92213 
-2.46667 1.6 2.80296 
-2.46667 1.66667 2.09783 
-2.46667 1.73333 1.84609 
-2.46667 1.8 1.40916 
-2.46667 1.86667 1.09561 
-2.46667 1.93333 0.796332 
-2.46667 2 1.03526 
-2.4 -2 1.92956e-07 
-2.4 -1.93333 3.56713e-07 
-2.4 -1.86667 6.59093e-07 
-2.4 -1.8 1.21768e-06 
-2.4 -1.73333 2.24936e-06 
-2.4 -1.66667 4.15455e-06 
-2.4 -1.6 7.67155e-06 
-2.4 -1.53333 1.41625e-05 
-2.4 -1.46667 2.61368e-05 
-2.4 -1.4 4.82126e-05 
-2.4 -1.33333 8.88786e-05 
-2.4 -1.26667 0.000163706 
-2.4 -1.2 0.000301181 
-2.4 -1.13333 0.000553237 
-2.4 -1.06667 0.00101407 
-2.4 -1 0.00185343 
-2.4 -0.933333 0.00337432 
-2.4 -0.866667 0.00611088 
-2.4 -0.8 0.0109883 
-2.4 -0.733333 0.0195704 
-2.4 -0.666667 0.0344115 
-2.4 -0.6 0.0594853 
-2.4 -0.533333 0.100549 
-2.4 -0.466667 0.16509 
-2.4 -0.4 0.261273 
-2.4 -0.333333 0.395421 
-2.4 -0.266667 0.56874 
-2.4 -0.2 0.776406 
-2.4 -0.133333 1.01211 
-2.4 -0.0666667 1.27247 
-2.4 -4.16334e-16 1.54881 
-2.4 0.0666667 1.82392 
-2.4 0.133333 2.09714 
-2.4 0.2 2.36423 
-2.4 0.266667 2.62519 
-2.4 0.333333 2.94726 
-2.4 0.4 3.35122 
-2.4 0.466667 3.83905 
-2.4 0.533333 4.30677 
-2.4 0.6 4.63048 
-2.4 0.666667 4.76134 
-2.4 0.733333 4.69244 
-2.4 0.8 4.51615 
-2.4 0.866667 4.26635 
-2.4 0.933333 4.25592 
-2.4 1 4.54293 
-2.4 1.06667 5.05674 
-2.4 1.13333 5.84652 
-2.4 1.2 6.07949 
-2.4 1.26667 6.06728 
-2.4 1.33333 5.39995 
-2.4 1.4 4.86419 
-2.4 1.46667 4.50024 
-2.4 1.53333 3.97442 
-2.4 1.6 3.81237 
-2.4 1.66667 2.85329 
-2.4 1.73333 2.51092 
-2.4 1.8 1.91667 
-2.4 1.86667 1.49022 
-2.4 1.93333 1.08314 
-2.4 2 1.40799 
-2.33333 -2 2.62402e-07 
-2.33333 -1.93333 4.84917e-07 
-2.33333 -1.86667 8.95887e-07 
-2.33333 -1.8 1.65521e-06 
-2.33333 -1.73333 3.05776e-06 
-2.33333 -1.66667 5.64748e-06 
-2.33333 -1.6 1.04283e-05 
-2.33333 -1.53333 1.9252e-05 
-2.33333 -1.46667 3.55293e-05 
-2.33333 -1.4 6.55384e-05 
-2.33333 -1.33333 0.000120819 
-2.33333 -1.26667 0.000222536 
-2.33333 -1.2 0.000409417 
-2.33333 -1.13333 0.000752056 
-2.33333 -1.06667 0.00137851 
-2.33333 -1 0.00251953 
-2.33333 -0.933333 0.00458705 
-2.33333 -0.866667 0.00830723 
-2.33333 -0.8 0.0149379 
-2.33333 -0.733333 0.0266052 
-2.33333 -0.666667 0.0467822 
-2.33333 -0.6 0.0808723 
-2.33333 -0.533333 0.136704 
-2.33333 -0.466667 0.224461 
-2.33333 -0.4 0.355249 
-2.33333 -0.333333 0.537665 
-2.33333 -0.266667 0.773351 
-2.33333 -0.2 1.05575 
-2.33333 -0.133333 1.37629 
-2.33333 -0.0666667 1.73035 
-2.33333 -4.16334e-16 2.10617 
-2.33333 0.0666667 2.48032 
-2.33333 0.133333 2.8519 
-2.33333 0.2 3.21514 
-2.33333 0.266667 3.57006 
-2.33333 0.333333 4.00813 
-2.33333 0.4 4.55762 
-2.33333 0.466667 5.22128 
-2.33333 0.533333 5.85766 
-2.33333 0.6 6.29827 
-2.33333 0.666667 6.47662 
-2.33333 0.733333 6.38329 
-2.33333 0.8 6.14378 
-2.33333 0.866667 5.80423 
-2.33333 0.933333 5.79013 
-2.33333 1 6.1806 
-2.33333 1.06667 6.87945 
-2.33333 1.13333 7.95371 
-2.33333 1.2 8.27036 
-2.33333 1.26667 8.25336 
-2.33333 1.33333 7.34536 
-2.33333 1.4 6.61638 
-2.33333 1.46667 6.12126 
-2.33333 1.53333 5.40614 
-2.33333 1.6 5.18577 
-2.33333 1.66667 3.88116 
-2.33333 1.73333 3.4155 
-2.33333 1.8 2.60722 
-2.33333 1.86667 2.02716 
-2.33333 1.93333 1.47338 
-2.33333 2 1.91509 
-2.26667 -2 3.56686e-07 
-2.26667 -1.93333 6.59219e-07 
-2.26667 -1.86667 1.218e-06 
-2.26667 -1.8 2.25028e-06 
-2.26667 -1.73333 4.15658e-06 
-2.26667 -1.66667 7.67687e-06 
-2.26667 -1.6 1.41759e-05 
-2.26667 -1.53333 2.61705e-05 
-2.26667 -1.46667 4.82972e-05 
-2.26667 -1.4 8.90907e-05 
-2.26667 -1.33333 0.000164236 
-2.26667 -1.26667 0.000302509 
-2.26667 -1.2 0.00055655 
-2.26667 -1.13333 0.00102233 
-2.26667 -1.06667 0.00187393 
-2.26667 -1 0.00342504 
-2.26667 -0.933333 0.00623568 
-2.26667 -0.866667 0.0112931 
-2.26667 -0.8 0.0203073 
-2.26667 -0.733333 0.0361692 
-2.26667 -0.666667 0.0636013 
-2.26667 -0.6 0.109951 
-2.26667 -0.533333 0.185865 
-2.26667 -0.466667 0.305194 
-2.26667 -0.4 0.483045 
-2.26667 -0.333333 0.731111 
-2.26667 -0.266667 1.05163 
-2.26667 -0.2 1.43567 
-2.26667 -0.133333 1.8716 
-2.26667 -0.0666667 2.35313 
-2.26667 -4.16334e-16 2.86428 
-2.26667 0.0666667 3.37315 
-2.26667 0.133333 3.87855 
-2.26667 0.2 4.37261 
-2.26667 0.266667 4.85535 
-2.26667 0.333333 5.45125 
-2.26667 0.4 6.19879 
-2.26667 0.466667 7.10177 
-2.26667 0.533333 7.96778 
-2.26667 0.6 8.5676 
-2.26667 0.666667 8.81081 
-2.26667 0.733333 8.68445 
-2.26667 0.8 8.35907 
-2.26667 0.866667 7.89754 
-2.26667 0.933333 7.87848 
-2.26667 1 8.40977 
-2.26667 1.06667 9.36041 
-2.26667 1.13333 10.8218 
-2.26667 1.2 11.2521 
-2.26667 1.26667 11.2284 
-2.26667 1.33333 9.99275 
-2.26667 1.4 9.00071 
-2.26667 1.46667 8.32706 
-2.26667 1.53333 7.3544 
-2.26667 1.6 7.05471 
-2.26667 1.66667 5.27989 
-2.26667 1.73333 4.64646 
-2.26667 1.8 3.54696 
-2.26667 1.86667 2.75789 
-2.26667 1.93333 2.00445 
-2.26667 2 2.60509 
-2.2 -2 4.84944e-07 
-2.2 -1.93333 8.96102e-07 
-2.2 -1.86667 1.65576e-06 
-2.2 -1.8 3.05885e-06 
-2.2 -1.73333 5.65029e-06 
-2.2 -1.66667 1.04357e-05 
-2.2 -1.6 1.92703e-05 
-2.2 -1.53333 3.55751e-05 
-2.2 -1.46667 6.56535e-05 
-2.2 -1.4 0.000121107 
-2.2 -1.33333 0.000223258 
-2.2 -1.26667 0.000411221 
-2.2 -1.2 0.000756561 
-2.2 -1.13333 0.00138974 
-2.2 -1.06667 0.00254741 
-2.2 -1 0.00465601 
-2.2 -0.933333 0.0084769 
-2.2 -0.866667 0.0153523 
-2.2 -0.8 0.0276071 
-2.2 -0.733333 0.0491721 
-2.2 -0.666667 0.0864689 
-2.2 -0.6 0.149489 
-2.2 -0.533333 0.252714 
-2.2 -0.466667 0.414982 
-2.2 -0.4 0.656845 
-2.2 -0.333333 0.994211 
-2.2 -0.266667 1.43012 
-2.2 -0.2 1.95244 
-2.2 -0.133333 2.54533 
-2.2 -0.0666667 3.20029 
-2.2 -4.16334e-16 3.89554 
-2.2 0.0666667 4.58773 
-2.2 0.133333 5.27519 
-2.2 0.2 5.94724 
-2.2 0.266667 6.60391 
-2.2 0.333333 7.4146 
-2.2 0.4 8.4317 
-2.2 0.466667 9.66048 
-2.2 0.533333 10.8392 
-2.2 0.6 11.656 
-2.2 0.666667 11.9878 
-2.2 0.733333 11.8168 
-2.2 0.8 11.3748 
-2.2 0.866667 10.7475 
-2.2 0.933333 10.7218 
-2.2 1 11.4448 
-2.2 1.06667 12.7381 
-2.2 1.13333 14.7262 
-2.2 1.2 15.3112 
-2.2 1.26667 15.2779 
-2.2 1.33333 13.5961 
-2.2 1.4 12.2458 
-2.2 1.46667 11.3291 
-2.2 1.53333 10.006 
-2.2 1.6 9.59842 
-2.2 1.66667 7.18363 
-2.2 1.73333 6.32188 
-2.2 1.8 4.82606 
-2.2 1.86667 3.75253 
-2.2 1.93333 2.72731 
-2.2 2 3.54408 
-2.13333 -2 6.59329e-07 
-2.13333 -1.93333 1.21823e-06 
-2.13333 -1.86667 2.25084e-06 
-2.13333 -1.8 4.15814e-06 
-2.13333 -1.73333 7.68079e-06 
-2.13333 -1.66667 1.41859e-05 
-2.13333 -1.6 2.61954e-05 
-2.13333 -1.53333 4.83596e-05 
-2.13333 -1.46667 8.92469e-05 
-2.13333 -1.4 0.000164628 
-2.13333 -1.33333 0.000303489 
-2.13333 -1.26667 0.000559003 
-2.13333 -1.2 0.00102845 
-2.13333 -1.13333 0.00188919 
-2.13333 -1.06667 0.00346293 
-2.13333 -1 0.00632943 
-2.13333 -0.933333 0.0115237 
-2.13333 -0.866667 0.0208707 
-2.13333 -0.8 0.0375314 
-2.13333 -0.733333 0.0668507 
-2.13333 -0.666667 0.117561 
-2.13333 -0.6 0.203252 
-2.13333 -0.533333 0.343618 
-2.13333 -0.466667 0.56429 
-2.13333 -0.4 0.893226 
-2.13333 -0.333333 1.35207 
-2.13333 -0.266667 1.94497 
-2.13333 -0.2 2.65541 
-2.13333 -0.133333 3.46186 
-2.13333 -0.0666667 4.35278 
-2.13333 -4.16334e-16 5.29855 
-2.13333 0.0666667 6.24018 
-2.13333 0.133333 7.17539 
-2.13333 0.2 8.08966 
-2.13333 0.266667 8.98303 
-2.13333 0.333333 10.0861 
-2.13333 0.4 11.4702 
-2.13333 0.466667 13.1426 
-2.13333 0.533333 14.7472 
-2.13333 0.6 15.8598 
-2.13333 0.666667 16.3127 
-2.13333 0.733333 16.0816 
-2.13333 0.8 15.4813 
-2.13333 0.866667 14.6286 
-2.13333 0.933333 14.594 
-2.13333 1 15.5781 
-2.13333 1.06667 17.3378 
-2.13333 1.13333 20.043 
-2.13333 1.2 20.8381 
-2.13333 1.26667 20.7911 
-2.13333 1.33333 18.5015 
-2.13333 1.4 16.6632 
-2.13333 1.46667 15.4156 
-2.13333 1.53333 13.6157 
-2.13333 1.6 13.0613 
-2.13333 1.66667 9.77521 
-2.13333 1.73333 8.60271 
-2.13333 1.8 6.56746 
-2.13333 1.86667 5.10671 
-2.13333 1.93333 3.71143 
-2.13333 2 4.82217 
-2.06667 -2 8.9627e-07 
-2.06667 -1.93333 1.65606e-06 
-2.06667 -1.86667 3.05962e-06 
-2.06667 -1.8 5.65246e-06 
-2.06667 -1.73333 1.04411e-05 
-2.06667 -1.66667 1.92838e-05 
-2.06667 -1.6 3.56089e-05 
-2.06667 -1.53333 6.57382e-05 
-2.06667 -1.46667 0.000121319 
-2.06667 -1.4 0.00022379 
-2.06667 -1.33333 0.000412554 
-2.06667 -1.26667 0.000759895 
-2.06667 -1.2 0.00139806 
-2.06667 -1.13333 0.00256814 
-2.06667 -1.06667 0.00470752 
-2.06667 -1 0.00860435 
-2.06667 -0.933333 0.0156658 
-2.06667 -0.866667 0.028373 
-2.06667 -0.8 0.0510242 
-2.06667 -0.733333 0.0908872 
-2.06667 -0.666667 0.159838 
-2.06667 -0.6 0.276358 
-2.06667 -0.533333 0.467242 
-2.06667 -0.466667 0.767358 
-2.06667 -0.4 1.21475 
-2.06667 -0.333333 1.83888 
-2.06667 -0.266667 2.64537 
-2.06667 -0.2 3.61178 
-2.06667 -0.133333 4.70884 
-2.06667 -0.0666667 5.92087 
-2.06667 -4.16334e-16 7.20757 
-2.06667 0.0666667 8.4887 
-2.06667 0.133333 9.76111 
-2.06667 0.2 11.0051 
-2.06667 0.266667 12.2206 
-2.06667 0.333333 13.7217 
-2.06667 0.4 15.6055 
-2.06667 0.466667 17.8822 
-2.06667 0.533333 20.0672 
-2.06667 0.6 21.5831 
-2.06667 0.666667 22.2019 
-2.06667 0.733333 21.8898 
-2.06667 0.8 21.0746 
-2.06667 0.866667 19.9156 
-2.06667 0.933333 19.869 
-2.06667 1 21.2088 
-2.06667 1.06667 23.6034 
-2.06667 1.13333 27.285 
-2.06667 1.2 28.3655 
-2.06667 1.26667 28.2991 
-2.06667 1.33333 25.1813 
-2.06667 1.4 22.678 
-2.06667 1.46667 20.9796 
-2.06667 1.53333 18.5307 
-2.06667 1.6 17.7765 
-2.06667 1.66667 13.304 
-2.06667 1.73333 11.7085 
-2.06667 1.8 8.93881 
-2.06667 1.86667 6.95086 
-2.06667 1.93333 5.05158 
-2.06667 2 6.56221 
-2 -2 1.21844e-06 
-2 -1.93333 2.25132e-06 
-2 -1.86667 4.15938e-06 
-2 -1.8 7.68366e-06 
-2 -1.73333 1.41931e-05 
-2 -1.66667 2.62137e-05 
-2 -1.6 4.84055e-05 
-2 -1.53333 8.93621e-05 
-2 -1.46667 0.000164917 
-2 -1.4 0.000304213 
-2 -1.33333 0.000560815 
-2 -1.26667 0.00103298 
-2 -1.2 0.0019005 
-2 -1.13333 0.00349113 
-2 -1.06667 0.00639946 
-2 -1 0.011697 
-2 -0.933333 0.021297 
-2 -0.866667 0.0385728 
-2 -0.8 0.069369 
-2 -0.733333 0.123569 
-2 -0.666667 0.217324 
-2 -0.6 0.375776 
-2 -0.533333 0.635375 
-2 -0.466667 1.04357 
-2 -0.4 1.65214 
-2 -0.333333 2.50117 
-2 -0.266667 3.59833 
-2 -0.2 4.91308 
-2 -0.133333 6.40565 
-2 -0.0666667 8.05475 
-2 -4.16334e-16 9.80553 
-2 0.0666667 11.5488 
-2 0.133333 13.2803 
-2 0.2 14.973 
-2 0.266667 16.6272 
-2 0.333333 18.6702 
-2 0.4 21.2347 
-2 0.466667 24.3348 
-2 0.533333 27.311 
-2 0.6 29.3774 
-2 0.666667 30.2234 
-2 0.733333 29.8023 
-2 0.8 28.6955 
-2 0.866667 27.1203 
-2 0.933333 27.0576 
-2 1 28.8821 
-2 1.06667 32.1414 
-2 1.13333 37.1526 
-2 1.2 38.6211 
-2 1.26667 38.5266 
-2 1.33333 34.2798 
-2 1.4 30.8699 
-2 1.46667 28.5573 
-2 1.53333 25.225 
-2 1.6 24.1989 
-2 1.66667 18.1104 
-2 1.73333 15.9387 
-2 1.8 12.169 
-2 1.86667 9.46302 
-2 1.93333 6.87709 
-2 2 8.93174 
-1.93333 -2 1.6564e-06 
-1.93333 -1.93333 3.06035e-06 
-1.93333 -1.86667 5.654e-06 
-1.93333 -1.8 1.04451e-05 
-1.93333 -1.73333 1.92937e-05 
-1.93333 -1.66667 3.56339e-05 
-1.93333 -1.6 6.58007e-05 
-1.93333 -1.53333 0.000121476 
-1.93333 -1.46667 0.000224183 
-1.93333 -1.4 0.000413538 
-1.93333 -1.33333 0.000762358 
-1.93333 -1.26667 0.00140422 
-1.93333 -1.2 0.00258353 
-1.93333 -1.13333 0.00474585 
-1.93333 -1.06667 0.00869955 
-1.93333 -1 0.0159014 
-1.93333 -0.933333 0.0289527 
-1.93333 -0.866667 0.0524401 
-1.93333 -0.8 0.0943114 
-1.93333 -0.733333 0.168007 
-1.93333 -0.666667 0.295497 
-1.93333 -0.6 0.510982 
-1.93333 -0.533333 0.86406 
-1.93333 -0.466667 1.4193 
-1.93333 -0.4 2.2472 
-1.93333 -0.333333 3.40233 
-1.93333 -0.266667 4.89512 
-1.93333 -0.2 6.684 
-1.93333 -0.133333 8.71495 
-1.93333 -0.0666667 10.9591 
-1.93333 -4.16334e-16 13.3417 
-1.93333 0.0666667 15.7143 
-1.93333 0.133333 18.0707 
-1.93333 0.2 20.3746 
-1.93333 0.266667 22.6261 
-1.93333 0.333333 25.4075 
-1.93333 0.4 28.8994 
-1.93333 0.466667 33.1219 
-1.93333 0.533333 37.1771 
-1.93333 0.6 39.995 
-1.93333 0.666667 41.1527 
-1.93333 0.733333 40.5855 
-1.93333 0.8 39.0831 
-1.93333 0.866667 36.9422 
-1.93333 0.933333 36.8582 
-1.93333 1 39.3434 
-1.93333 1.06667 43.7806 
-1.93333 1.13333 50.6031 
-1.93333 1.2 52.5988 
-1.93333 1.26667 52.4637 
-1.93333 1.33333 46.6771 
-1.93333 1.4 42.0307 
-1.93333 1.46667 38.8809 
-1.93333 1.53333 34.3456 
-1.93333 1.6 32.9494 
-1.93333 1.66667 24.659 
-1.93333 1.73333 21.7026 
-1.93333 1.8 16.5705 
-1.93333 1.86667 12.8864 
-1.93333 1.93333 9.36461 
-1.93333 2 12.1595 
-1.86667 -2 2.25166e-06 
-1.86667 -1.93333 4.16021e-06 
-1.86667 -1.86667 7.68589e-06 
-1.86667 -1.8 1.41985e-05 
-1.86667 -1.73333 2.62272e-05 
-1.86667 -1.66667 4.84393e-05 
-1.86667 -1.6 8.9447e-05 
-1.86667 -1.53333 0.00016513 
-1.86667 -1.46667 0.000304747 
-1.86667 -1.4 0.000562153 
-1.86667 -1.33333 0.00103633 
-1.86667 -1.26667 0.00190888 
-1.86667 -1.2 0.00351204 
-1.86667 -1.13333 0.00645156 
-1.86667 -1.06667 0.0118264 
-1.86667 -1 0.0216172 
-1.86667 -0.933333 0.0393609 
-1.86667 -0.866667 0.0712942 
-1.86667 -0.8 0.128225 
-1.86667 -0.733333 0.228435 
-1.86667 -0.666667 0.401806 
-1.86667 -0.6 0.694875 
-1.86667 -0.533333 1.17514 
-1.86667 -0.466667 1.93049 
-1.86667 -0.4 3.0569 
-1.86667 -0.333333 4.6287 
-1.86667 -0.266667 6.66008 
-1.86667 -0.2 9.09448 
-1.86667 -0.133333 11.8585 
-1.86667 -0.0666667 14.9129 
-1.86667 -4.16334e-16 18.156 
-1.86667 0.0666667 21.3856 
-1.86667 0.133333 24.5934 
-1.86667 0.2 27.7297 
-1.86667 0.266667 30.7949 
-1.86667 0.333333 34.5822 
-1.86667 0.4 39.3385 
-1.86667 0.466667 45.0915 
-1.86667 0.533333 50.6191 
-1.86667 0.6 54.4639 
-1.86667 0.666667 56.0499 
-1.86667 0.733333 55.2871 
-1.86667 0.8 53.2482 
-1.86667 0.866667 50.3385 
-1.86667 0.933333 50.2263 
-1.86667 1 53.6128 
-1.86667 1.06667 59.6549 
-1.86667 1.13333 68.9458 
-1.86667 1.2 71.6578 
-1.86667 1.26667 71.4636 
-1.86667 1.33333 63.5758 
-1.86667 1.4 57.242 
-1.86667 1.46667 52.9505 
-1.86667 1.53333 46.7766 
-1.86667 1.6 44.8765 
-1.86667 1.66667 33.5847 
-1.86667 1.73333 29.559 
-1.86667 1.8 22.5705 
-1.86667 1.86667 17.5534 
-1.86667 1.93333 12.7556 
-1.86667 2 16.5577 
-1.8 -2 3.06081e-06 
-1.8 -1.93333 5.65523e-06 
-1.8 -1.86667 1.04479e-05 
-1.8 -1.8 1.93009e-05 
-1.8 -1.73333 3.56521e-05 
-1.8 -1.66667 6.58466e-05 
-1.8 -1.6 0.000121591 
-1.8 -1.53333 0.000224472 
-1.8 -1.46667 0.000414264 
-1.8 -1.4 0.000764177 
-1.8 -1.33333 0.00140877 
-1.8 -1.26667 0.00259491 
-1.8 -1.2 0.00477428 
-1.8 -1.13333 0.00877038 
-1.8 -1.06667 0.0160774 
-1.8 -1 0.0293881 
-1.8 -0.933333 0.0535116 
-1.8 -0.866667 0.096929 
-1.8 -0.8 0.174339 
-1.8 -0.733333 0.310607 
-1.8 -0.666667 0.546389 
-1.8 -0.6 0.945007 
-1.8 -0.533333 1.59833 
-1.8 -0.466667 2.62604 
-1.8 -0.4 4.15884 
-1.8 -0.333333 6.29797 
-1.8 -0.266667 9.06276 
-1.8 -0.2 12.3762 
-1.8 -0.133333 16.1385 
-1.8 -0.0666667 20.2966 
-1.8 -4.16334e-16 24.7119 
-1.8 0.0666667 29.1093 
-1.8 0.133333 33.4769 
-1.8 0.2 37.7475 
-1.8 0.266667 41.9214 
-1.8 0.333333 47.0801 
-1.8 0.4 53.5605 
-1.8 0.466667 61.402 
-1.8 0.533333 68.9399 
-1.8 0.6 74.1891 
-1.8 0.666667 76.3647 
-1.8 0.733333 75.3409 
-1.8 0.8 72.5748 
-1.8 0.866667 68.6205 
-1.8 0.933333 68.471 
-1.8 1 73.0874 
-1.8 1.06667 81.3174 
-1.8 1.13333 93.9736 
-1.8 1.2 97.6588 
-1.8 1.26667 97.3779 
-1.8 1.33333 86.621 
-1.8 1.4 77.9827 
-1.8 1.46667 72.1337 
-1.8 1.53333 63.7273 
-1.8 1.6 61.1408 
-1.8 1.66667 45.756 
-1.8 1.73333 40.2726 
-1.8 1.8 30.7534 
-1.8 1.86667 23.9188 
-1.8 1.93333 17.3803 
-1.8 2 22.5534 
-1.73333 -2 4.16067e-06 
-1.73333 -1.93333 7.68747e-06 
-1.73333 -1.86667 1.42025e-05 
-1.73333 -1.8 2.6237e-05 
-1.73333 -1.73333 4.84642e-05 
-1.73333 -1.66667 8.95095e-05 
-1.73333 -1.6 0.000165287 
-1.73333 -1.53333 0.00030514 
-1.73333 -1.46667 0.000563139 
-1.73333 -1.4 0.00103881 
-1.73333 -1.33333 0.00191507 
-1.73333 -1.26667 0.00352752 
-1.73333 -1.2 0.00649021 
-1.73333 -1.13333 0.0119227 
-1.73333 -1.06667 0.0218565 
-1.73333 -1 0.0399528 
-1.73333 -0.933333 0.0727511 
-1.73333 -0.866667 0.131785 
-1.73333 -0.8 0.237045 
-1.73333 -0.733333 0.422358 
-1.73333 -0.666667 0.743041 
-1.73333 -0.6 1.28528 
-1.73333 -0.533333 2.17414 
-1.73333 -0.466667 3.57262 
-1.73333 -0.4 5.65878 
-1.73333 -0.333333 8.57059 
-1.73333 -0.266667 12.3344 
-1.73333 -0.2 16.8452 
-1.73333 -0.133333 21.9677 
-1.73333 -0.0666667 27.6297 
-1.73333 -4.16334e-16 33.6424 
-1.73333 0.0666667 39.6313 
-1.73333 0.133333 45.5799 
-1.73333 0.2 51.3965 
-1.73333 0.266667 57.0819 
-1.73333 0.333333 64.1109 
-1.73333 0.4 72.9438 
-1.73333 0.466667 83.6366 
-1.73333 0.533333 93.9216 
-1.73333 0.6 101.093 
-1.73333 0.666667 104.082 
-1.73333 0.733333 102.711 
-1.73333 0.8 98.9599 
-1.73333 0.866667 93.5862 
-1.73333 0.933333 93.3879 
-1.73333 1 99.6839 
-1.73333 1.06667 110.898 
-1.73333 1.13333 128.144 
-1.73333 1.2 133.152 
-1.73333 1.26667 132.743 
-1.73333 1.33333 118.065 
-1.73333 1.4 106.278 
-1.73333 1.46667 98.302 
-1.73333 1.53333 86.8527 
-1.73333 1.6 83.3312 
-1.73333 1.66667 62.3615 
-1.73333 1.73333 54.8902 
-1.73333 1.8 41.9196 
-1.73333 1.86667 32.6058 
-1.73333 1.93333 23.6912 
-1.73333 2 30.7306 
-1.66667 -2 5.65604e-06 
-1.66667 -1.93333 1.04501e-05 
-1.66667 -1.86667 1.93063e-05 
-1.66667 -1.8 3.56656e-05 
-1.66667 -1.73333 6.58805e-05 
-1.66667 -1.66667 0.000121676 
-1.66667 -1.6 0.000224685 
-1.66667 -1.53333 0.000414799 
-1.66667 -1.46667 0.000765518 
-1.66667 -1.4 0.00141213 
-1.66667 -1.33333 0.00260333 
-1.66667 -1.26667 0.00479532 
-1.66667 -1.2 0.00882292 
-1.66667 -1.13333 0.0162083 
-1.66667 -1.06667 0.0297133 
-1.66667 -1 0.0543164 
-1.66667 -0.933333 0.09891 
-1.66667 -0.866667 0.17918 
-1.66667 -0.8 0.322319 
-1.66667 -0.733333 0.574346 
-1.66667 -0.666667 1.01054 
-1.66667 -0.6 1.74822 
-1.66667 -0.533333 2.95771 
-1.66667 -0.466667 4.86106 
-1.66667 -0.4 7.70095 
-1.66667 -0.333333 11.6654 
-1.66667 -0.266667 16.7904 
-1.66667 -0.2 22.933 
-1.66667 -0.133333 29.9091 
-1.66667 -0.0666667 37.6211 
-1.66667 -4.16334e-16 45.8118 
-1.66667 0.0666667 53.9708 
-1.66667 0.133333 62.0751 
-1.66667 0.2 70.0001 
-1.66667 0.266667 77.7469 
-1.66667 0.333333 87.328 
-1.66667 0.4 99.373 
-1.66667 0.466667 113.962 
-1.66667 0.533333 128.003 
-1.66667 0.6 137.81 
-1.66667 0.666667 141.923 
-1.66667 0.733333 140.093 
-1.66667 0.8 135.008 
-1.66667 0.866667 127.706 
-1.66667 0.933333 127.444 
-1.66667 1 136.035 
-1.66667 1.06667 151.321 
-1.66667 1.13333 174.833 
-1.66667 1.2 181.635 
-1.66667 1.26667 181.036 
-1.66667 1.33333 160.996 
-1.66667 1.4 144.901 
-1.66667 1.46667 134.02 
-1.66667 1.53333 118.421 
-1.66667 1.6 113.626 
-1.66667 1.66667 85.0306 
-1.66667 1.73333 74.8468 
-1.66667 1.8 57.1662 
-1.66667 1.86667 44.4687 
-1.66667 1.93333 32.3085 
-1.66667 2 41.8893 
-1.6 -2 7.68858e-06 
-1.6 -1.93333 1.42053e-05 
-1.6 -1.86667 2.62443e-05 
-1.6 -1.8 4.84825e-05 
-1.6 -1.73333 8.95556e-05 
-1.6 -1.66667 0.000165402 
-1.6 -1.6 0.00030543 
-1.6 -1.53333 0.000563866 
-1.6 -1.46667 0.00104063 
-1.6 -1.4 0.00191964 
-1.6 -1.33333 0.00353895 
-1.6 -1.26667 0.00651881 
-1.6 -1.2 0.0119942 
-1.6 -1.13333 0.0220345 
-1.6 -1.06667 0.040395 
-1.6 -1 0.0738454 
-1.6 -0.933333 0.134478 
-1.6 -0.866667 0.243628 
-1.6 -0.8 0.438288 
-1.6 -0.733333 0.781073 
-1.6 -0.666667 1.37445 
-1.6 -0.6 2.37815 
-1.6 -0.533333 4.0242 
-1.6 -0.466667 6.61522 
-1.6 -0.4 10.4821 
-1.6 -0.333333 15.8812 
-1.6 -0.266667 22.8616 
-1.6 -0.2 31.2287 
-1.6 -0.133333 40.7322 
-1.6 -0.0666667 51.24 
-1.6 -4.16334e-16 62.4014 
-1.6 0.0666667 73.5211 
-1.6 0.133333 84.5665 
-1.6 0.2 95.3683 
-1.6 0.266667 105.928 
-1.6 0.333333 118.994 
-1.6 0.4 135.428 
-1.6 0.466667 155.344 
-1.6 0.533333 174.528 
-1.6 0.6 187.952 
-1.6 0.666667 193.621 
-1.6 0.733333 191.188 
-1.6 0.8 184.298 
-1.6 0.866667 174.377 
-1.6 0.933333 174.034 
-1.6 1 185.765 
-1.6 1.06667 206.611 
-1.6 1.13333 238.679 
-1.6 1.2 247.92 
-1.6 1.26667 247.036 
-1.6 1.33333 219.654 
-1.6 1.4 197.661 
-1.6 1.46667 182.807 
-1.6 1.53333 161.547 
-1.6 1.6 155.013 
-1.6 1.66667 116 
-1.6 1.73333 102.112 
-1.6 1.8 78.0003 
-1.6 1.86667 60.6813 
-1.6 1.93333 44.084 
-1.6 2 57.1261 
-1.53333 -2 1.04517e-05 
-1.53333 -1.93333 1.93104e-05 
-1.53333 -1.86667 3.56756e-05 
-1.53333 -1.8 6.59054e-05 
-1.53333 -1.73333 0.000121739 
-1.53333 -1.66667 0.000224842 
-1.53333 -1.6 0.000415193 
-1.53333 -1.53333 0.000766506 
-1.53333 -1.46667 0.00141461 
-1.53333 -1.4 0.00260954 
-1.53333 -1.33333 0.00481087 
-1.53333 -1.26667 0.00886181 
-1.53333 -1.2 0.0163054 
-1.53333 -1.13333 0.0299553 
-1.53333 -1.06667 0.0549177 
-1.53333 -1 0.100398 
-1.53333 -0.933333 0.182843 
-1.53333 -0.866667 0.331272 
-1.53333 -0.8 0.596014 
-1.53333 -0.733333 1.06229 
-1.53333 -0.666667 1.86958 
-1.53333 -0.6 3.23545 
-1.53333 -0.533333 5.47608 
-1.53333 -0.466667 9.00406 
-1.53333 -0.4 14.2707 
-1.53333 -0.333333 21.6261 
-1.53333 -0.266667 31.1368 
-1.53333 -0.2 42.5377 
-1.53333 -0.133333 55.489 
-1.53333 -0.0666667 69.812 
-1.53333 -4.16334e-16 85.0278 
-1.53333 0.0666667 100.189 
-1.53333 0.133333 115.25 
-1.53333 0.2 129.979 
-1.53333 0.266667 144.38 
-1.53333 0.333333 162.208 
-1.53333 0.4 184.643 
-1.53333 0.466667 211.851 
-1.53333 0.533333 238.085 
-1.53333 0.6 256.479 
-1.53333 0.666667 264.314 
-1.53333 0.733333 261.093 
-1.53333 0.8 251.763 
-1.53333 0.866667 238.285 
-1.53333 0.933333 237.839 
-1.53333 1 253.87 
-1.53333 1.06667 282.314 
-1.53333 1.13333 326.076 
-1.53333 1.2 338.627 
-1.53333 1.26667 337.316 
-1.53333 1.33333 299.869 
-1.53333 1.4 269.789 
-1.53333 1.46667 249.497 
-1.53333 1.53333 220.508 
-1.53333 1.6 211.605 
-1.53333 1.66667 158.344 
-1.53333 1.73333 139.395 
-1.53333 1.8 106.494 
-1.53333 1.86667 82.8583 
-1.53333 1.93333 60.1895 
-1.53333 2 77.9476 
-1.46667 -2 1.42075e-05 
-1.46667 -1.93333 2.62498e-05 
-1.46667 -1.86667 4.8496e-05 
-1.46667 -1.8 8.95894e-05 
-1.46667 -1.73333 0.000165487 
-1.46667 -1.66667 0.000305644 
-1.46667 -1.6 0.000564402 
-1.46667 -1.53333 0.00104197 
-1.46667 -1.46667 0.001923 
-1.46667 -1.4 0.0035474 
-1.46667 -1.33333 0.00653995 
-1.46667 -1.26667 0.012047 
-1.46667 -1.2 0.0221665 
-1.46667 -1.13333 0.040724 
-1.46667 -1.06667 0.0746629 
-1.46667 -1 0.136502 
-1.46667 -0.933333 0.24861 
-1.46667 -0.866667 0.450466 
-1.46667 -0.8 0.810552 
-1.46667 -0.733333 1.44486 
-1.46667 -0.666667 2.54335 
-1.46667 -0.6 4.40241 
-1.46667 -0.533333 7.45309 
-1.46667 -0.466667 12.2582 
-1.46667 -0.4 19.4338 
-1.46667 -0.333333 29.4578 
-1.46667 -0.266667 42.4211 
-1.46667 -0.2 57.9623 
-1.46667 -0.133333 75.6198 
-1.46667 -0.0666667 95.1519 
-1.46667 -4.16334e-16 115.905 
-1.46667 0.0666667 136.588 
-1.46667 0.133333 157.133 
-1.46667 0.2 177.229 
-1.46667 0.266667 196.879 
-1.46667 0.333333 221.219 
-1.46667 0.4 251.87 
-1.46667 0.466667 289.072 
-1.46667 0.533333 324.98 
-1.46667 0.6 350.221 
-1.46667 0.666667 361.075 
-1.46667 0.733333 356.836 
-1.46667 0.8 344.213 
-1.46667 0.866667 325.904 
-1.46667 0.933333 325.332 
-1.46667 1 347.258 
-1.46667 1.06667 386.094 
-1.46667 1.13333 445.855 
-1.46667 1.2 462.899 
-1.46667 1.26667 460.937 
-1.46667 1.33333 409.675 
-1.46667 1.4 368.492 
-1.46667 1.46667 340.748 
-1.46667 1.53333 301.201 
-1.46667 1.6 289.061 
-1.46667 1.66667 216.297 
-1.46667 1.73333 190.427 
-1.46667 1.8 145.505 
-1.46667 1.86667 113.226 
-1.46667 1.93333 82.2397 
-1.46667 2 106.426 
-1.4 -2 1.93133e-05 
-1.4 -1.93333 3.56829e-05 
-1.4 -1.86667 6.59237e-05 
-1.4 -1.8 0.000121785 
-1.4 -1.73333 0.000224958 
-1.4 -1.66667 0.000415483 
-1.4 -1.6 0.000767234 
-1.4 -1.53333 0.00141644 
-1.4 -1.46667 0.00261412 
-1.4 -1.4 0.00482234 
-1.4 -1.33333 0.00889055 
-1.4 -1.26667 0.0163773 
-1.4 -1.2 0.0301348 
-1.4 -1.13333 0.055365 
-1.4 -1.06667 0.10151 
-1.4 -1 0.185595 
-1.4 -0.933333 0.338048 
-1.4 -0.866667 0.61258 
-1.4 -0.8 1.10239 
-1.4 -0.733333 1.96542 
-1.4 -0.666667 3.46037 
-1.4 -0.6 5.99126 
-1.4 -0.533333 10.1459 
-1.4 -0.466667 16.6927 
-1.4 -0.4 26.4729 
-1.4 -0.333333 40.1396 
-1.4 -0.266667 57.8171 
-1.4 -0.2 79.0121 
-1.4 -0.133333 103.098 
-1.4 -0.0666667 129.748 
-1.4 -4.16334e-16 158.07 
-1.4 0.0666667 186.301 
-1.4 0.133333 214.347 
-1.4 0.2 241.781 
-1.4 0.266667 268.611 
-1.4 0.333333 301.867 
-1.4 0.4 343.777 
-1.4 0.466667 394.694 
-1.4 0.533333 443.901 
-1.4 0.6 478.59 
-1.4 0.666667 493.673 
-1.4 0.733333 488.134 
-1.4 0.8 471.073 
-1.4 0.866667 446.208 
-1.4 0.933333 445.484 
-1.4 1 475.504 
-1.4 1.06667 528.569 
-1.4 1.13333 610.241 
-1.4 1.2 633.38 
-1.4 1.26667 630.424 
-1.4 1.33333 560.166 
-1.4 1.4 503.713 
-1.4 1.46667 465.743 
-1.4 1.53333 411.759 
-1.4 1.6 395.199 
-1.4 1.66667 295.704 
-1.4 1.73333 260.358 
-1.4 1.8 198.978 
-1.4 1.86667 154.861 
-1.4 1.93333 112.466 
-1.4 2 145.416 
-1.33333 -2 2.62537e-05 
-1.33333 -1.93333 4.8506e-05 
-1.33333 -1.86667 8.96142e-05 
-1.33333 -1.8 0.00016555 
-1.33333 -1.73333 0.000305801 
-1.33333 -1.66667 0.000564796 
-1.33333 -1.6 0.00104296 
-1.33333 -1.53333 0.00192549 
-1.33333 -1.46667 0.00355362 
-1.33333 -1.4 0.00655555 
-1.33333 -1.33333 0.0120861 
-1.33333 -1.26667 0.0222642 
-1.33333 -1.2 0.0409681 
-1.33333 -1.13333 0.0752711 
-1.33333 -1.06667 0.138014 
-1.33333 -1 0.252353 
-1.33333 -0.933333 0.459682 
-1.33333 -0.866667 0.83309 
-1.33333 -0.8 1.49945 
-1.33333 -0.733333 2.67381 
-1.33333 -0.666667 4.70874 
-1.33333 -0.6 8.15509 
-1.33333 -0.533333 13.8151 
-1.33333 -0.466667 22.7381 
-1.33333 -0.4 36.0745 
-1.33333 -0.333333 54.7172 
-1.33333 -0.266667 78.8361 
-1.33333 -0.2 107.758 
-1.33333 -0.133333 140.632 
-1.33333 -0.0666667 177.018 
-1.33333 -4.16334e-16 215.694 
-1.33333 0.0666667 254.256 
-1.33333 0.133333 292.567 
-1.33333 0.2 330.047 
-1.33333 0.266667 366.706 
-1.33333 0.333333 412.183 
-1.33333 0.4 469.545 
-1.33333 0.466667 539.313 
-1.33333 0.533333 606.838 
-1.33333 0.6 654.598 
-1.33333 0.666667 675.629 
-1.33333 0.733333 668.464 
-1.33333 0.8 645.43 
-1.33333 0.866667 611.67 
-1.33333 0.933333 610.774 
-1.33333 1 651.928 
-1.33333 1.06667 724.498 
-1.33333 1.13333 836.217 
-1.33333 1.2 867.619 
-1.33333 1.26667 863.136 
-1.33333 1.33333 766.705 
-1.33333 1.4 689.209 
-1.33333 1.46667 637.184 
-1.33333 1.53333 563.441 
-1.33333 1.6 540.838 
-1.33333 1.66667 404.656 
-1.33333 1.73333 356.322 
-1.33333 1.8 272.379 
-1.33333 1.86667 212.028 
-1.33333 1.93333 153.958 
-1.33333 2 198.865 
-1.26667 -2 3.56882e-05 
-1.26667 -1.93333 6.59372e-05 
-1.26667 -1.86667 0.000121818 
-1.26667 -1.8 0.000225043 
-1.26667 -1.73333 0.000415696 
-1.26667 -1.66667 0.00076777 
-1.26667 -1.6 0.00141778 
-1.26667 -1.53333 0.00261749 
-1.26667 -1.46667 0.00483081 
-1.26667 -1.4 0.00891176 
-1.26667 -1.33333 0.0164304 
-1.26667 -1.26667 0.0302676 
-1.26667 -1.2 0.0556968 
-1.26667 -1.13333 0.102337 
-1.26667 -1.06667 0.18765 
-1.26667 -1 0.343137 
-1.26667 -0.933333 0.625117 
-1.26667 -0.866667 1.13306 
-1.26667 -0.8 2.03971 
-1.26667 -0.733333 3.63802 
-1.26667 -0.666667 6.40859 
-1.26667 -0.6 11.1029 
-1.26667 -0.533333 18.8165 
-1.26667 -0.466667 30.9839 
-1.26667 -0.4 49.1791 
-1.26667 -0.333333 74.6248 
-1.26667 -0.266667 107.553 
-1.26667 -0.2 147.044 
-1.26667 -0.133333 191.944 
-1.26667 -0.0666667 241.659 
-1.26667 -4.16334e-16 294.518 
-1.26667 0.0666667 347.236 
-1.26667 0.133333 399.612 
-1.26667 0.2 450.859 
-1.26667 0.266667 500.994 
-1.26667 0.333333 563.245 
-1.26667 0.4 641.847 
-1.26667 0.466667 737.574 
-1.26667 0.533333 830.382 
-1.26667 0.6 896.281 
-1.26667 0.666667 925.724 
-1.26667 0.733333 916.572 
-1.26667 0.8 885.521 
-1.26667 0.866667 839.701 
-1.26667 0.933333 838.628 
-1.26667 1 895.127 
-1.26667 1.06667 994.475 
-1.26667 1.13333 1147.46 
-1.26667 1.2 1190.06 
-1.26667 1.26667 1183.2 
-1.26667 1.33333 1050.63 
-1.26667 1.4 944.071 
-1.26667 1.46667 872.69 
-1.26667 1.53333 771.873 
-1.26667 1.6 741 
-1.26667 1.66667 554.382 
-1.26667 1.73333 488.22 
-1.26667 1.8 373.303 
-1.26667 1.86667 290.653 
-1.26667 1.93333 211.01 
-1.26667 2 272.238 
-1.2 -2 4.85132e-05 
-1.2 -1.93333 8.96326e-05 
-1.2 -1.86667 0.000165596 
-1.2 -1.8 0.000305916 
-1.2 -1.73333 0.000565086 
-1.2 -1.66667 0.00104369 
-1.2 -1.6 0.00192732 
-1.2 -1.53333 0.00355821 
-1.2 -1.46667 0.00656706 
-1.2 -1.4 0.0121149 
-1.2 -1.33333 0.0223364 
-1.2 -1.26667 0.0411487 
-1.2 -1.2 0.0757223 
-1.2 -1.13333 0.139138 
-1.2 -1.06667 0.255148 
-1.2 -1 0.466605 
-1.2 -0.933333 0.850147 
-1.2 -0.866667 1.54118 
-1.2 -0.8 2.77496 
-1.2 -0.733333 4.95071 
-1.2 -0.666667 8.72384 
-1.2 -0.6 15.1202 
-1.2 -0.533333 25.6371 
-1.2 -0.466667 42.2374 
-1.2 -0.4 67.0773 
-1.2 -0.333333 101.833 
-1.2 -0.266667 146.822 
-1.2 -0.2 200.787 
-1.2 -0.133333 262.161 
-1.2 -0.0666667 330.149 
-1.2 -4.16334e-16 402.458 
-1.2 0.0666667 474.597 
-1.2 0.133333 546.274 
-1.2 0.2 616.415 
-1.2 0.266667 685.049 
-1.2 0.333333 770.363 
-1.2 0.4 878.217 
-1.2 0.466667 1009.77 
-1.2 0.533333 1137.57 
-1.2 0.6 1228.72 
-1.2 0.666667 1270.13 
-1.2 0.733333 1258.64 
-1.2 0.8 1216.87 
-1.2 0.866667 1154.71 
-1.2 0.933333 1153.49 
-1.2 1 1231.19 
-1.2 1.06667 1367.36 
-1.2 1.13333 1577.11 
-1.2 1.2 1634.86 
-1.2 1.26667 1624.32 
-1.2 1.33333 1441.7 
-1.2 1.4 1294.88 
-1.2 1.46667 1196.79 
-1.2 1.53333 1058.82 
-1.2 1.6 1016.62 
-1.2 1.66667 760.527 
-1.2 1.73333 669.854 
-1.2 1.8 512.342 
-1.2 1.86667 399.011 
-1.2 1.93333 289.613 
-1.2 2 373.133 
-1.13333 -2 6.59472e-05 
-1.13333 -1.93333 0.000121843 
-1.13333 -1.86667 0.000225106 
-1.13333 -1.8 0.000415854 
-1.13333 -1.73333 0.000768165 
-1.13333 -1.66667 0.00141877 
-1.13333 -1.6 0.00261998 
-1.13333 -1.53333 0.00483705 
-1.13333 -1.46667 0.0089274 
-1.13333 -1.4 0.0164696 
-1.13333 -1.33333 0.0303658 
-1.13333 -1.26667 0.0559424 
-1.13333 -1.2 0.10295 
-1.13333 -1.13333 0.18918 
-1.13333 -1.06667 0.34694 
-1.13333 -1 0.634535 
-1.13333 -0.933333 1.15627 
-1.13333 -0.866667 2.09651 
-1.13333 -0.8 3.77575 
-1.13333 -0.733333 6.73826 
-1.13333 -0.666667 11.8784 
-1.13333 -0.6 20.5975 
-1.13333 -0.533333 34.9438 
-1.13333 -0.466667 57.6061 
-1.13333 -0.4 91.5425 
-1.13333 -0.333333 139.054 
-1.13333 -0.266667 200.576 
-1.13333 -0.2 274.386 
-1.13333 -0.133333 358.361 
-1.13333 -0.0666667 451.435 
-1.13333 -4.16334e-16 550.459 
-1.13333 0.0666667 649.29 
-1.13333 0.133333 747.492 
-1.13333 0.2 843.608 
-1.13333 0.266667 937.679 
-1.13333 0.333333 1054.76 
-1.13333 0.4 1202.99 
-1.13333 0.466667 1384.12 
-1.13333 0.533333 1560.49 
-1.13333 0.6 1686.94 
-1.13333 0.666667 1745.47 
-1.13333 0.733333 1731.43 
-1.13333 0.8 1675.36 
-1.13333 0.866667 1591.09 
-1.13333 0.933333 1589.83 
-1.13333 1 1696.9 
-1.13333 1.06667 1883.81 
-1.13333 1.13333 2171.81 
-1.13333 1.2 2250.06 
-1.13333 1.26667 2233.71 
-1.13333 1.33333 1981.59 
-1.13333 1.4 1778.81 
-1.13333 1.46667 1643.75 
-1.13333 1.53333 1454.74 
-1.13333 1.6 1396.98 
-1.13333 1.66667 1044.98 
-1.13333 1.73333 920.537 
-1.13333 1.8 704.335 
-1.13333 1.86667 548.699 
-1.13333 1.93333 398.156 
-1.13333 2 512.146 
-1.06667 -2 8.96461e-05 
-1.06667 -1.93333 0.00016563 
-1.06667 -1.86667 0.000306001 
-1.06667 -1.8 0.0005653 
-1.06667 -1.73333 0.00104423 
-1.06667 -1.66667 0.00192866 
-1.06667 -1.6 0.00356159 
-1.06667 -1.53333 0.00657554 
-1.06667 -1.46667 0.0121362 
-1.06667 -1.4 0.0223897 
-1.06667 -1.33333 0.0412822 
-1.06667 -1.26667 0.0760562 
-1.06667 -1.2 0.139972 
-1.06667 -1.13333 0.257228 
-1.06667 -1.06667 0.471777 
-1.06667 -1 0.86296 
-1.06667 -0.933333 1.57277 
-1.06667 -0.866667 2.85229 
-1.06667 -0.8 5.13831 
-1.06667 -0.733333 9.1732 
-1.06667 -0.666667 16.1781 
-1.06667 -0.6 28.0691 
-1.06667 -0.533333 47.6508 
-1.06667 -0.466667 78.6119 
-1.06667 -0.4 125.017 
-1.06667 -0.333333 190.03 
-1.06667 -0.266667 274.247 
-1.06667 -0.2 375.31 
-1.06667 -0.133333 490.341 
-1.06667 -0.0666667 617.913 
-1.06667 -4.16334e-16 753.7 
-1.06667 0.0666667 889.282 
-1.06667 0.133333 1024.01 
-1.06667 0.2 1155.9 
-1.06667 0.266667 1285.02 
-1.06667 0.333333 1445.97 
-1.06667 0.4 1650.07 
-1.06667 0.466667 1900 
-1.06667 0.533333 2144.03 
-1.06667 0.6 2320.05 
-1.06667 0.666667 2403.28 
-1.06667 0.733333 2386.78 
-1.06667 0.8 2311.77 
-1.06667 0.866667 2197.61 
-1.06667 0.933333 2196.57 
-1.06667 1 2344.47 
-1.06667 1.06667 2601.47 
-1.06667 1.13333 2997.61 
-1.06667 1.2 3103.51 
-1.06667 1.26667 3077.96 
-1.06667 1.33333 2728.92 
-1.06667 1.4 2448.09 
-1.06667 1.46667 2261.71 
-1.06667 1.53333 2002.42 
-1.06667 1.6 1923.28 
-1.06667 1.66667 1438.49 
-1.06667 1.73333 1267.43 
-1.06667 1.8 970.172 
-1.06667 1.86667 756.061 
-1.06667 1.93333 548.455 
-1.06667 2 704.128 
-1 -2 0.000121862 
-1 -1.93333 0.000225152 
-1 -1.86667 0.000415969 
-1 -1.8 0.000768455 
-1 -1.73333 0.0014195 
-1 -1.66667 0.00262181 
-1 -1.6 0.00484164 
-1 -1.53333 0.00893893 
-1 -1.46667 0.0164985 
-1 -1.4 0.0304383 
-1 -1.33333 0.0561239 
-1 -1.26667 0.103404 
-1 -1.2 0.190314 
-1 -1.13333 0.349769 
-1 -1.06667 0.641571 
-1 -1 1.17371 
-1 -0.933333 2.13951 
-1 -0.866667 3.88107 
-1 -0.8 6.9939 
-1 -0.733333 12.4911 
-1 -0.666667 22.0414 
-1 -0.6 38.2672 
-1 -0.533333 65.014 
-1 -0.466667 107.35 
-1 -0.4 170.87 
-1 -0.333333 259.936 
-1 -0.266667 375.365 
-1 -0.2 513.919 
-1 -0.133333 671.705 
-1 -0.0666667 846.82 
-1 -4.16334e-16 1033.3 
-1 0.0666667 1219.61 
-1 0.133333 1404.75 
-1 0.2 1586.03 
-1 0.266667 1763.55 
-1 0.333333 1985.22 
-1 0.4 2266.89 
-1 0.466667 2612.64 
-1 0.533333 2951.31 
-1 0.6 3197.33 
-1 0.666667 3316.49 
-1 0.733333 3298.33 
-1 0.8 3198.41 
-1 0.866667 3043.96 
-1 0.933333 3043.67 
-1 1 3248.55 
-1 1.06667 3602.64 
-1 1.13333 4148.63 
-1 1.2 4291.77 
-1 1.26667 4251.54 
-1 1.33333 3766.75 
-1 1.4 3376.53 
-1 1.46667 3118.64 
-1 1.53333 2762.39 
-1 1.6 2653.78 
-1 1.66667 1984.58 
-1 1.73333 1748.97 
-1 1.8 1339.45 
-1 1.86667 1044.27 
-1 1.93333 757.242 
-1 2 969.992 
-0.933333 -2 0.000165655 
-0.933333 -1.93333 0.000306064 
-0.933333 -1.86667 0.000565457 
-0.933333 -1.8 0.00104462 
-0.933333 -1.73333 0.00192965 
-0.933333 -1.66667 0.00356408 
-0.933333 -1.6 0.00658178 
-0.933333 -1.53333 0.0121519 
-0.933333 -1.46667 0.022429 
-0.933333 -1.4 0.0413807 
-0.933333 -1.33333 0.076303 
-0.933333 -1.26667 0.14059 
-0.933333 -1.2 0.258771 
-0.933333 -1.13333 0.475625 
-0.933333 -1.06667 0.872532 
-0.933333 -1 1.59649 
-0.933333 -0.933333 2.91083 
-0.933333 -0.866667 5.28178 
-0.933333 -0.8 9.52167 
-0.933333 -0.733333 17.0141 
-0.933333 -0.666667 30.0413 
-0.933333 -0.6 52.1966 
-0.933333 -0.533333 88.7609 
-0.933333 -0.466667 146.711 
-0.933333 -0.4 233.768 
-0.933333 -0.333333 355.955 
-0.933333 -0.266667 514.397 
-0.933333 -0.2 704.64 
-0.933333 -0.133333 921.42 
-0.933333 -0.0666667 1162.22 
-0.933333 -4.16334e-16 1418.8 
-0.933333 0.0666667 1675.29 
-0.933333 0.133333 1930.2 
-0.933333 0.2 2179.86 
-0.933333 0.266667 2424.41 
-0.933333 0.333333 2730.4 
-0.933333 0.4 3120.12 
-0.933333 0.466667 3599.92 
-0.933333 0.533333 4071.64 
-0.933333 0.6 4417.09 
-0.933333 0.666667 4589.01 
-0.933333 0.733333 4571.45 
-0.933333 0.8 4439.12 
-0.933333 0.866667 4230.52 
-0.933333 0.933333 4232.04 
-0.933333 1 4516.85 
-0.933333 1.06667 5005.86 
-0.933333 1.13333 5760.24 
-0.933333 1.2 5953.32 
-0.933333 1.26667 5889.46 
-0.933333 1.33333 5213.52 
-0.933333 1.4 4669.14 
-0.933333 1.46667 4311.18 
-0.933333 1.53333 3820.8 
-0.933333 1.6 3671.48 
-0.933333 1.66667 2745.15 
-0.933333 1.73333 2419.89 
-0.933333 1.8 1854.38 
-0.933333 1.86667 1446.43 
-0.933333 1.93333 1048.39 
-0.933333 2 1339.38 
-0.866667 -2 0.000225185 
-0.866667 -1.93333 0.000416054 
-0.866667 -1.86667 0.000768669 
-0.866667 -1.8 0.00142004 
-0.866667 -1.73333 0.00262315 
-0.866667 -1.66667 0.00484502 
-0.866667 -1.6 0.00894742 
-0.866667 -1.53333 0.0165198 
-0.866667 -1.46667 0.0304917 
-0.866667 -1.4 0.0562579 
-0.866667 -1.33333 0.10374 
-0.866667 -1.26667 0.191154 
-0.866667 -1.2 0.351867 
-0.866667 -1.13333 0.646806 
-0.866667 -1.06667 1.18673 
-0.866667 -1 2.17181 
-0.866667 -0.933333 3.96079 
-0.866667 -0.866667 7.1894 
-0.866667 -0.8 12.9664 
-0.866667 -0.733333 23.1828 
-0.866667 -0.666667 40.9634 
-0.866667 -0.6 71.2386 
-0.866667 -0.533333 121.274 
-0.866667 -0.466667 200.695 
-0.866667 -0.4 320.185 
-0.866667 -0.333333 488.091 
-0.866667 -0.266667 705.96 
-0.866667 -0.2 967.648 
-0.866667 -0.133333 1266.06 
-0.866667 -0.0666667 1597.86 
-0.866667 -4.16334e-16 1951.66 
-0.866667 0.0666667 2305.61 
-0.866667 0.133333 2657.39 
-0.866667 0.2 3002 
-0.866667 0.266667 3339.67 
-0.866667 0.333333 3763.2 
-0.866667 0.4 4304.12 
-0.866667 0.466667 4972.35 
-0.866667 0.533333 5632.18 
-0.866667 0.6 6119.94 
-0.866667 0.666667 6370.17 
-0.866667 0.733333 6358.3 
-0.866667 0.8 6184.47 
-0.866667 0.866667 5903.42 
-0.866667 0.933333 5908.81 
-0.866667 1 6306.34 
-0.866667 1.06667 6983.63 
-0.866667 1.13333 8028.95 
-0.866667 1.2 8288.68 
-0.866667 1.26667 8186.41 
-0.866667 1.33333 7239.59 
-0.866667 1.4 6476.55 
-0.866667 1.46667 5977.78 
-0.866667 1.53333 5301.31 
-0.866667 1.6 5095.57 
-0.866667 1.66667 3809.06 
-0.866667 1.73333 3358.8 
-0.866667 1.8 2575.7 
-0.866667 1.86667 2010.22 
-0.866667 1.93333 1456.24 
-0.866667 2 1854.59 
-0.8 -2 0.00030611 
-0.8 -1.93333 0.000565573 
-0.8 -1.86667 0.00104491 
-0.8 -1.8 0.00193038 
-0.8 -1.73333 0.00356591 
-0.8 -1.66667 0.00658638 
-0.8 -1.6 0.0121634 
-0.8 -1.53333 0.022458 
-0.8 -1.46667 0.0414534 
-0.8 -1.4 0.0764852 
-0.8 -1.33333 0.141046 
-0.8 -1.26667 0.259913 
-0.8 -1.2 0.47848 
-0.8 -1.13333 0.879655 
-0.8 -1.06667 1.61422 
-0.8 -1 2.95481 
-0.8 -0.933333 5.39038 
-0.8 -0.866667 9.78818 
-0.8 -0.8 17.6626 
-0.8 -0.733333 31.6008 
-0.8 -0.666667 55.8861 
-0.8 -0.6 97.2952 
-0.8 -0.533333 165.845 
-0.8 -0.466667 274.854 
-0.8 -0.4 439.152 
-0.8 -0.333333 670.347 
-0.8 -0.266667 970.567 
-0.8 -0.2 1331.32 
-0.8 -0.133333 1743.05 
-0.8 -0.0666667 2201.41 
-0.8 -4.16334e-16 2690.55 
-0.8 0.0666667 3180.33 
-0.8 0.133333 3667.15 
-0.8 0.2 4144.14 
-0.8 0.266667 4611.69 
-0.8 0.333333 5199.77 
-0.8 0.4 5953.32 
-0.8 0.466667 6888.03 
-0.8 0.533333 7815.66 
-0.8 0.6 8508.86 
-0.8 0.666667 8876.73 
-0.8 0.733333 8880.98 
-0.8 0.8 8655.29 
-0.8 0.866667 8277.97 
-0.8 0.933333 8291.11 
-0.8 1 8848.75 
-0.8 1.06667 9790.04 
-0.8 1.13333 11243.5 
-0.8 1.2 11591.5 
-0.8 1.26667 11426.2 
-0.8 1.33333 10092.6 
-0.8 1.4 9016.86 
-0.8 1.46667 8318.73 
-0.8 1.53333 7383.18 
-0.8 1.6 7098.9 
-0.8 1.66667 5305.03 
-0.8 1.73333 4679.71 
-0.8 1.8 3591.66 
-0.8 1.86667 2805.02 
-0.8 1.93333 2030.66 
-0.8 2 2576.51 
-0.733333 -2 0.000416117 
-0.733333 -1.93333 0.000768826 
-0.733333 -1.86667 0.00142043 
-0.733333 -1.8 0.00262415 
-0.733333 -1.73333 0.00484751 
-0.733333 -1.66667 0.00895367 
-0.733333 -1.6 0.0165355 
-0.733333 -1.53333 0.0305311 
-0.733333 -1.46667 0.0563566 
-0.733333 -1.4 0.103988 
-0.733333 -1.33333 0.191774 
-0.733333 -1.26667 0.35342 
-0.733333 -1.2 0.650689 
-0.733333 -1.13333 1.19642 
-0.733333 -1.06667 2.19594 
-0.733333 -1 4.02068 
-0.733333 -0.933333 7.33739 
-0.733333 -0.866667 13.3299 
-0.733333 -0.8 24.0683 
-0.733333 -0.733333 43.0959 
-0.733333 -0.666667 76.2932 
-0.733333 -0.6 132.993 
-0.733333 -0.533333 227.041 
-0.733333 -0.466667 376.926 
-0.733333 -0.4 603.318 
-0.733333 -0.333333 922.429 
-0.733333 -0.266667 1337.19 
-0.733333 -0.2 1835.81 
-0.733333 -0.133333 2405.49 
-0.733333 -0.0666667 3040.61 
-0.733333 -4.16334e-16 3719.01 
-0.733333 0.0666667 4399.04 
-0.733333 0.133333 5074.96 
-0.733333 0.2 5737.39 
-0.733333 0.266667 6386.91 
-0.733333 0.333333 7206.6 
-0.733333 0.4 8260.99 
-0.733333 0.466667 9575.2 
-0.733333 0.533333 10887.2 
-0.733333 0.6 11880 
-0.733333 0.666667 12427 
-0.733333 0.733333 12467.9 
-0.733333 0.8 12179.9 
-0.733333 0.866667 11676.1 
-0.733333 0.933333 11704.3 
-0.733333 1 12491.3 
-0.733333 1.06667 13804.9 
-0.733333 1.13333 15834.2 
-0.733333 1.2 16297.8 
-0.733333 1.26667 16027.7 
-0.733333 1.33333 14136.6 
-0.733333 1.4 12609.6 
-0.733333 1.46667 11627 
-0.733333 1.53333 10329.2 
-0.733333 1.6 9935.05 
-0.733333 1.66667 7421.65 
-0.733333 1.73333 6549.8 
-0.733333 1.8 5032.01 
-0.733333 1.86667 3933.05 
-0.733333 1.93333 2844.97 
-0.733333 2 3593.72 
-0.666667 -2 0.000565658 
-0.666667 -1.93333 0.00104513 
-0.666667 -1.86667 0.00193092 
-0.666667 -1.8 0.00356726 
-0.666667 -1.73333 0.00658977 
-0.666667 -1.66667 0.0121719 
-0.666667 -1.6 0.0224793 
-0.666667 -1.53333 0.0415069 
-0.666667 -1.46667 0.0766195 
-0.666667 -1.4 0.141383 
-0.666667 -1.33333 0.260757 
-0.666667 -1.26667 0.480592 
-0.666667 -1.2 0.884938 
-0.666667 -1.13333 1.62741 
-0.666667 -1.06667 2.98766 
-0.666667 -1 5.47197 
-0.666667 -0.933333 9.98995 
-0.666667 -0.866667 18.1587 
-0.666667 -0.8 32.8108 
-0.666667 -0.733333 58.8053 
-0.666667 -0.666667 104.23 
-0.666667 -0.6 181.967 
-0.666667 -0.533333 311.215 
-0.666667 -0.466667 517.746 
-0.666667 -0.4 830.51 
-0.666667 -0.333333 1272.27 
-0.666667 -0.266667 1847.07 
-0.666667 -0.2 2538.46 
-0.666667 -0.133333 3329.38 
-0.666667 -0.0666667 4212.66 
-0.666667 -4.16334e-16 5157.22 
-0.666667 0.0666667 6105.25 
-0.666667 0.133333 7047.54 
-0.666667 0.2 7971.19 
-0.666667 0.266667 8877.06 
-0.666667 0.333333 10024.8 
-0.666667 0.4 11507.9 
-0.666667 0.466667 13367.2 
-0.666667 0.533333 15236.3 
-0.666667 0.6 16671.1 
-0.666667 0.666667 17495.4 
-0.666667 0.733333 17612 
-0.666667 0.8 17254.9 
-0.666667 0.866667 16587.6 
-0.666667 0.933333 16644.8 
-0.666667 1 17763.6 
-0.666667 1.06667 19606.1 
-0.666667 1.13333 22453.5 
-0.666667 1.2 23065.4 
-0.666667 1.26667 22618.7 
-0.666667 1.33333 19915.2 
-0.666667 1.4 17729.2 
-0.666667 1.46667 16336.9 
-0.666667 1.53333 14530.2 
-0.666667 1.6 13981.2 
-0.666667 1.66667 10439 
-0.666667 1.73333 9217.72 
-0.666667 1.8 7090.24 
-0.666667 1.86667 5547 
-0.666667 1.93333 4008.39 
-0.666667 2 5036.56 
-0.6 -2 0.000768942 
-0.6 -1.93333 0.00142073 
-0.6 -1.86667 0.00262488 
-0.6 -1.8 0.00484935 
-0.6 -1.73333 0.00895827 
-0.6 -1.66667 0.016547 
-0.6 -1.6 0.0305601 
-0.6 -1.53333 0.0564294 
-0.6 -1.46667 0.10417 
-0.6 -1.4 0.192232 
-0.6 -1.33333 0.354568 
-0.6 -1.26667 0.653563 
-0.6 -1.2 1.20361 
-0.6 -1.13333 2.21389 
-0.6 -1.06667 4.06542 
-0.6 -1 7.44858 
-0.6 -0.933333 13.6051 
-0.6 -0.866667 24.7458 
-0.6 -0.8 44.7509 
-0.6 -0.733333 80.2941 
-0.6 -0.666667 142.522 
-0.6 -0.6 249.267 
-0.6 -0.533333 427.254 
-0.6 -0.466667 712.578 
-0.6 -0.4 1146.04 
-0.6 -0.333333 1759.81 
-0.6 -0.266667 2559.46 
-0.6 -0.2 3521.9 
-0.6 -0.133333 4624.59 
-0.6 -0.0666667 5858.6 
-0.6 -4.16334e-16 7180.01 
-0.6 0.0666667 8508.34 
-0.6 0.133333 9828.47 
-0.6 0.2 11122.6 
-0.6 0.266667 12392.1 
-0.6 0.333333 14007.8 
-0.6 0.4 16107.4 
-0.6 0.466667 18757.7 
-0.6 0.533333 21443.7 
-0.6 0.6 23539.9 
-0.6 0.666667 24800.8 
-0.6 0.733333 25068 
-0.6 0.8 24645.8 
-0.6 0.866667 23773.8 
-0.6 0.933333 23886.5 
-0.6 1 25491.8 
-0.6 1.06667 28091.9 
-0.6 1.13333 32111.2 
-0.6 1.2 32907.1 
-0.6 1.26667 32158.4 
-0.6 1.33333 28254.3 
-0.6 1.4 25092.2 
-0.6 1.46667 23103.2 
-0.6 1.53333 20577.2 
-0.6 1.6 19808.1 
-0.6 1.66667 14779.7 
-0.6 1.73333 13059.3 
-0.6 1.8 10059.8 
-0.6 1.86667 7879.05 
-0.6 1.93333 5686.42 
-0.6 2 7099.66 
-0.533333 -2 0.00104528 
-0.533333 -1.93333 0.00193132 
-0.533333 -1.86667 0.00356825 
-0.533333 -1.8 0.00659226 
-0.533333 -1.73333 0.0121782 
-0.533333 -1.66667 0.022495 
-0.533333 -1.6 0.0415463 
-0.533333 -1.53333 0.0767185 
-0.533333 -1.46667 0.141631 
-0.533333 -1.4 0.26138 
-0.533333 -1.33333 0.482154 
-0.533333 -1.26667 0.888848 
-0.533333 -1.2 1.6372 
-0.533333 -1.13333 3.01211 
-0.533333 -1.06667 5.53292 
-0.533333 -1 10.1415 
-0.533333 -0.933333 18.5343 
-0.533333 -0.866667 33.7367 
-0.533333 -0.8 61.0714 
-0.533333 -0.733333 109.721 
-0.533333 -0.666667 195.087 
-0.533333 -0.6 341.94 
-0.533333 -0.533333 587.649 
-0.533333 -0.466667 983.079 
-0.533333 -0.4 1586.17 
-0.533333 -0.333333 2442.8 
-0.533333 -0.266667 3560.57 
-0.533333 -0.2 4906.83 
-0.533333 -0.133333 6452.23 
-0.533333 -0.0666667 8185.99 
-0.533333 -4.16334e-16 10045.6 
-0.533333 0.0666667 11918.4 
-0.533333 0.133333 13779.3 
-0.533333 0.2 15603.5 
-0.533333 0.266667 17392.6 
-0.533333 0.333333 19682.4 
-0.533333 0.4 22677.8 
-0.533333 0.466667 26490.2 
-0.533333 0.533333 30391 
-0.533333 0.6 33493.7 
-0.533333 0.666667 35457 
-0.533333 0.733333 36016.7 
-0.533333 0.8 35562.9 
-0.533333 0.866667 34448.7 
-0.533333 0.933333 34668.6 
-0.533333 1 36998.5 
-0.533333 1.06667 40696 
-0.533333 1.13333 46410.9 
-0.533333 1.2 47420.8 
-0.533333 1.26667 46145.3 
-0.533333 1.33333 40436.7 
-0.533333 1.4 35803.1 
-0.533333 1.46667 32932.4 
-0.533333 1.53333 29382.8 
-0.533333 1.6 28296.8 
-0.533333 1.66667 21094.4 
-0.533333 1.73333 18654.2 
-0.533333 1.8 14395 
-0.533333 1.86667 11289.5 
-0.533333 1.93333 8134.8 
-0.533333 2 10078.8 
-0.466667 -2 0.00142094 
-0.466667 -1.93333 0.00262541 
-0.466667 -1.86667 0.0048507 
-0.466667 -1.8 0.00896166 
-0.466667 -1.73333 0.0165555 
-0.466667 -1.66667 0.0305815 
-0.466667 -1.6 0.0564831 
-0.466667 -1.53333 0.104305 
-0.466667 -1.46667 0.19257 
-0.466667 -1.4 0.355415 
-0.466667 -1.33333 0.655687 
-0.466667 -1.26667 1.20893 
-0.466667 -1.2 2.22721 
-0.466667 -1.13333 4.09872 
-0.466667 -1.06667 7.53165 
-0.466667 -1 13.8119 
-0.466667 -0.933333 25.2588 
-0.466667 -0.866667 46.0175 
-0.466667 -0.8 83.4009 
-0.466667 -0.733333 150.072 
-0.466667 -0.666667 267.375 
-0.466667 -0.6 469.862 
-0.466667 -0.533333 810.082 
-0.466667 -0.466667 1360.27 
-0.466667 -0.4 2203.52 
-0.466667 -0.333333 3405.92 
-0.466667 -0.266667 4977.78 
-0.466667 -0.2 6872.42 
-0.466667 -0.133333 9052.57 
-0.466667 -0.0666667 11505.9 
-0.466667 -4.16334e-16 14142.4 
-0.466667 0.0666667 16803.9 
-0.466667 0.133333 19447.4 
-0.466667 0.2 22037.8 
-0.466667 0.266667 24577.3 
-0.466667 0.333333 27848.5 
-0.466667 0.4 32162.6 
-0.466667 0.466667 37709 
-0.466667 0.533333 43447.5 
-0.466667 0.6 48113.6 
-0.466667 0.666667 51234.3 
-0.466667 0.733333 52360.5 
-0.466667 0.8 51978.2 
-0.466667 0.866667 50611.9 
-0.466667 0.933333 51043.1 
-0.466667 1 54474.3 
-0.466667 1.06667 59782.8 
-0.466667 1.13333 67981.4 
-0.466667 1.2 69205.3 
-0.466667 1.26667 66988.5 
-0.466667 1.33333 58509.2 
-0.466667 1.4 51607.3 
-0.466667 1.46667 47411.1 
-0.466667 1.53333 42392.5 
-0.466667 1.6 40842.3 
-0.466667 1.66667 30408.4 
-0.466667 1.73333 26917.9 
-0.466667 1.8 20817 
-0.466667 1.86667 16352.1 
-0.466667 1.93333 11758.4 
-0.466667 2 14433 
-0.4 -2 0.00193161 
-0.4 -1.93333 0.00356898 
-0.4 -1.86667 0.00659409 
-0.4 -1.8 0.0121828 
-0.4 -1.73333 0.0225066 
-0.4 -1.66667 0.0415754 
-0.4 -1.6 0.0767914 
-0.4 -1.53333 0.141814 
-0.4 -1.46667 0.261839 
-0.4 -1.4 0.483306 
-0.4 -1.33333 0.891738 
-0.4 -1.26667 1.64444 
-0.4 -1.2 3.03024 
-0.4 -1.13333 5.57828 
-0.4 -1.06667 10.2548 
-0.4 -1 18.8166 
-0.4 -0.933333 34.4379 
-0.4 -0.866667 62.806 
-0.4 -0.8 113.987 
-0.4 -0.733333 205.49 
-0.4 -0.666667 367.003 
-0.4 -0.6 646.966 
-0.4 -0.533333 1119.81 
-0.4 -0.466667 1889.09 
-0.4 -0.4 3075.52 
-0.4 -0.333333 4775.7 
-0.4 -0.266667 7003.28 
-0.4 -0.2 9690.49 
-0.4 -0.133333 12792.3 
-0.4 -0.0666667 16295.7 
-0.4 -4.16334e-16 20070.1 
-0.4 0.0666667 23891.1 
-0.4 0.133333 27683.5 
-0.4 0.2 31396.9 
-0.4 0.266667 35033.1 
-0.4 0.333333 39752.9 
-0.4 0.4 46039.9 
-0.4 0.466667 54223.5 
-0.4 0.533333 62802.6 
-0.4 0.6 69957.2 
-0.4 0.666667 75043.5 
-0.4 0.733333 77274.3 
-0.4 0.8 77230.1 
-0.4 0.866667 75692.7 
-0.4 0.933333 76551.5 
-0.4 1 81702 
-0.4 1.06667 89416.6 
-0.4 1.13333 101309 
-0.4 1.2 102653 
-0.4 1.26667 98704 
-0.4 1.33333 85852.1 
-0.4 1.4 75352.9 
-0.4 1.46667 69118.5 
-0.4 1.53333 61970.8 
-0.4 1.6 59722.8 
-0.4 1.66667 44386.3 
-0.4 1.73333 39341.5 
-0.4 1.8 30506.5 
-0.4 1.86667 24008.9 
-0.4 1.93333 17217.7 
-0.4 2 20893.6 
-0.333333 -2 0.00262581 
-0.333333 -1.93333 0.00485169 
-0.333333 -1.86667 0.00896415 
-0.333333 -1.8 0.0165618 
-0.333333 -1.73333 0.0305972 
-0.333333 -1.66667 0.0565226 
-0.333333 -1.6 0.104404 
-0.333333 -1.53333 0.192819 
-0.333333 -1.46667 0.35604 
-0.333333 -1.4 0.657255 
-0.333333 -1.33333 1.21287 
-0.333333 -1.26667 2.23707 
-0.333333 -1.2 4.12342 
-0.333333 -1.13333 7.59347 
-0.333333 -1.06667 13.9664 
-0.333333 -1 25.6443 
-0.333333 -0.933333 46.9769 
-0.333333 -0.866667 85.7796 
-0.333333 -0.8 155.94 
-0.333333 -0.733333 281.745 
-0.333333 -0.666667 504.672 
-0.333333 -0.6 893.062 
-0.333333 -0.533333 1553.27 
-0.333333 -0.466667 2635.68 
-0.333333 -0.4 4318.59 
-0.333333 -0.333333 6746.06 
-0.333333 -0.266667 9935.28 
-0.333333 -0.2 13785.6 
-0.333333 -0.133333 18248.6 
-0.333333 -0.0666667 23312.3 
-0.333333 -4.16334e-16 28784.9 
-0.333333 0.0666667 34345.3 
-0.333333 0.133333 39857.6 
-0.333333 0.2 45246.7 
-0.333333 0.266667 50510.8 
-0.333333 0.333333 57405.7 
-0.333333 0.4 66705.2 
-0.333333 0.466667 78999.6 
-0.333333 0.533333 92088.9 
-0.333333 0.6 103330 
-0.333333 0.666667 111880 
-0.333333 0.733333 116307 
-0.333333 0.8 117256 
-0.333333 0.866667 115887 
-0.333333 0.933333 117648 
-0.333333 1 125579 
-0.333333 1.06667 136970 
-0.333333 1.13333 154459 
-0.333333 1.2 155568 
-0.333333 1.26667 148306 
-0.333333 1.33333 128301 
-0.333333 1.4 111880 
-0.333333 1.46667 102419 
-0.333333 1.53333 92148.3 
-0.333333 1.6 88809.6 
-0.333333 1.66667 65831.9 
-0.333333 1.73333 58444.9 
-0.333333 1.8 45473.5 
-0.333333 1.86667 35869.5 
-0.333333 1.93333 25629.5 
-0.333333 2 30664 
-0.266667 -2 0.00356952 
-0.266667 -1.93333 0.00659544 
-0.266667 -1.86667 0.0121862 
-0.266667 -1.8 0.0225151 
-0.266667 -1.73333 0.0415968 
-0.266667 -1.66667 0.0768451 
-0.266667 -1.6 0.141949 
-0.266667 -1.53333 0.262178 
-0.266667 -1.46667 0.484156 
-0.266667 -1.4 0.893871 
-0.266667 -1.33333 1.64979 
-0.266667 -1.26667 3.04366 
-0.266667 -1.2 5.61193 
-0.266667 -1.13333 10.3391 
-0.266667 -1.06667 19.0275 
-0.266667 -1 34.9649 
-0.266667 -0.933333 64.12 
-0.266667 -0.866667 117.254 
-0.266667 -0.8 213.58 
-0.266667 -0.733333 386.912 
-0.266667 -0.666667 695.521 
-0.266667 -0.6 1236.58 
-0.266667 -0.533333 2163.84 
-0.266667 -0.466667 3699.31 
-0.266667 -0.4 6112.69 
-0.266667 -0.333333 9625.05 
-0.266667 -0.266667 14255.2 
-0.266667 -0.2 19848.6 
-0.266667 -0.133333 26370.4 
-0.266667 -0.0666667 33811.6 
-0.266667 -4.16334e-16 41887.4 
-0.266667 0.0666667 50131.5 
-0.266667 0.133333 58288.9 
-0.266667 0.2 66240.1 
-0.266667 0.266667 73970.4 
-0.266667 0.333333 84204 
-0.266667 0.4 98226.4 
-0.266667 0.466667 117140 
-0.266667 0.533333 137647 
-0.266667 0.6 155872 
-0.266667 0.666667 170825 
-0.266667 0.733333 179771 
-0.266667 0.8 183334 
-0.266667 0.866667 183195 
-0.266667 0.933333 186974 
-0.266667 1 199633 
-0.266667 1.06667 216814 
-0.266667 1.13333 242986 
-0.266667 1.2 242772 
-0.266667 1.26667 228842 
-0.266667 1.33333 196545 
-0.266667 1.4 169868 
-0.266667 1.46667 155102 
-0.266667 1.53333 140181 
-0.266667 1.6 135028 
-0.266667 1.66667 99695.8 
-0.266667 1.73333 88699.3 
-0.266667 1.8 69314.7 
-0.266667 1.86667 54823.6 
-0.266667 1.93333 38973.4 
-0.266667 2 45808.3 
-0.2 -2 0.00485242 
-0.2 -1.93333 0.00896599 
-0.2 -1.86667 0.0165664 
-0.2 -1.8 0.0306088 
-0.2 -1.73333 0.0565516 
-0.2 -1.66667 0.104477 
-0.2 -1.6 0.193002 
-0.2 -1.53333 0.356501 
-0.2 -1.46667 0.658411 
-0.2 -1.4 1.21577 
-0.2 -1.33333 2.24435 
-0.2 -1.26667 4.1417 
-0.2 -1.2 7.63933 
-0.2 -1.13333 14.0814 
-0.2 -1.06667 25.9323 
-0.2 -1 47.6979 
-0.2 -0.933333 87.5819 
-0.2 -0.866667 160.436 
-0.2 -0.8 292.926 
-0.2 -0.733333 532.358 
-0.2 -0.666667 961.146 
-0.2 -0.6 1718.87 
-0.2 -0.533333 3031.12 
-0.2 -0.466667 5233.3 
-0.2 -0.4 8747.62 
-0.2 -0.333333 13928.9 
-0.2 -0.266667 20788.4 
-0.2 -0.2 29074.1 
-0.2 -0.133333 38823.9 
-0.2 -0.0666667 50023.8 
-0.2 -4.16334e-16 62252.7 
-0.2 0.0666667 74815.1 
-0.2 0.133333 87208.1 
-0.2 0.2 99221 
-0.2 0.266667 110793 
-0.2 0.333333 126301 
-0.2 0.4 147994 
-0.2 0.466667 178061 
-0.2 0.533333 211358 
-0.2 0.6 242187 
-0.2 0.666667 269785 
-0.2 0.733333 288546 
-0.2 0.8 298960 
-0.2 0.866667 303236 
-0.2 0.933333 311943 
-0.2 1 333252 
-0.2 1.06667 359953 
-0.2 1.13333 400005 
-0.2 1.2 395193 
-0.2 1.26667 366831 
-0.2 1.33333 311876 
-0.2 1.4 266092 
-0.2 1.46667 242126 
-0.2 1.53333 220154 
-0.2 1.6 211655 
-0.2 1.66667 155281 
-0.2 1.73333 138561 
-0.2 1.8 108909 
-0.2 1.86667 86414.4 
-0.2 1.93333 60975.9 
-0.2 2 70066.9 
-0.133333 -2 0.00659644 
-0.133333 -1.93333 0.0121887 
-0.133333 -1.86667 0.0225214 
-0.133333 -1.8 0.0416125 
-0.133333 -1.73333 0.0768846 
-0.133333 -1.66667 0.142048 
-0.133333 -1.6 0.262427 
-0.133333 -1.53333 0.484782 
-0.133333 -1.46667 0.895444 
-0.133333 -1.4 1.65374 
-0.133333 -1.33333 3.05358 
-0.133333 -1.26667 5.63683 
-0.133333 -1.2 10.4016 
-0.133333 -1.13333 19.1844 
-0.133333 -1.06667 35.3587 
-0.133333 -1 65.1078 
-0.133333 -0.933333 119.73 
-0.133333 -0.866667 219.78 
-0.133333 -0.8 402.415 
-0.133333 -0.733333 734.197 
-0.133333 -0.666667 1332.69 
-0.133333 -0.6 2400.99 
-0.133333 -0.533333 4276.92 
-0.133333 -0.466667 7484.13 
-0.133333 -0.4 12719.9 
-0.133333 -0.333333 20601.7 
-0.133333 -0.266667 31093.8 
-0.133333 -0.2 43739.1 
-0.133333 -0.133333 58866.5 
-0.133333 -0.0666667 76372.8 
-0.133333 -4.16334e-16 95685.7 
-0.133333 0.0666667 115696 
-0.133333 0.133333 135345 
-0.133333 0.2 154192 
-0.133333 0.266667 172002 
-0.133333 0.333333 196183 
-0.133333 0.4 230957 
-0.133333 0.466667 281156 
-0.133333 0.533333 338079 
-0.133333 0.6 393532 
-0.133333 0.666667 448750 
-0.133333 0.733333 490820 
-0.133333 0.8 520477 
-0.133333 0.866667 539443 
-0.133333 0.933333 561948 
-0.133333 1 601113 
-0.133333 1.06667 644484 
-0.133333 1.13333 707604 
-0.133333 1.2 687357 
-0.133333 1.26667 624116 
-0.133333 1.33333 522521 
-0.133333 1.4 436805 
-0.133333 1.46667 395601 
-0.133333 1.53333 362659 
-0.133333 1.6 346795 
-0.133333 1.66667 251637 
-0.133333 1.73333 225508 
-0.133333 1.8 178690 
-0.133333 1.86667 142289 
-0.133333 1.93333 99247.2 
-0.133333 2 110756 
-0.0666667 -2 0.00896734 
-0.0666667 -1.93333 0.0165698 
-0.0666667 -1.86667 0.0306173 
-0.0666667 -1.8 0.056573 
-0.0666667 -1.73333 0.104531 
-0.0666667 -1.66667 0.193137 
-0.0666667 -1.6 0.35684 
-0.0666667 -1.53333 0.659263 
-0.0666667 -1.46667 1.21791 
-0.0666667 -1.4 2.24973 
-0.0666667 -1.33333 4.15521 
-0.0666667 -1.26667 7.67327 
-0.0666667 -1.2 14.1667 
-0.0666667 -1.13333 26.1467 
-0.0666667 -1.06667 48.2368 
-0.0666667 -1 88.9367 
-0.0666667 -0.933333 163.844 
-0.0666667 -0.866667 301.5 
-0.0666667 -0.8 553.937 
-0.0666667 -0.733333 1015.48 
-0.0666667 -0.666667 1855.68 
-0.0666667 -0.6 3375.16 
-0.0666667 -0.533333 6094.52 
-0.0666667 -0.466667 10873.2 
-0.0666667 -0.4 18975.2 
-0.0666667 -0.333333 31674.7 
-0.0666667 -0.266667 48722.9 
-0.0666667 -0.2 69034.8 
-0.0666667 -0.133333 94345.8 
-0.0666667 -0.0666667 123701 
-0.0666667 -4.16334e-16 156894 
-0.0666667 0.0666667 191673 
-0.0666667 0.133333 225618 
-0.0666667 0.2 257492 
-0.0666667 0.266667 286200 
-0.0666667 0.333333 325520 
-0.0666667 0.4 384103 
-0.0666667 0.466667 475456 
-0.0666667 0.533333 581137 
-0.0666667 0.6 691715 
-0.0666667 0.666667 819430 
-0.0666667 0.733333 927222 
-0.0666667 0.8 1.02188e+06 
-0.0666667 0.866667 1.09667e+06 
-0.0666667 0.933333 1.16902e+06 
-0.0666667 1 1.25505e+06 
-0.0666667 1.06667 1.33034e+06 
-0.0666667 1.13333 1.43439e+06 
-0.0666667 1.2 1.35194e+06 
-0.0666667 1.26667 1.18589e+06 
-0.0666667 1.33333 966643 
-0.0666667 1.4 776979 
-0.0666667 1.46667 699106 
-0.0666667 1.53333 648193 
-0.0666667 1.6 609910 
-0.0666667 1.66667 433042 
-0.0666667 1.73333 390839 
-0.0666667 1.8 313530 
-0.0666667 1.86667 250467 
-0.0666667 1.93333 171257 
-0.0666667 2 184012 
