-4 -2 6.48732e-11 
-4 -1.93333 1.30133e-10 
-4 -1.86667 2.4312e-10 
-4 -1.8 4.71241e-10 
-4 -1.73333 8.60908e-10 
-4 -1.66667 1.60294e-09 
-4 -1.6 2.97051e-09 
-4 -1.53333 5.50197e-09 
-4 -1.46667 1.01457e-08 
-4 -1.4 1.87292e-08 
-4 -1.33333 3.45028e-08 
-4 -1.26667 6.35163e-08 
-4 -1.2 1.16708e-07 
-4 -1.13333 2.14054e-07 
-4 -1.06667 3.91523e-07 
-4 -1 7.13504e-07 
-4 -0.933333 1.2938e-06 
-4 -0.866667 2.33023e-06 
-4 -0.8 4.15861e-06 
-4 -0.733333 7.33002e-06 
-4 -0.666667 1.27047e-05 
-4 -0.6 2.15271e-05 
-4 -0.533333 3.53824e-05 
-4 -0.466667 5.58416e-05 
-4 -0.4 8.35443e-05 
-4 -0.333333 0.000116691 
-4 -0.266667 0.00014982 
-4 -0.2 0.000175115 
-4 -0.133333 0.000187796 
-4 -0.0666667 0.000190381 
-4 -4.16334e-16 0.000186207 
-4 0.0666667 0.000174734 
-4 0.133333 0.000168034 
-4 0.2 0.000176384 
-4 0.266667 0.000196495 
-4 0.333333 0.000237255 
-4 0.4 0.000257304 
-4 0.466667 0.000263976 
-4 0.533333 0.00023981 
-4 0.6 0.000218289 
-4 0.666667 0.000208192 
-4 0.733333 0.000178222 
-4 0.8 0.000160461 
-4 0.866667 0.000146895 
-4 0.933333 0.000111944 
-4 1 9.18038e-05 
-4 1.06667 7.35563e-05 
-4 1.13333 6.33714e-05 
-4 1.2 2.90303e-05 
-4 1.26667 5.33634e-05 
-4 1.33333 5.12742e-05 
-4 1.4 3.27996e-05 
-4 1.46667 5.29367e-05 
-4 1.53333 4.42763e-05 
-4 1.6 5.34571e-05 
-4 1.66667 6.63075e-05 
-4 1.73333 9.12377e-05 
-4 1.8 7.03914e-05 
-4 1.86667 9.57399e-05 
-4 1.93333 2.56323e-05 
-4 2 6.60622e-05 
-3.93333 -2 8.93353e-11 
-3.93333 -1.93333 1.77756e-10 
-3.93333 -1.86667 3.35987e-10 
-3.93333 -1.8 6.31596e-10 
-3.93333 -1.73333 1.17749e-09 
-3.93333 -1.66667 2.18857e-09 
-3.93333 -1.6 4.05341e-09 
-3.93333 -1.53333 7.47281e-09 
-3.93333 -1.46667 1.38046e-08 
-3.93333 -1.4 2.54545e-08 
-3.93333 -1.33333 4.69075e-08 
-3.93333 -1.26667 8.63339e-08 
-3.93333 -1.2 1.58663e-07 
-3.93333 -1.13333 2.90983e-07 
-3.93333 -1.06667 5.32226e-07 
-3.93333 -1 9.69914e-07 
-3.93333 -0.933333 1.75874e-06 
-3.93333 -0.866667 3.16762e-06 
-3.93333 -0.8 5.65305e-06 
-3.93333 -0.733333 9.96414e-06 
-3.93333 -0.666667 1.72704e-05 
-3.93333 -0.6 2.92632e-05 
-3.93333 -0.533333 4.80975e-05 
-3.93333 -0.466667 7.59092e-05 
-3.93333 -0.4 0.000113568 
-3.93333 -0.333333 0.000158627 
-3.93333 -0.266667 0.000203662 
-3.93333 -0.2 0.000238047 
-3.93333 -0.133333 0.000255286 
-3.93333 -0.0666667 0.0002588 
-3.93333 -4.16334e-16 0.000253127 
-3.93333 0.0666667 0.00023753 
-3.93333 0.133333 0.000228423 
-3.93333 0.2 0.000239773 
-3.93333 0.266667 0.000267113 
-3.93333 0.333333 0.00032252 
-3.93333 0.4 0.000349775 
-3.93333 0.466667 0.000358844 
-3.93333 0.533333 0.000325992 
-3.93333 0.6 0.000296738 
-3.93333 0.666667 0.000283012 
-3.93333 0.733333 0.000242271 
-3.93333 0.8 0.000218127 
-3.93333 0.866667 0.000199686 
-3.93333 0.933333 0.000152174 
-3.93333 1 0.000124796 
-3.93333 1.06667 9.99907e-05 
-3.93333 1.13333 8.61459e-05 
-3.93333 1.2 3.94632e-05 
-3.93333 1.26667 7.25408e-05 
-3.93333 1.33333 6.97013e-05 
-3.93333 1.4 4.45871e-05 
-3.93333 1.46667 7.19609e-05 
-3.93333 1.53333 6.01883e-05 
-3.93333 1.6 7.26684e-05 
-3.93333 1.66667 9.01368e-05 
-3.93333 1.73333 0.000124027 
-3.93333 1.8 9.56884e-05 
-3.93333 1.86667 0.000130147 
-3.93333 1.93333 3.4844e-05 
-3.93333 2 8.98036e-05 
-3.86667 -2 1.28172e-10 
-3.86667 -1.93333 2.43045e-10 
-3.86667 -1.86667 4.61557e-10 
-3.86667 -1.8 8.64043e-10 
-3.86667 -1.73333 1.6086e-09 
-3.86667 -1.66667 2.97322e-09 
-3.86667 -1.6 5.50319e-09 
-3.86667 -1.53333 1.0166e-08 
-3.86667 -1.46667 1.87629e-08 
-3.86667 -1.4 3.46054e-08 
-3.86667 -1.33333 6.37633e-08 
-3.86667 -1.26667 1.17363e-07 
-3.86667 -1.2 2.15682e-07 
-3.86667 -1.13333 3.95565e-07 
-3.86667 -1.06667 7.23487e-07 
-3.86667 -1 1.31846e-06 
-3.86667 -0.933333 2.39076e-06 
-3.86667 -0.866667 4.30594e-06 
-3.86667 -0.8 7.68454e-06 
-3.86667 -0.733333 1.35449e-05 
-3.86667 -0.666667 2.34767e-05 
-3.86667 -0.6 3.97793e-05 
-3.86667 -0.533333 6.53822e-05 
-3.86667 -0.466667 0.000103189 
-3.86667 -0.4 0.000154381 
-3.86667 -0.333333 0.000215634 
-3.86667 -0.266667 0.000276853 
-3.86667 -0.2 0.000323596 
-3.86667 -0.133333 0.000347031 
-3.86667 -0.0666667 0.000351809 
-3.86667 -4.16334e-16 0.000344097 
-3.86667 0.0666667 0.000322896 
-3.86667 0.133333 0.000310516 
-3.86667 0.2 0.000325946 
-3.86667 0.266667 0.00036311 
-3.86667 0.333333 0.00043843 
-3.86667 0.4 0.000475479 
-3.86667 0.466667 0.000487806 
-3.86667 0.533333 0.000443149 
-3.86667 0.6 0.00040338 
-3.86667 0.666667 0.000384721 
-3.86667 0.733333 0.000329339 
-3.86667 0.8 0.000296518 
-3.86667 0.866667 0.000271449 
-3.86667 0.933333 0.000206863 
-3.86667 1 0.000169646 
-3.86667 1.06667 0.000135926 
-3.86667 1.13333 0.000117105 
-3.86667 1.2 5.36457e-05 
-3.86667 1.26667 9.86103e-05 
-3.86667 1.33333 9.4751e-05 
-3.86667 1.4 6.06109e-05 
-3.86667 1.46667 9.78221e-05 
-3.86667 1.53333 8.18191e-05 
-3.86667 1.6 9.87841e-05 
-3.86667 1.66667 0.00012253 
-3.86667 1.73333 0.0001686 
-3.86667 1.8 0.000130077 
-3.86667 1.86667 0.00017692 
-3.86667 1.93333 4.73662e-05 
-3.86667 2 0.000122078 
-3.8 -2 1.73144e-10 
-3.8 -1.93333 3.36359e-10 
-3.8 -1.86667 6.32905e-10 
-3.8 -1.8 1.17835e-09 
-3.8 -1.73333 2.18674e-09 
-3.8 -1.66667 4.05236e-09 
-3.8 -1.6 7.48348e-09 
-3.8 -1.53333 1.38221e-08 
-3.8 -1.46667 2.55108e-08 
-3.8 -1.4 4.70439e-08 
-3.8 -1.33333 8.66862e-08 
-3.8 -1.26667 1.59536e-07 
-3.8 -1.2 2.93173e-07 
-3.8 -1.13333 5.3769e-07 
-3.8 -1.06667 9.83481e-07 
-3.8 -1 1.79226e-06 
-3.8 -0.933333 3.24989e-06 
-3.8 -0.866667 5.85332e-06 
-3.8 -0.8 1.04461e-05 
-3.8 -0.733333 1.84124e-05 
-3.8 -0.666667 3.19133e-05 
-3.8 -0.6 5.40747e-05 
-3.8 -0.533333 8.88785e-05 
-3.8 -0.466667 0.000140272 
-3.8 -0.4 0.000209861 
-3.8 -0.333333 0.000293127 
-3.8 -0.266667 0.000376349 
-3.8 -0.2 0.000439891 
-3.8 -0.133333 0.000471749 
-3.8 -0.0666667 0.000478245 
-3.8 -4.16334e-16 0.000467762 
-3.8 0.0666667 0.000438942 
-3.8 0.133333 0.000422115 
-3.8 0.2 0.000443089 
-3.8 0.266667 0.00049361 
-3.8 0.333333 0.000595998 
-3.8 0.4 0.000646363 
-3.8 0.466667 0.000663119 
-3.8 0.533333 0.000602411 
-3.8 0.6 0.000548349 
-3.8 0.666667 0.000522984 
-3.8 0.733333 0.000447699 
-3.8 0.8 0.000403082 
-3.8 0.866667 0.000369003 
-3.8 0.933333 0.000281207 
-3.8 1 0.000230614 
-3.8 1.06667 0.000184775 
-3.8 1.13333 0.000159192 
-3.8 1.2 7.29255e-05 
-3.8 1.26667 0.000134049 
-3.8 1.33333 0.000128804 
-3.8 1.4 8.23938e-05 
-3.8 1.46667 0.000132978 
-3.8 1.53333 0.000111224 
-3.8 1.6 0.000134286 
-3.8 1.66667 0.000166566 
-3.8 1.73333 0.000229194 
-3.8 1.8 0.000176824 
-3.8 1.86667 0.000240503 
-3.8 1.93333 6.43887e-05 
-3.8 2 0.000165951 
-3.73333 -2 2.44796e-10 
-3.73333 -1.93333 4.63673e-10 
-3.73333 -1.86667 8.6296e-10 
-3.73333 -1.8 1.60398e-09 
-3.73333 -1.73333 2.98002e-09 
-3.73333 -1.66667 5.50633e-09 
-3.73333 -1.6 1.01712e-08 
-3.73333 -1.53333 1.88003e-08 
-3.73333 -1.46667 3.46854e-08 
-3.73333 -1.4 6.39537e-08 
-3.73333 -1.33333 1.17832e-07 
-3.73333 -1.26667 2.16867e-07 
-3.73333 -1.2 3.98549e-07 
-3.73333 -1.13333 7.30933e-07 
-3.73333 -1.06667 1.33691e-06 
-3.73333 -1 2.43632e-06 
-3.73333 -0.933333 4.41778e-06 
-3.73333 -0.866667 7.95677e-06 
-3.73333 -0.8 1.42e-05 
-3.73333 -0.733333 2.50291e-05 
-3.73333 -0.666667 4.33819e-05 
-3.73333 -0.6 7.35073e-05 
-3.73333 -0.533333 0.000120819 
-3.73333 -0.466667 0.000190682 
-3.73333 -0.4 0.00028528 
-3.73333 -0.333333 0.000398472 
-3.73333 -0.266667 0.000511602 
-3.73333 -0.2 0.000597983 
-3.73333 -0.133333 0.000641291 
-3.73333 -0.0666667 0.000650124 
-3.73333 -4.16334e-16 0.000635875 
-3.73333 0.0666667 0.000596698 
-3.73333 0.133333 0.000573823 
-3.73333 0.2 0.000602336 
-3.73333 0.266667 0.000671013 
-3.73333 0.333333 0.000810199 
-3.73333 0.4 0.000878664 
-3.73333 0.466667 0.00090144 
-3.73333 0.533333 0.000818913 
-3.73333 0.6 0.000745421 
-3.73333 0.666667 0.00071094 
-3.73333 0.733333 0.000608598 
-3.73333 0.8 0.000547946 
-3.73333 0.866667 0.00050162 
-3.73333 0.933333 0.000382271 
-3.73333 1 0.000313495 
-3.73333 1.06667 0.000251181 
-3.73333 1.13333 0.000216404 
-3.73333 1.2 9.91346e-05 
-3.73333 1.26667 0.000182224 
-3.73333 1.33333 0.000175096 
-3.73333 1.4 0.000112006 
-3.73333 1.46667 0.000180768 
-3.73333 1.53333 0.000151197 
-3.73333 1.6 0.000182547 
-3.73333 1.66667 0.000226428 
-3.73333 1.73333 0.000311566 
-3.73333 1.8 0.000240373 
-3.73333 1.86667 0.000326939 
-3.73333 1.93333 8.75292e-05 
-3.73333 2 0.000225593 
-3.66667 -2 3.42099e-10 
-3.66667 -1.93333 6.33529e-10 
-3.66667 -1.86667 1.1805e-09 
-3.66667 -1.8 2.18238e-09 
-3.66667 -1.73333 4.04598e-09 
-3.66667 -1.66667 7.49187e-09 
-3.66667 -1.6 1.38403e-08 
-3.66667 -1.53333 2.55483e-08 
-3.66667 -1.46667 4.71457e-08 
-3.66667 -1.4 8.69465e-08 
-3.66667 -1.33333 1.60195e-07 
-3.66667 -1.26667 2.94817e-07 
-3.66667 -1.2 5.41765e-07 
-3.66667 -1.13333 9.93601e-07 
-3.66667 -1.06667 1.81734e-06 
-3.66667 -1 3.31184e-06 
-3.66667 -0.933333 6.00535e-06 
-3.66667 -0.866667 1.08161e-05 
-3.66667 -0.8 1.93029e-05 
-3.66667 -0.733333 3.40237e-05 
-3.66667 -0.666667 5.89718e-05 
-3.66667 -0.6 9.99236e-05 
-3.66667 -0.533333 0.000164238 
-3.66667 -0.466667 0.000259208 
-3.66667 -0.4 0.000387804 
-3.66667 -0.333333 0.000541677 
-3.66667 -0.266667 0.000695467 
-3.66667 -0.2 0.000812893 
-3.66667 -0.133333 0.000871768 
-3.66667 -0.0666667 0.000883779 
-3.66667 -4.16334e-16 0.000864411 
-3.66667 0.0666667 0.000811156 
-3.66667 0.133333 0.000780061 
-3.66667 0.2 0.000818821 
-3.66667 0.266667 0.000912181 
-3.66667 0.333333 0.00110139 
-3.66667 0.4 0.00119446 
-3.66667 0.466667 0.00122542 
-3.66667 0.533333 0.00111323 
-3.66667 0.6 0.00101332 
-3.66667 0.666667 0.000966449 
-3.66667 0.733333 0.000827326 
-3.66667 0.8 0.000744876 
-3.66667 0.866667 0.000681899 
-3.66667 0.933333 0.00051966 
-3.66667 1 0.000426165 
-3.66667 1.06667 0.000341455 
-3.66667 1.13333 0.00029418 
-3.66667 1.2 0.000134764 
-3.66667 1.26667 0.000247713 
-3.66667 1.33333 0.000238026 
-3.66667 1.4 0.00015226 
-3.66667 1.46667 0.000245735 
-3.66667 1.53333 0.000205538 
-3.66667 1.6 0.000248153 
-3.66667 1.66667 0.000307804 
-3.66667 1.73333 0.000423543 
-3.66667 1.8 0.000326761 
-3.66667 1.86667 0.000444442 
-3.66667 1.93333 0.000118986 
-3.66667 2 0.000306671 
-3.6 -2 4.59304e-10 
-3.6 -1.93333 8.65185e-10 
-3.6 -1.86667 1.6034e-09 
-3.6 -1.8 2.98178e-09 
-3.6 -1.73333 5.50921e-09 
-3.6 -1.66667 1.01911e-08 
-3.6 -1.6 1.88195e-08 
-3.6 -1.53333 3.47352e-08 
-3.6 -1.46667 6.40973e-08 
-3.6 -1.4 1.18194e-07 
-3.6 -1.33333 2.17758e-07 
-3.6 -1.26667 4.00754e-07 
-3.6 -1.2 7.36451e-07 
-3.6 -1.13333 1.35066e-06 
-3.6 -1.06667 2.47043e-06 
-3.6 -1 4.50199e-06 
-3.6 -0.933333 8.16344e-06 
-3.6 -0.866667 1.4703e-05 
-3.6 -0.8 2.62397e-05 
-3.6 -0.733333 4.62506e-05 
-3.6 -0.666667 8.01644e-05 
-3.6 -0.6 0.000135833 
-3.6 -0.533333 0.000223261 
-3.6 -0.466667 0.000352362 
-3.6 -0.4 0.000527175 
-3.6 -0.333333 0.00073635 
-3.6 -0.266667 0.000945414 
-3.6 -0.2 0.00110505 
-3.6 -0.133333 0.00118508 
-3.6 -0.0666667 0.00120142 
-3.6 -4.16334e-16 0.00117509 
-3.6 0.0666667 0.0011027 
-3.6 0.133333 0.00106043 
-3.6 0.2 0.00111312 
-3.6 0.266667 0.00124003 
-3.6 0.333333 0.00149725 
-3.6 0.4 0.00162376 
-3.6 0.466667 0.00166585 
-3.6 0.533333 0.00151333 
-3.6 0.6 0.00137751 
-3.6 0.666667 0.00131379 
-3.6 0.733333 0.00112467 
-3.6 0.8 0.00101259 
-3.6 0.866667 0.000926975 
-3.6 0.933333 0.000706429 
-3.6 1 0.00057933 
-3.6 1.06667 0.000464174 
-3.6 1.13333 0.00039991 
-3.6 1.2 0.0001832 
-3.6 1.26667 0.000336739 
-3.6 1.33333 0.000323575 
-3.6 1.4 0.000206984 
-3.6 1.46667 0.000334052 
-3.6 1.53333 0.000279409 
-3.6 1.6 0.00033734 
-3.6 1.66667 0.000418429 
-3.6 1.73333 0.00057577 
-3.6 1.8 0.000444199 
-3.6 1.86667 0.000604179 
-3.6 1.93333 0.00016175 
-3.6 2 0.00041689 
-3.53333 -2 6.39484e-10 
-3.53333 -1.93333 1.17722e-09 
-3.53333 -1.86667 2.19018e-09 
-3.53333 -1.8 4.05165e-09 
-3.53333 -1.73333 7.50019e-09 
-3.53333 -1.66667 1.3855e-08 
-3.53333 -1.6 2.5586e-08 
-3.53333 -1.53333 4.72249e-08 
-3.53333 -1.46667 8.7139e-08 
-3.53333 -1.4 1.60668e-07 
-3.53333 -1.33333 2.96017e-07 
-3.53333 -1.26667 5.4477e-07 
-3.53333 -1.2 1.00111e-06 
-3.53333 -1.13333 1.83603e-06 
-3.53333 -1.06667 3.3582e-06 
-3.53333 -1 6.11983e-06 
-3.53333 -0.933333 1.10971e-05 
-3.53333 -0.866667 1.99867e-05 
-3.53333 -0.8 3.56693e-05 
-3.53333 -0.733333 6.28715e-05 
-3.53333 -0.666667 0.000108973 
-3.53333 -0.6 0.000184648 
-3.53333 -0.533333 0.000303496 
-3.53333 -0.466667 0.000478995 
-3.53333 -0.4 0.000716636 
-3.53333 -0.333333 0.00100099 
-3.53333 -0.266667 0.0012852 
-3.53333 -0.2 0.00150221 
-3.53333 -0.133333 0.00161102 
-3.53333 -0.0666667 0.00163322 
-3.53333 -4.16334e-16 0.00159744 
-3.53333 0.0666667 0.00149904 
-3.53333 0.133333 0.00144158 
-3.53333 0.2 0.00151321 
-3.53333 0.266667 0.00168574 
-3.53333 0.333333 0.00203539 
-3.53333 0.4 0.00220738 
-3.53333 0.466667 0.00226458 
-3.53333 0.533333 0.00205724 
-3.53333 0.6 0.00187261 
-3.53333 0.666667 0.00178598 
-3.53333 0.733333 0.00152889 
-3.53333 0.8 0.00137652 
-3.53333 0.866667 0.00126014 
-3.53333 0.933333 0.00096033 
-3.53333 1 0.000787549 
-3.53333 1.06667 0.000631003 
-3.53333 1.13333 0.000543644 
-3.53333 1.2 0.000249045 
-3.53333 1.26667 0.000457764 
-3.53333 1.33333 0.000439875 
-3.53333 1.4 0.000281377 
-3.53333 1.46667 0.000454112 
-3.53333 1.53333 0.000379834 
-3.53333 1.6 0.000458584 
-3.53333 1.66667 0.000568816 
-3.53333 1.73333 0.000782714 
-3.53333 1.8 0.000603847 
-3.53333 1.86667 0.000821333 
-3.53333 1.93333 0.000219884 
-3.53333 2 0.000566727 
-3.46667 -2 8.60985e-10 
-3.46667 -1.93333 1.61145e-09 
-3.46667 -1.86667 2.97814e-09 
-3.46667 -1.8 5.51914e-09 
-3.46667 -1.73333 1.01962e-08 
-3.46667 -1.66667 1.88372e-08 
-3.46667 -1.6 3.47866e-08 
-3.46667 -1.53333 6.42032e-08 
-3.46667 -1.46667 1.18454e-07 
-3.46667 -1.4 2.18416e-07 
-3.46667 -1.33333 4.0239e-07 
-3.46667 -1.26667 7.40541e-07 
-3.46667 -1.2 1.36087e-06 
-3.46667 -1.13333 2.49583e-06 
-3.46667 -1.06667 4.565e-06 
-3.46667 -1 8.31905e-06 
-3.46667 -0.933333 1.50849e-05 
-3.46667 -0.866667 2.71692e-05 
-3.46667 -0.8 4.84876e-05 
-3.46667 -0.733333 8.54655e-05 
-3.46667 -0.666667 0.000148135 
-3.46667 -0.6 0.000251006 
-3.46667 -0.533333 0.000412566 
-3.46667 -0.466667 0.000651141 
-3.46667 -0.4 0.000974192 
-3.46667 -0.333333 0.00136075 
-3.46667 -0.266667 0.00174711 
-3.46667 -0.2 0.00204212 
-3.46667 -0.133333 0.00219005 
-3.46667 -0.0666667 0.00222025 
-3.46667 -4.16334e-16 0.00217161 
-3.46667 0.0666667 0.00203785 
-3.46667 0.133333 0.00195974 
-3.46667 0.2 0.00205711 
-3.46667 0.266667 0.00229165 
-3.46667 0.333333 0.00276698 
-3.46667 0.4 0.00300078 
-3.46667 0.466667 0.00307853 
-3.46667 0.533333 0.00279666 
-3.46667 0.6 0.00254566 
-3.46667 0.666667 0.0024279 
-3.46667 0.733333 0.00207841 
-3.46667 0.8 0.00187127 
-3.46667 0.866667 0.00171306 
-3.46667 0.933333 0.0013055 
-3.46667 1 0.00107061 
-3.46667 1.06667 0.000857796 
-3.46667 1.13333 0.000739043 
-3.46667 1.2 0.000338559 
-3.46667 1.26667 0.000622287 
-3.46667 1.33333 0.000597981 
-3.46667 1.4 0.000382511 
-3.46667 1.46667 0.000617326 
-3.46667 1.53333 0.000516356 
-3.46667 1.6 0.000623407 
-3.46667 1.66667 0.000773257 
-3.46667 1.73333 0.00106405 
-3.46667 1.8 0.000820879 
-3.46667 1.86667 0.00111654 
-3.46667 1.93333 0.000298912 
-3.46667 2 0.000770424 
-3.4 -2 1.17563e-09 
-3.4 -1.93333 2.18946e-09 
-3.4 -1.86667 4.05351e-09 
-3.4 -1.8 7.49524e-09 
-3.4 -1.73333 1.38724e-08 
-3.4 -1.66667 2.56043e-08 
-3.4 -1.6 4.72913e-08 
-3.4 -1.53333 8.7278e-08 
-3.4 -1.46667 1.61033e-07 
-3.4 -1.4 2.96908e-07 
-3.4 -1.33333 5.47002e-07 
-3.4 -1.26667 1.00667e-06 
-3.4 -1.2 1.8499e-06 
-3.4 -1.13333 3.39273e-06 
-3.4 -1.06667 6.20548e-06 
-3.4 -1 1.13086e-05 
-3.4 -0.933333 2.05059e-05 
-3.4 -0.866667 3.69329e-05 
-3.4 -0.8 6.59124e-05 
-3.4 -0.733333 0.000116179 
-3.4 -0.666667 0.000201371 
-3.4 -0.6 0.000341213 
-3.4 -0.533333 0.000560837 
-3.4 -0.466667 0.000885156 
-3.4 -0.4 0.00132432 
-3.4 -0.333333 0.00184981 
-3.4 -0.266667 0.00237504 
-3.4 -0.2 0.0027761 
-3.4 -0.133333 0.00297722 
-3.4 -0.0666667 0.00301829 
-3.4 -4.16334e-16 0.00295219 
-3.4 0.0666667 0.00277035 
-3.4 0.133333 0.00266417 
-3.4 0.2 0.00279655 
-3.4 0.266667 0.00311539 
-3.4 0.333333 0.00376157 
-3.4 0.4 0.00407939 
-3.4 0.466667 0.00418508 
-3.4 0.533333 0.00380188 
-3.4 0.6 0.00346066 
-3.4 0.666667 0.00330056 
-3.4 0.733333 0.00282545 
-3.4 0.8 0.00254386 
-3.4 0.866667 0.00232878 
-3.4 0.933333 0.00177474 
-3.4 1 0.00145543 
-3.4 1.06667 0.00116611 
-3.4 1.13333 0.00100468 
-3.4 1.2 0.000460252 
-3.4 1.26667 0.000845946 
-3.4 1.33333 0.000812923 
-3.4 1.4 0.000519999 
-3.4 1.46667 0.000839208 
-3.4 1.53333 0.000701954 
-3.4 1.6 0.000847479 
-3.4 1.66667 0.00105119 
-3.4 1.73333 0.00144651 
-3.4 1.8 0.00111592 
-3.4 1.86667 0.00151788 
-3.4 1.93333 0.000406348 
-3.4 2 0.00104734 
-3.33333 -2 1.61136e-09 
-3.33333 -1.93333 2.98077e-09 
-3.33333 -1.86667 5.51333e-09 
-3.33333 -1.8 1.01985e-08 
-3.33333 -1.73333 1.88443e-08 
-3.33333 -1.66667 3.4814e-08 
-3.33333 -1.6 6.42843e-08 
-3.33333 -1.53333 1.18645e-07 
-3.33333 -1.46667 2.18896e-07 
-3.33333 -1.4 4.03599e-07 
-3.33333 -1.33333 7.43571e-07 
-3.33333 -1.26667 1.36843e-06 
-3.33333 -1.2 2.51469e-06 
-3.33333 -1.13333 4.61194e-06 
-3.33333 -1.06667 8.43549e-06 
-3.33333 -1 1.53725e-05 
-3.33333 -0.933333 2.78749e-05 
-3.33333 -0.866667 5.02053e-05 
-3.33333 -0.8 8.95992e-05 
-3.33333 -0.733333 0.000157931 
-3.33333 -0.666667 0.000273739 
-3.33333 -0.6 0.000463839 
-3.33333 -0.533333 0.000762397 
-3.33333 -0.466667 0.00120328 
-3.33333 -0.4 0.00180029 
-3.33333 -0.333333 0.00251467 
-3.33333 -0.266667 0.0032287 
-3.33333 -0.2 0.00377393 
-3.33333 -0.133333 0.00404736 
-3.33333 -0.0666667 0.00410322 
-3.33333 -4.16334e-16 0.00401338 
-3.33333 0.0666667 0.0037662 
-3.33333 0.133333 0.00362186 
-3.33333 0.2 0.00380183 
-3.33333 0.266667 0.00423528 
-3.33333 0.333333 0.00511372 
-3.33333 0.4 0.00554577 
-3.33333 0.466667 0.00568942 
-3.33333 0.533333 0.00516846 
-3.33333 0.6 0.00470457 
-3.33333 0.666667 0.00448691 
-3.33333 0.733333 0.00384104 
-3.33333 0.8 0.00345823 
-3.33333 0.866667 0.00316584 
-3.33333 0.933333 0.00241267 
-3.33333 1 0.00197857 
-3.33333 1.06667 0.00158526 
-3.33333 1.13333 0.00136582 
-3.33333 1.2 0.000625693 
-3.33333 1.26667 0.00115 
-3.33333 1.33333 0.00110514 
-3.33333 1.4 0.000706912 
-3.33333 1.46667 0.00114085 
-3.33333 1.53333 0.000954273 
-3.33333 1.6 0.0011521 
-3.33333 1.66667 0.00142902 
-3.33333 1.73333 0.00196647 
-3.33333 1.8 0.00151703 
-3.33333 1.86667 0.00206349 
-3.33333 1.93333 0.000552403 
-3.33333 2 0.00142381 
-3.26667 -2 2.18708e-09 
-3.26667 -1.93333 4.05564e-09 
-3.26667 -1.86667 7.50166e-09 
-3.26667 -1.8 1.38655e-08 
-3.26667 -1.73333 2.56269e-08 
-3.26667 -1.66667 4.73257e-08 
-3.26667 -1.6 8.73834e-08 
-3.26667 -1.53333 1.61291e-07 
-3.26667 -1.46667 2.97561e-07 
-3.26667 -1.4 5.48645e-07 
-3.26667 -1.33333 1.01079e-06 
-3.26667 -1.26667 1.86018e-06 
-3.26667 -1.2 3.41836e-06 
-3.26667 -1.13333 6.2693e-06 
-3.26667 -1.06667 1.14669e-05 
-3.26667 -1 2.08967e-05 
-3.26667 -0.933333 3.78922e-05 
-3.26667 -0.866667 6.82474e-05 
-3.26667 -0.8 0.000121799 
-3.26667 -0.733333 0.000214687 
-3.26667 -0.666667 0.000372115 
-3.26667 -0.6 0.000630537 
-3.26667 -0.533333 0.0010364 
-3.26667 -0.466667 0.00163575 
-3.26667 -0.4 0.00244734 
-3.26667 -0.333333 0.00341851 
-3.26667 -0.266667 0.00438922 
-3.26667 -0.2 0.00513046 
-3.26667 -0.133333 0.00550221 
-3.26667 -0.0666667 0.00557819 
-3.26667 -4.16334e-16 0.0054561 
-3.26667 0.0666667 0.0051201 
-3.26667 0.133333 0.00492389 
-3.26667 0.2 0.00516855 
-3.26667 0.266667 0.00575781 
-3.26667 0.333333 0.00695201 
-3.26667 0.4 0.00753934 
-3.26667 0.466667 0.00773459 
-3.26667 0.533333 0.00702633 
-3.26667 0.6 0.00639566 
-3.26667 0.666667 0.00609976 
-3.26667 0.733333 0.00522174 
-3.26667 0.8 0.00470132 
-3.26667 0.866667 0.00430381 
-3.26667 0.933333 0.00327994 
-3.26667 1 0.00268979 
-3.26667 1.06667 0.00215509 
-3.26667 1.13333 0.00185678 
-3.26667 1.2 0.000850613 
-3.26667 1.26667 0.00156335 
-3.26667 1.33333 0.00150241 
-3.26667 1.4 0.000961022 
-3.26667 1.46667 0.00155092 
-3.26667 1.53333 0.0012973 
-3.26667 1.6 0.00156623 
-3.26667 1.66667 0.00194269 
-3.26667 1.73333 0.00267337 
-3.26667 1.8 0.00206232 
-3.26667 1.86667 0.00280525 
-3.26667 1.93333 0.000750961 
-3.26667 2 0.00193562 
-3.2 -2 2.97773e-09 
-3.2 -1.93333 5.51314e-09 
-3.2 -1.86667 1.01994e-08 
-3.2 -1.8 1.88527e-08 
-3.2 -1.73333 3.48307e-08 
-3.2 -1.66667 6.43407e-08 
-3.2 -1.6 1.18787e-07 
-3.2 -1.53333 2.19241e-07 
-3.2 -1.46667 4.0449e-07 
-3.2 -1.4 7.45805e-07 
-3.2 -1.33333 1.37402e-06 
-3.2 -1.26667 2.52866e-06 
-3.2 -1.2 4.6468e-06 
-3.2 -1.13333 8.52223e-06 
-3.2 -1.06667 1.55876e-05 
-3.2 -1 2.84063e-05 
-3.2 -0.933333 5.15094e-05 
-3.2 -0.866667 9.27734e-05 
-3.2 -0.8 0.00016557 
-3.2 -0.733333 0.000291841 
-3.2 -0.666667 0.000505848 
-3.2 -0.6 0.000857148 
-3.2 -0.533333 0.00140888 
-3.2 -0.466667 0.00222366 
-3.2 -0.4 0.00332699 
-3.2 -0.333333 0.00464726 
-3.2 -0.266667 0.00596693 
-3.2 -0.2 0.00697467 
-3.2 -0.133333 0.00748011 
-3.2 -0.0666667 0.00758347 
-3.2 -4.16334e-16 0.00741754 
-3.2 0.0666667 0.0069608 
-3.2 0.133333 0.00669408 
-3.2 0.2 0.0070267 
-3.2 0.266667 0.00782779 
-3.2 0.333333 0.00945128 
-3.2 0.4 0.0102497 
-3.2 0.466667 0.0105151 
-3.2 0.533333 0.00955215 
-3.2 0.6 0.00869475 
-3.2 0.666667 0.00829245 
-3.2 0.733333 0.00709883 
-3.2 0.8 0.00639131 
-3.2 0.866667 0.00585091 
-3.2 0.933333 0.00445903 
-3.2 1 0.00365672 
-3.2 1.06667 0.00292978 
-3.2 1.13333 0.00252426 
-3.2 1.2 0.0011564 
-3.2 1.26667 0.0021253 
-3.2 1.33333 0.00204252 
-3.2 1.4 0.00130649 
-3.2 1.46667 0.00210842 
-3.2 1.53333 0.00176367 
-3.2 1.6 0.00212924 
-3.2 1.66667 0.00264102 
-3.2 1.73333 0.00363443 
-3.2 1.8 0.00280365 
-3.2 1.86667 0.00381372 
-3.2 1.93333 0.0010209 
-3.2 2 0.00263145 
-3.13333 -2 4.05361e-09 
-3.13333 -1.93333 7.50229e-09 
-3.13333 -1.86667 1.38726e-08 
-3.13333 -1.8 2.56402e-08 
-3.13333 -1.73333 4.73624e-08 
-3.13333 -1.66667 8.74574e-08 
-3.13333 -1.6 1.61481e-07 
-3.13333 -1.53333 2.9804e-07 
-3.13333 -1.46667 5.4985e-07 
-3.13333 -1.4 1.01382e-06 
-3.13333 -1.33333 1.86778e-06 
-3.13333 -1.26667 3.43735e-06 
-3.13333 -1.2 6.31667e-06 
-3.13333 -1.13333 1.15848e-05 
-3.13333 -1.06667 2.11892e-05 
-3.13333 -1 3.86145e-05 
-3.13333 -0.933333 7.00201e-05 
-3.13333 -0.866667 0.000126113 
-3.13333 -0.8 0.000225071 
-3.13333 -0.733333 0.000396723 
-3.13333 -0.666667 0.000687644 
-3.13333 -0.6 0.00116521 
-3.13333 -0.533333 0.00191525 
-3.13333 -0.466667 0.0030229 
-3.13333 -0.4 0.00452284 
-3.13333 -0.333333 0.00631774 
-3.13333 -0.266667 0.00811184 
-3.13333 -0.2 0.00948192 
-3.13333 -0.133333 0.0101692 
-3.13333 -0.0666667 0.0103098 
-3.13333 -4.16334e-16 0.0100843 
-3.13333 0.0666667 0.00946343 
-3.13333 0.133333 0.00910085 
-3.13333 0.2 0.00955306 
-3.13333 0.266667 0.0106421 
-3.13333 0.333333 0.0128493 
-3.13333 0.4 0.0139347 
-3.13333 0.466667 0.0142954 
-3.13333 0.533333 0.0129862 
-3.13333 0.6 0.0118205 
-3.13333 0.666667 0.0112735 
-3.13333 0.733333 0.00965083 
-3.13333 0.8 0.00868894 
-3.13333 0.866667 0.00795425 
-3.13333 0.933333 0.00606207 
-3.13333 1 0.0049713 
-3.13333 1.06667 0.003983 
-3.13333 1.13333 0.00343174 
-3.13333 1.2 0.00157215 
-3.13333 1.26667 0.00288927 
-3.13333 1.33333 0.00277685 
-3.13333 1.4 0.00177618 
-3.13333 1.46667 0.00286636 
-3.13333 1.53333 0.00239772 
-3.13333 1.6 0.00289468 
-3.13333 1.66667 0.00359042 
-3.13333 1.73333 0.00494107 
-3.13333 1.8 0.00381151 
-3.13333 1.86667 0.0051848 
-3.13333 1.93333 0.00138789 
-3.13333 2 0.00357747 
-3.06667 -2 5.52333e-09 
-3.06667 -1.93333 1.02017e-08 
-3.06667 -1.86667 1.88584e-08 
-3.06667 -1.8 3.48522e-08 
-3.06667 -1.73333 6.43813e-08 
-3.06667 -1.66667 1.18899e-07 
-3.06667 -1.6 2.19509e-07 
-3.06667 -1.53333 4.05157e-07 
-3.06667 -1.46667 7.47443e-07 
-3.06667 -1.4 1.37814e-06 
-3.06667 -1.33333 2.53899e-06 
-3.06667 -1.26667 4.67261e-06 
-3.06667 -1.2 8.58663e-06 
-3.06667 -1.13333 1.57479e-05 
-3.06667 -1.06667 2.88039e-05 
-3.06667 -1 5.24912e-05 
-3.06667 -0.933333 9.51832e-05 
-3.06667 -0.866667 0.000171435 
-3.06667 -0.8 0.000305957 
-3.06667 -0.733333 0.0005393 
-3.06667 -0.666667 0.00093478 
-3.06667 -0.6 0.00158399 
-3.06667 -0.533333 0.00260363 
-3.06667 -0.466667 0.00410944 
-3.06667 -0.4 0.00614859 
-3.06667 -0.333333 0.00858878 
-3.06667 -0.266667 0.0110279 
-3.06667 -0.2 0.0128907 
-3.06667 -0.133333 0.0138251 
-3.06667 -0.0666667 0.0140165 
-3.06667 -4.16334e-16 0.0137101 
-3.06667 0.0666667 0.0128661 
-3.06667 0.133333 0.0123732 
-3.06667 0.2 0.012988 
-3.06667 0.266667 0.0144687 
-3.06667 0.333333 0.0174693 
-3.06667 0.4 0.0189448 
-3.06667 0.466667 0.019435 
-3.06667 0.533333 0.017655 
-3.06667 0.6 0.0160701 
-3.06667 0.666667 0.0153265 
-3.06667 0.733333 0.0131205 
-3.06667 0.8 0.0118127 
-3.06667 0.866667 0.0108139 
-3.06667 0.933333 0.00824155 
-3.06667 1 0.0067586 
-3.06667 1.06667 0.00541494 
-3.06667 1.13333 0.00466556 
-3.06667 1.2 0.0021374 
-3.06667 1.26667 0.00392791 
-3.06667 1.33333 0.00377527 
-3.06667 1.4 0.00241477 
-3.06667 1.46667 0.00389681 
-3.06667 1.53333 0.00325977 
-3.06667 1.6 0.00393536 
-3.06667 1.66667 0.0048812 
-3.06667 1.73333 0.00671761 
-3.06667 1.8 0.00518176 
-3.06667 1.86667 0.00704895 
-3.06667 1.93333 0.00188684 
-3.06667 2 0.00486369 
-3 -2 7.50655e-09 
-3 -1.93333 1.38786e-08 
-3 -1.86667 2.56459e-08 
-3 -1.8 4.73815e-08 
-3 -1.73333 8.75184e-08 
-3 -1.66667 1.61624e-07 
-3 -1.6 2.98403e-07 
-3 -1.53333 5.50744e-07 
-3 -1.46667 1.01605e-06 
-3 -1.4 1.87338e-06 
-3 -1.33333 3.45139e-06 
-3 -1.26667 6.35176e-06 
-3 -1.2 1.16723e-05 
-3 -1.13333 2.14071e-05 
-3 -1.06667 3.9155e-05 
-3 -1 7.13548e-05 
-3 -0.933333 0.000129389 
-3 -0.866667 0.000233045 
-3 -0.8 0.000415913 
-3 -0.733333 0.000733119 
-3 -0.666667 0.00127074 
-3 -0.6 0.0021533 
-3 -0.533333 0.00353946 
-3 -0.466667 0.00558657 
-3 -0.4 0.00835881 
-3 -0.333333 0.0116764 
-3 -0.266667 0.0149926 
-3 -0.2 0.0175252 
-3 -0.133333 0.0187958 
-3 -0.0666667 0.0190563 
-3 -4.16334e-16 0.0186399 
-3 0.0666667 0.0174927 
-3 0.133333 0.0168227 
-3 0.2 0.0176586 
-3 0.266667 0.0196715 
-3 0.333333 0.023751 
-3 0.4 0.025757 
-3 0.466667 0.0264232 
-3 0.533333 0.0240029 
-3 0.6 0.0218481 
-3 0.666667 0.020837 
-3 0.733333 0.0178379 
-3 0.8 0.0160599 
-3 0.866667 0.0147019 
-3 0.933333 0.0112049 
-3 1 0.00918866 
-3 1.06667 0.00736181 
-3 1.13333 0.0063431 
-3 1.2 0.00290595 
-3 1.26667 0.00534002 
-3 1.33333 0.00513278 
-3 1.4 0.00328302 
-3 1.46667 0.00529781 
-3 1.53333 0.00443186 
-3 1.6 0.00535029 
-3 1.66667 0.00663615 
-3 1.73333 0.0091331 
-3 1.8 0.00704475 
-3 1.86667 0.00958354 
-3 1.93333 0.00256519 
-3 2 0.00661247 
-2.93333 -2 1.02087e-08 
-2.93333 -1.93333 1.88657e-08 
-2.93333 -1.86667 3.48585e-08 
-2.93333 -1.8 6.44074e-08 
-2.93333 -1.73333 1.18969e-07 
-2.93333 -1.66667 2.19715e-07 
-2.93333 -1.6 4.05637e-07 
-2.93333 -1.53333 7.48658e-07 
-2.93333 -1.46667 1.38118e-06 
-2.93333 -1.4 2.54662e-06 
-2.93333 -1.33333 4.69169e-06 
-2.93333 -1.26667 8.63433e-06 
-2.93333 -1.2 1.58669e-05 
-2.93333 -1.13333 2.91001e-05 
-2.93333 -1.06667 5.32259e-05 
-2.93333 -1 9.69975e-05 
-2.93333 -0.933333 0.000175888 
-2.93333 -0.866667 0.000316796 
-2.93333 -0.8 0.000565386 
-2.93333 -0.733333 0.0009966 
-2.93333 -0.666667 0.00172746 
-2.93333 -0.6 0.00292724 
-2.93333 -0.533333 0.0048117 
-2.93333 -0.466667 0.00759475 
-2.93333 -0.4 0.0113637 
-2.93333 -0.333333 0.0158741 
-2.93333 -0.266667 0.0203829 
-2.93333 -0.2 0.0238264 
-2.93333 -0.133333 0.0255543 
-2.93333 -0.0666667 0.0259088 
-2.93333 -4.16334e-16 0.0253431 
-2.93333 0.0666667 0.0237836 
-2.93333 0.133333 0.0228728 
-2.93333 0.2 0.0240093 
-2.93333 0.266667 0.0267462 
-2.93333 0.333333 0.0322926 
-2.93333 0.4 0.0350196 
-2.93333 0.466667 0.035925 
-2.93333 0.533333 0.0326341 
-2.93333 0.6 0.0297041 
-2.93333 0.666667 0.0283293 
-2.93333 0.733333 0.024252 
-2.93333 0.8 0.0218346 
-2.93333 0.866667 0.0199883 
-2.93333 0.933333 0.015234 
-2.93333 1 0.0124927 
-2.93333 1.06667 0.0100089 
-2.93333 1.13333 0.00862402 
-2.93333 1.2 0.00395095 
-2.93333 1.26667 0.0072599 
-2.93333 1.33333 0.00697862 
-2.93333 1.4 0.00446356 
-2.93333 1.46667 0.00720266 
-2.93333 1.53333 0.00602554 
-2.93333 1.6 0.00727409 
-2.93333 1.66667 0.00902225 
-2.93333 1.73333 0.0124175 
-2.93333 1.8 0.00957774 
-2.93333 1.86667 0.0130298 
-2.93333 1.93333 0.0034875 
-2.93333 2 0.00899028 
-2.86667 -2 1.38761e-08 
-2.86667 -1.93333 2.56526e-08 
-2.86667 -1.86667 4.74016e-08 
-2.86667 -1.8 8.75593e-08 
-2.86667 -1.73333 1.61727e-07 
-2.86667 -1.66667 2.98665e-07 
-2.86667 -1.6 5.51407e-07 
-2.86667 -1.53333 1.01771e-06 
-2.86667 -1.46667 1.87753e-06 
-2.86667 -1.4 3.46176e-06 
-2.86667 -1.33333 6.37769e-06 
-2.86667 -1.26667 1.17372e-05 
-2.86667 -1.2 2.15689e-05 
-2.86667 -1.13333 3.95576e-05 
-2.86667 -1.06667 7.23536e-05 
-2.86667 -1 0.000131856 
-2.86667 -0.933333 0.000239098 
-2.86667 -0.866667 0.000430647 
-2.86667 -0.8 0.000768581 
-2.86667 -0.733333 0.00135478 
-2.86667 -0.666667 0.00234834 
-2.86667 -0.6 0.0039794 
-2.86667 -0.533333 0.0065413 
-2.86667 -0.466667 0.0103249 
-2.86667 -0.4 0.0154491 
-2.86667 -0.333333 0.0215815 
-2.86667 -0.266667 0.0277118 
-2.86667 -0.2 0.032394 
-2.86667 -0.133333 0.0347439 
-2.86667 -0.0666667 0.0352265 
-2.86667 -4.16334e-16 0.0344579 
-2.86667 0.0666667 0.0323381 
-2.86667 0.133333 0.0310999 
-2.86667 0.2 0.0326453 
-2.86667 0.266667 0.0363663 
-2.86667 0.333333 0.0439073 
-2.86667 0.4 0.0476146 
-2.86667 0.466667 0.048845 
-2.86667 0.533333 0.04437 
-2.86667 0.6 0.0403861 
-2.86667 0.666667 0.0385167 
-2.86667 0.733333 0.0329734 
-2.86667 0.8 0.0296865 
-2.86667 0.866667 0.0271761 
-2.86667 0.933333 0.0207127 
-2.86667 1 0.0169854 
-2.86667 1.06667 0.0136081 
-2.86667 1.13333 0.0117255 
-2.86667 1.2 0.00537192 
-2.86667 1.26667 0.00987026 
-2.86667 1.33333 0.00948857 
-2.86667 1.4 0.00606878 
-2.86667 1.46667 0.00979263 
-2.86667 1.53333 0.00819254 
-2.86667 1.6 0.0098899 
-2.86667 1.66667 0.0122666 
-2.86667 1.73333 0.0168835 
-2.86667 1.8 0.0130218 
-2.86667 1.86667 0.017716 
-2.86667 1.93333 0.00474154 
-2.86667 2 0.0122235 
-2.8 -2 1.88672e-08 
-2.8 -1.93333 3.48719e-08 
-2.8 -1.86667 6.4428e-08 
-2.8 -1.8 1.1902e-07 
-2.8 -1.73333 2.19843e-07 
-2.8 -1.66667 4.05988e-07 
-2.8 -1.6 7.49561e-07 
-2.8 -1.53333 1.38343e-06 
-2.8 -1.46667 2.55223e-06 
-2.8 -1.4 4.70578e-06 
-2.8 -1.33333 8.66959e-06 
-2.8 -1.26667 1.59551e-05 
-2.8 -1.2 2.932e-05 
-2.8 -1.13333 5.37732e-05 
-2.8 -1.06667 9.83552e-05 
-2.8 -1 0.000179241 
-2.8 -0.933333 0.000325025 
-2.8 -0.866667 0.000585416 
-2.8 -0.8 0.00104481 
-2.8 -0.733333 0.0018417 
-2.8 -0.666667 0.00319239 
-2.8 -0.6 0.00540979 
-2.8 -0.533333 0.00889272 
-2.8 -0.466667 0.0140368 
-2.8 -0.4 0.0210036 
-2.8 -0.333333 0.0293414 
-2.8 -0.266667 0.0376768 
-2.8 -0.2 0.0440437 
-2.8 -0.133333 0.0472395 
-2.8 -0.0666667 0.0478968 
-2.8 -4.16334e-16 0.0468526 
-2.8 0.0666667 0.0439712 
-2.8 0.133333 0.042288 
-2.8 0.2 0.0443893 
-2.8 0.266667 0.0494487 
-2.8 0.333333 0.0597018 
-2.8 0.4 0.064742 
-2.8 0.466667 0.0664139 
-2.8 0.533333 0.0603286 
-2.8 0.6 0.0549112 
-2.8 0.666667 0.0523691 
-2.8 0.733333 0.0448325 
-2.8 0.8 0.0403633 
-2.8 0.866667 0.0369498 
-2.8 0.933333 0.0281625 
-2.8 1 0.0230944 
-2.8 1.06667 0.0185021 
-2.8 1.13333 0.0159429 
-2.8 1.2 0.00730419 
-2.8 1.26667 0.0134195 
-2.8 1.33333 0.0129017 
-2.8 1.4 0.00825156 
-2.8 1.46667 0.0133143 
-2.8 1.53333 0.0111393 
-2.8 1.6 0.0134468 
-2.8 1.66667 0.0166781 
-2.8 1.73333 0.0229566 
-2.8 1.8 0.0177048 
-2.8 1.86667 0.0240884 
-2.8 1.93333 0.00644667 
-2.8 2 0.01662 
-2.73333 -2 2.56573e-08 
-2.73333 -1.93333 4.74083e-08 
-2.73333 -1.86667 8.75939e-08 
-2.73333 -1.8 1.61801e-07 
-2.73333 -1.73333 2.98852e-07 
-2.73333 -1.66667 5.5188e-07 
-2.73333 -1.6 1.01892e-06 
-2.73333 -1.53333 1.88058e-06 
-2.73333 -1.46667 3.46941e-06 
-2.73333 -1.4 6.39685e-06 
-2.73333 -1.33333 1.17851e-05 
-2.73333 -1.26667 2.16887e-05 
-2.73333 -1.2 3.98565e-05 
-2.73333 -1.13333 7.30976e-05 
-2.73333 -1.06667 0.000133701 
-2.73333 -1 0.000243656 
-2.73333 -0.933333 0.000441834 
-2.73333 -0.866667 0.00079581 
-2.73333 -0.8 0.00142031 
-2.73333 -0.733333 0.00250365 
-2.73333 -0.666667 0.00433986 
-2.73333 -0.6 0.00735442 
-2.73333 -0.533333 0.0120896 
-2.73333 -0.466667 0.0190834 
-2.73333 -0.4 0.0285557 
-2.73333 -0.333333 0.0398927 
-2.73333 -0.266667 0.0512268 
-2.73333 -0.2 0.0598847 
-2.73333 -0.133333 0.0642316 
-2.73333 -0.0666667 0.065127 
-2.73333 -4.16334e-16 0.0637086 
-2.73333 0.0666667 0.0597919 
-2.73333 0.133333 0.0575037 
-2.73333 0.2 0.060361 
-2.73333 0.266667 0.0672404 
-2.73333 0.333333 0.0811816 
-2.73333 0.4 0.088034 
-2.73333 0.466667 0.0903058 
-2.73333 0.533333 0.08203 
-2.73333 0.6 0.074663 
-2.73333 0.666667 0.0712061 
-2.73333 0.733333 0.0609591 
-2.73333 0.8 0.0548819 
-2.73333 0.866667 0.0502404 
-2.73333 0.933333 0.0382933 
-2.73333 1 0.0314018 
-2.73333 1.06667 0.0251571 
-2.73333 1.13333 0.021678 
-2.73333 1.2 0.00993192 
-2.73333 1.26667 0.0182456 
-2.73333 1.33333 0.0175434 
-2.73333 1.4 0.0112199 
-2.73333 1.46667 0.018103 
-2.73333 1.53333 0.0151464 
-2.73333 1.6 0.0182835 
-2.73333 1.66667 0.0226769 
-2.73333 1.73333 0.0312155 
-2.73333 1.8 0.0240727 
-2.73333 1.86667 0.0327542 
-2.73333 1.93333 0.00876528 
-2.73333 2 0.0225988 
-2.66667 -2 3.48777e-08 
-2.66667 -1.93333 6.44491e-08 
-2.66667 -1.86667 1.19073e-07 
-2.66667 -1.8 2.19955e-07 
-2.66667 -1.73333 4.06247e-07 
-2.66667 -1.66667 7.50213e-07 
-2.66667 -1.6 1.38508e-06 
-2.66667 -1.53333 2.55638e-06 
-2.66667 -1.46667 4.71617e-06 
-2.66667 -1.4 8.69563e-06 
-2.66667 -1.33333 1.60202e-05 
-2.66667 -1.26667 2.94828e-05 
-2.66667 -1.2 5.41796e-05 
-2.66667 -1.13333 9.93666e-05 
-2.66667 -1.06667 0.00018175 
-2.66667 -1 0.000331221 
-2.66667 -0.933333 0.000600624 
-2.66667 -0.866667 0.00108182 
-2.66667 -0.8 0.00193079 
-2.66667 -0.733333 0.00340354 
-2.66667 -0.666667 0.00589984 
-2.66667 -0.6 0.0099982 
-2.66667 -0.533333 0.016436 
-2.66667 -0.466667 0.0259449 
-2.66667 -0.4 0.0388243 
-2.66667 -0.333333 0.0542398 
-2.66667 -0.266667 0.0696521 
-2.66667 -0.2 0.0814264 
-2.66667 -0.133333 0.0873394 
-2.66667 -0.0666667 0.0885596 
-2.66667 -4.16334e-16 0.0866331 
-2.66667 0.0666667 0.0813091 
-2.66667 0.133333 0.0781986 
-2.66667 0.2 0.0820842 
-2.66667 0.266667 0.0914385 
-2.66667 0.333333 0.110395 
-2.66667 0.4 0.119712 
-2.66667 0.466667 0.122798 
-2.66667 0.533333 0.111543 
-2.66667 0.6 0.101524 
-2.66667 0.666667 0.0968226 
-2.66667 0.733333 0.08289 
-2.66667 0.8 0.074626 
-2.66667 0.866667 0.0683143 
-2.66667 0.933333 0.0520709 
-2.66667 1 0.0426993 
-2.66667 1.06667 0.0342073 
-2.66667 1.13333 0.0294775 
-2.66667 1.2 0.0135056 
-2.66667 1.26667 0.024808 
-2.66667 1.33333 0.0238562 
-2.66667 1.4 0.0152567 
-2.66667 1.46667 0.024615 
-2.66667 1.53333 0.0205961 
-2.66667 1.6 0.0248611 
-2.66667 1.66667 0.0308345 
-2.66667 1.73333 0.0424477 
-2.66667 1.8 0.0327323 
-2.66667 1.86667 0.0445398 
-2.66667 1.93333 0.0119182 
-2.66667 2 0.0307297 
-2.6 -2 4.74161e-08 
-2.6 -1.93333 8.76139e-08 
-2.6 -1.86667 1.61861e-07 
-2.6 -1.8 2.98996e-07 
-2.6 -1.73333 5.52243e-07 
-2.6 -1.66667 1.01982e-06 
-2.6 -1.6 1.88283e-06 
-2.6 -1.53333 3.47504e-06 
-2.6 -1.46667 6.41098e-06 
-2.6 -1.4 1.18205e-05 
-2.6 -1.33333 2.17773e-05 
-2.6 -1.26667 4.00779e-05 
-2.6 -1.2 7.365e-05 
-2.6 -1.13333 0.000135076 
-2.6 -1.06667 0.000247067 
-2.6 -1 0.000450256 
-2.6 -0.933333 0.000816483 
-2.6 -0.866667 0.00147064 
-2.6 -0.8 0.00262476 
-2.6 -0.733333 0.00462691 
-2.6 -0.666667 0.00802066 
-2.6 -0.6 0.0135926 
-2.6 -0.533333 0.0223455 
-2.6 -0.466667 0.0352745 
-2.6 -0.4 0.0527871 
-2.6 -0.333333 0.0737493 
-2.6 -0.266667 0.0947085 
-2.6 -0.2 0.110722 
-2.6 -0.133333 0.118766 
-2.6 -0.0666667 0.12043 
-2.6 -4.16334e-16 0.117813 
-2.6 0.0666667 0.110577 
-2.6 0.133333 0.106348 
-2.6 0.2 0.111632 
-2.6 0.266667 0.124353 
-2.6 0.333333 0.150131 
-2.6 0.4 0.162798 
-2.6 0.466667 0.166991 
-2.6 0.533333 0.151682 
-2.6 0.6 0.138055 
-2.6 0.666667 0.131661 
-2.6 0.733333 0.112717 
-2.6 0.8 0.101478 
-2.6 0.866667 0.0928947 
-2.6 0.933333 0.0708093 
-2.6 1 0.0580644 
-2.6 1.06667 0.0465154 
-2.6 1.13333 0.0400855 
-2.6 1.2 0.0183663 
-2.6 1.26667 0.0337322 
-2.6 1.33333 0.0324426 
-2.6 1.4 0.0207469 
-2.6 1.46667 0.033471 
-2.6 1.53333 0.0280081 
-2.6 1.6 0.0338066 
-2.6 1.66667 0.0419286 
-2.6 1.73333 0.0577251 
-2.6 1.8 0.044509 
-2.6 1.86667 0.0605695 
-2.6 1.93333 0.0162061 
-2.6 2 0.0417884 
-2.53333 -2 6.446e-08 
-2.53333 -1.93333 1.19099e-07 
-2.53333 -1.86667 2.20028e-07 
-2.53333 -1.8 4.06444e-07 
-2.53333 -1.73333 7.50698e-07 
-2.53333 -1.66667 1.3863e-06 
-2.53333 -1.6 2.55943e-06 
-2.53333 -1.53333 4.72383e-06 
-2.53333 -1.46667 8.71483e-06 
-2.53333 -1.4 1.60683e-05 
-2.53333 -1.33333 2.96032e-05 
-2.53333 -1.26667 5.44806e-05 
-2.53333 -1.2 0.000100117 
-2.53333 -1.13333 0.000183619 
-2.53333 -1.06667 0.000335857 
-2.53333 -1 0.000612073 
-2.53333 -0.933333 0.00110993 
-2.53333 -0.866667 0.0019992 
-2.53333 -0.8 0.00356819 
-2.53333 -0.733333 0.00629009 
-2.53333 -0.666667 0.010904 
-2.53333 -0.6 0.0184795 
-2.53333 -0.533333 0.0303803 
-2.53333 -0.466667 0.0479602 
-2.53333 -0.4 0.0717739 
-2.53333 -0.333333 0.10028 
-2.53333 -0.266667 0.128785 
-2.53333 -0.2 0.150565 
-2.53333 -0.133333 0.16151 
-2.53333 -0.0666667 0.163779 
-2.53333 -4.16334e-16 0.160227 
-2.53333 0.0666667 0.15039 
-2.53333 0.133333 0.144642 
-2.53333 0.2 0.151829 
-2.53333 0.266667 0.169128 
-2.53333 0.333333 0.204183 
-2.53333 0.4 0.221406 
-2.53333 0.466667 0.227103 
-2.53333 0.533333 0.206277 
-2.53333 0.6 0.187743 
-2.53333 0.666667 0.179045 
-2.53333 0.733333 0.153285 
-2.53333 0.8 0.138 
-2.53333 0.866667 0.126327 
-2.53333 0.933333 0.0962969 
-2.53333 1 0.0789632 
-2.53333 1.06667 0.0632557 
-2.53333 1.13333 0.0545141 
-2.53333 1.2 0.024978 
-2.53333 1.26667 0.0458687 
-2.53333 1.33333 0.0441224 
-2.53333 1.4 0.0282147 
-2.53333 1.46667 0.0455155 
-2.53333 1.53333 0.0380899 
-2.53333 1.6 0.0459734 
-2.53333 1.66667 0.0570175 
-2.53333 1.73333 0.0785061 
-2.53333 1.8 0.0605259 
-2.53333 1.86667 0.0823736 
-2.53333 1.93333 0.0220376 
-2.53333 2 0.0568302 
-2.46667 -2 8.76289e-08 
-2.46667 -1.93333 1.6191e-07 
-2.46667 -1.86667 2.99098e-07 
-2.46667 -1.8 5.52503e-07 
-2.46667 -1.73333 1.02047e-06 
-2.46667 -1.66667 1.88448e-06 
-2.46667 -1.6 3.4792e-06 
-2.46667 -1.53333 6.42139e-06 
-2.46667 -1.46667 1.18466e-05 
-2.46667 -1.4 2.18427e-05 
-2.46667 -1.33333 4.02416e-05 
-2.46667 -1.26667 7.40591e-05 
-2.46667 -1.2 0.000136097 
-2.46667 -1.13333 0.000249607 
-2.46667 -1.06667 0.000456559 
-2.46667 -1 0.000832048 
-2.46667 -0.933333 0.00150884 
-2.46667 -0.866667 0.00271776 
-2.46667 -0.8 0.00485075 
-2.46667 -0.733333 0.0085512 
-2.46667 -0.666667 0.0148241 
-2.46667 -0.6 0.0251239 
-2.46667 -0.533333 0.0413054 
-2.46667 -0.466667 0.0652102 
-2.46667 -0.4 0.0975941 
-2.46667 -0.333333 0.136362 
-2.46667 -0.266667 0.175131 
-2.46667 -0.2 0.204758 
-2.46667 -0.133333 0.219653 
-2.46667 -0.0666667 0.222749 
-2.46667 -4.16334e-16 0.217927 
-2.46667 0.0666667 0.204556 
-2.46667 0.133333 0.196741 
-2.46667 0.2 0.206517 
-2.46667 0.266667 0.230044 
-2.46667 0.333333 0.27772 
-2.46667 0.4 0.301137 
-2.46667 0.466667 0.308876 
-2.46667 0.533333 0.280543 
-2.46667 0.6 0.255331 
-2.46667 0.666667 0.243498 
-2.46667 0.733333 0.208468 
-2.46667 0.8 0.187679 
-2.46667 0.866667 0.171801 
-2.46667 0.933333 0.130968 
-2.46667 1 0.107391 
-2.46667 1.06667 0.086026 
-2.46667 1.13333 0.0741418 
-2.46667 1.2 0.0339725 
-2.46667 1.26667 0.0623751 
-2.46667 1.33333 0.060012 
-2.46667 1.4 0.0383731 
-2.46667 1.46667 0.0618979 
-2.46667 1.53333 0.0518045 
-2.46667 1.6 0.0625231 
-2.46667 1.66667 0.0775412 
-2.46667 1.73333 0.106777 
-2.46667 1.8 0.0823117 
-2.46667 1.86667 0.112035 
-2.46667 1.93333 0.0299693 
-2.46667 2 0.0772921 
-2.4 -2 1.1912e-07 
-2.4 -1.93333 2.20087e-07 
-2.4 -1.86667 4.06588e-07 
-2.4 -1.8 7.51061e-07 
-2.4 -1.73333 1.3872e-06 
-2.4 -1.66667 2.56169e-06 
-2.4 -1.6 4.72948e-06 
-2.4 -1.53333 8.72898e-06 
-2.4 -1.46667 1.61038e-05 
-2.4 -1.4 2.96922e-05 
-2.4 -1.33333 5.47031e-05 
-2.4 -1.26667 0.000100674 
-2.4 -1.2 0.000185006 
-2.4 -1.13333 0.000339311 
-2.4 -1.06667 0.000620641 
-2.4 -1 0.00113109 
-2.4 -0.933333 0.00205114 
-2.4 -0.866667 0.00369462 
-2.4 -0.8 0.0065944 
-2.4 -0.733333 0.0116253 
-2.4 -0.666667 0.0201539 
-2.4 -0.6 0.0341582 
-2.4 -0.533333 0.056161 
-2.4 -0.466667 0.0886681 
-2.4 -0.4 0.132709 
-2.4 -0.333333 0.185437 
-2.4 -0.266667 0.238171 
-2.4 -0.2 0.278476 
-2.4 -0.133333 0.298749 
-2.4 -0.0666667 0.302978 
-2.4 -4.16334e-16 0.296433 
-2.4 0.0666667 0.278259 
-2.4 0.133333 0.267634 
-2.4 0.2 0.280933 
-2.4 0.266667 0.312933 
-2.4 0.333333 0.377777 
-2.4 0.4 0.409619 
-2.4 0.466667 0.420129 
-2.4 0.533333 0.381578 
-2.4 0.6 0.347277 
-2.4 0.666667 0.331179 
-2.4 0.733333 0.28354 
-2.4 0.8 0.255261 
-2.4 0.866667 0.233664 
-2.4 0.933333 0.178137 
-2.4 1 0.146066 
-2.4 1.06667 0.117002 
-2.4 1.13333 0.100845 
-2.4 1.2 0.0462101 
-2.4 1.26667 0.0848267 
-2.4 1.33333 0.0816315 
-2.4 1.4 0.0521934 
-2.4 1.46667 0.0841829 
-2.4 1.53333 0.0704632 
-2.4 1.6 0.085037 
-2.4 1.66667 0.10546 
-2.4 1.73333 0.145241 
-2.4 1.8 0.111947 
-2.4 1.86667 0.152392 
-2.4 1.93333 0.0407586 
-2.4 2 0.10513 
-2.33333 -2 1.61934e-07 
-2.33333 -1.93333 2.99181e-07 
-2.33333 -1.86667 5.52701e-07 
-2.33333 -1.8 1.02095e-06 
-2.33333 -1.73333 1.8857e-06 
-2.33333 -1.66667 3.48225e-06 
-2.33333 -1.6 6.42906e-06 
-2.33333 -1.53333 1.18658e-05 
-2.33333 -1.46667 2.18909e-05 
-2.33333 -1.4 4.03625e-05 
-2.33333 -1.33333 7.43616e-05 
-2.33333 -1.26667 0.000136853 
-2.33333 -1.2 0.000251493 
-2.33333 -1.13333 0.000461254 
-2.33333 -1.06667 0.000843695 
-2.33333 -1 0.0015376 
-2.33333 -0.933333 0.00278837 
-2.33333 -0.866667 0.00502263 
-2.33333 -0.8 0.00896493 
-2.33333 -0.733333 0.0158048 
-2.33333 -0.666667 0.0274005 
-2.33333 -0.6 0.0464424 
-2.33333 -0.533333 0.0763623 
-2.33333 -0.466667 0.12057 
-2.33333 -0.4 0.180468 
-2.33333 -0.333333 0.25219 
-2.33333 -0.266667 0.323926 
-2.33333 -0.2 0.378766 
-2.33333 -0.133333 0.406365 
-2.33333 -0.0666667 0.412143 
-2.33333 -4.16334e-16 0.403263 
-2.33333 0.0666667 0.37856 
-2.33333 0.133333 0.364117 
-2.33333 0.2 0.382209 
-2.33333 0.266667 0.425738 
-2.33333 0.333333 0.513942 
-2.33333 0.4 0.557242 
-2.33333 0.466667 0.571513 
-2.33333 0.533333 0.51905 
-2.33333 0.6 0.472378 
-2.33333 0.666667 0.450472 
-2.33333 0.733333 0.385682 
-2.33333 0.8 0.34721 
-2.33333 0.866667 0.31783 
-2.33333 0.933333 0.242319 
-2.33333 1 0.198688 
-2.33333 1.06667 0.159146 
-2.33333 1.13333 0.137179 
-2.33333 1.2 0.0628625 
-2.33333 1.26667 0.115368 
-2.33333 1.33333 0.111052 
-2.33333 1.4 0.0709981 
-2.33333 1.46667 0.1145 
-2.33333 1.53333 0.0958519 
-2.33333 1.6 0.115668 
-2.33333 1.66667 0.143444 
-2.33333 1.73333 0.197583 
-2.33333 1.8 0.152265 
-2.33333 1.86667 0.207307 
-2.33333 1.93333 0.0554366 
-2.33333 2 0.143009 
-2.26667 -2 2.20127e-07 
-2.26667 -1.93333 4.06699e-07 
-2.26667 -1.86667 7.51317e-07 
-2.26667 -1.8 1.38786e-06 
-2.26667 -1.73333 2.56335e-06 
-2.26667 -1.66667 4.73363e-06 
-2.26667 -1.6 8.73942e-06 
-2.26667 -1.53333 1.613e-05 
-2.26667 -1.46667 2.97577e-05 
-2.26667 -1.4 5.48674e-05 
-2.26667 -1.33333 0.000101085 
-2.26667 -1.26667 0.000186034 
-2.26667 -1.2 0.000341875 
-2.26667 -1.13333 0.000627023 
-2.26667 -1.06667 0.00114692 
-2.26667 -1 0.00209024 
-2.26667 -0.933333 0.0037906 
-2.26667 -0.866667 0.00682808 
-2.26667 -0.8 0.0121878 
-2.26667 -0.733333 0.0214873 
-2.26667 -0.666667 0.0372537 
-2.26667 -0.6 0.0631464 
-2.26667 -0.533333 0.103834 
-2.26667 -0.466667 0.163958 
-2.26667 -0.4 0.245431 
-2.26667 -0.333333 0.342997 
-2.26667 -0.266667 0.440597 
-2.26667 -0.2 0.515224 
-2.26667 -0.133333 0.552804 
-2.26667 -0.0666667 0.560708 
-2.26667 -4.16334e-16 0.548663 
-2.26667 0.0666667 0.515087 
-2.26667 0.133333 0.495451 
-2.26667 0.2 0.520069 
-2.26667 0.266667 0.579287 
-2.26667 0.333333 0.699277 
-2.26667 0.4 0.758161 
-2.26667 0.466667 0.777537 
-2.26667 0.533333 0.706128 
-2.26667 0.6 0.642614 
-2.26667 0.666667 0.6128 
-2.26667 0.733333 0.524676 
-2.26667 0.8 0.472332 
-2.26667 0.866667 0.432358 
-2.26667 0.933333 0.329663 
-2.26667 1 0.270296 
-2.26667 1.06667 0.216491 
-2.26667 1.13333 0.186625 
-2.26667 1.2 0.0855264 
-2.26667 1.26667 0.156919 
-2.26667 1.33333 0.151094 
-2.26667 1.4 0.0965889 
-2.26667 1.46667 0.155751 
-2.26667 1.53333 0.130404 
-2.26667 1.6 0.15735 
-2.26667 1.66667 0.195128 
-2.26667 1.73333 0.268822 
-2.26667 1.8 0.207124 
-2.26667 1.86667 0.282045 
-2.26667 1.93333 0.0754075 
-2.26667 2 0.194558 
-2.2 -2 2.99245e-07 
-2.2 -1.93333 5.52835e-07 
-2.2 -1.86667 1.02132e-06 
-2.2 -1.8 1.88659e-06 
-2.2 -1.73333 3.4845e-06 
-2.2 -1.66667 6.43472e-06 
-2.2 -1.6 1.188e-05 
-2.2 -1.53333 2.19265e-05 
-2.2 -1.46667 4.04516e-05 
-2.2 -1.4 7.45849e-05 
-2.2 -1.33333 0.000137412 
-2.2 -1.26667 0.000252891 
-2.2 -1.2 0.00046474 
-2.2 -1.13333 0.000852371 
-2.2 -1.06667 0.00155913 
-2.2 -1 0.00284153 
-2.2 -0.933333 0.00515313 
-2.2 -0.866667 0.00928262 
-2.2 -0.8 0.0165695 
-2.2 -0.733333 0.0292135 
-2.2 -0.666667 0.0506517 
-2.2 -0.6 0.0858617 
-2.2 -0.533333 0.141197 
-2.2 -0.466667 0.222974 
-2.2 -0.4 0.333804 
-2.2 -0.333333 0.466543 
-2.2 -0.266667 0.59935 
-2.2 -0.2 0.700921 
-2.2 -0.133333 0.752109 
-2.2 -0.0666667 0.762929 
-2.2 -4.16334e-16 0.746597 
-2.2 0.0666667 0.700962 
-2.2 0.133333 0.674266 
-2.2 0.2 0.70777 
-2.2 0.266667 0.788341 
-2.2 0.333333 0.951593 
-2.2 0.4 1.03168 
-2.2 0.466667 1.05798 
-2.2 0.533333 0.96076 
-2.2 0.6 0.874309 
-2.2 0.666667 0.833724 
-2.2 0.733333 0.713852 
-2.2 0.8 0.642621 
-2.2 0.866667 0.588225 
-2.2 0.933333 0.448549 
-2.2 1 0.367761 
-2.2 1.06667 0.294536 
-2.2 1.13333 0.253928 
-2.2 1.2 0.116378 
-2.2 1.26667 0.213455 
-2.2 1.33333 0.205606 
-2.2 1.4 0.131421 
-2.2 1.46667 0.211887 
-2.2 1.53333 0.177435 
-2.2 1.6 0.214077 
-2.2 1.66667 0.265464 
-2.2 1.73333 0.365799 
-2.2 1.8 0.281781 
-2.2 1.86667 0.383782 
-2.2 1.93333 0.102584 
-2.2 2 0.264725 
-2.13333 -2 4.06764e-07 
-2.13333 -1.93333 7.51509e-07 
-2.13333 -1.86667 1.38834e-06 
-2.13333 -1.8 2.56456e-06 
-2.13333 -1.73333 4.73669e-06 
-2.13333 -1.66667 8.7471e-06 
-2.13333 -1.6 1.61493e-05 
-2.13333 -1.53333 2.98061e-05 
-2.13333 -1.46667 5.49886e-05 
-2.13333 -1.4 0.000101388 
-2.13333 -1.33333 0.000186794 
-2.13333 -1.26667 0.000343774 
-2.13333 -1.2 0.000631762 
-2.13333 -1.13333 0.00115871 
-2.13333 -1.06667 0.0021195 
-2.13333 -1 0.00386287 
-2.13333 -0.933333 0.00700548 
-2.13333 -0.866667 0.0126197 
-2.13333 -0.8 0.0225271 
-2.13333 -0.733333 0.0397189 
-2.13333 -0.666667 0.0688705 
-2.13333 -0.6 0.116754 
-2.13333 -0.533333 0.192014 
-2.13333 -0.466667 0.303253 
-2.13333 -0.4 0.454036 
-2.13333 -0.333333 0.634656 
-2.13333 -0.266667 0.815399 
-2.13333 -0.2 0.953671 
-2.13333 -0.133333 1.02342 
-2.13333 -0.0666667 1.03825 
-2.13333 -4.16334e-16 1.01611 
-2.13333 0.0666667 0.954089 
-2.13333 0.133333 0.917793 
-2.13333 0.2 0.963398 
-2.13333 0.266667 1.07304 
-2.13333 0.333333 1.29519 
-2.13333 0.4 1.40411 
-2.13333 0.466667 1.4398 
-2.13333 0.533333 1.30741 
-2.13333 0.6 1.18972 
-2.13333 0.666667 1.13446 
-2.13333 0.733333 0.971379 
-2.13333 0.8 0.87443 
-2.13333 0.866667 0.800398 
-2.13333 0.933333 0.610405 
-2.13333 1 0.500444 
-2.13333 1.06667 0.400772 
-2.13333 1.13333 0.345558 
-2.13333 1.2 0.158385 
-2.13333 1.26667 0.290395 
-2.13333 1.33333 0.279833 
-2.13333 1.4 0.178843 
-2.13333 1.46667 0.288294 
-2.13333 1.53333 0.241466 
-2.13333 1.6 0.291298 
-2.13333 1.66667 0.361203 
-2.13333 1.73333 0.497845 
-2.13333 1.8 0.383397 
-2.13333 1.86667 0.522305 
-2.13333 1.93333 0.139573 
-2.13333 2 0.360253 
-2.06667 -2 5.52955e-07 
-2.06667 -1.93333 1.02158e-06 
-2.06667 -1.86667 1.88725e-06 
-2.06667 -1.8 3.48616e-06 
-2.06667 -1.73333 6.43888e-06 
-2.06667 -1.66667 1.18905e-05 
-2.06667 -1.6 2.19527e-05 
-2.06667 -1.53333 4.05173e-05 
-2.06667 -1.46667 7.47497e-05 
-2.06667 -1.4 0.000137825 
-2.06667 -1.33333 0.000253924 
-2.06667 -1.26667 0.000467321 
-2.06667 -1.2 0.000858813 
-2.06667 -1.13333 0.00157516 
-2.06667 -1.06667 0.00288131 
-2.06667 -1 0.00525138 
-2.06667 -0.933333 0.00952382 
-2.06667 -0.866667 0.0171568 
-2.06667 -0.8 0.0306273 
-2.06667 -0.733333 0.0540039 
-2.06667 -0.666667 0.0936461 
-2.06667 -0.6 0.158768 
-2.06667 -0.533333 0.261138 
-2.06667 -0.466667 0.412472 
-2.06667 -0.4 0.617639 
-2.06667 -0.333333 0.86345 
-2.06667 -0.266667 1.10948 
-2.06667 -0.2 1.29776 
-2.06667 -0.133333 1.39283 
-2.06667 -0.0666667 1.41318 
-2.06667 -4.16334e-16 1.3832 
-2.06667 0.0666667 1.2989 
-2.06667 0.133333 1.24955 
-2.06667 0.2 1.31164 
-2.06667 0.266667 1.46087 
-2.06667 0.333333 1.76321 
-2.06667 0.4 1.91137 
-2.06667 0.466667 1.95979 
-2.06667 0.533333 1.77946 
-2.06667 0.6 1.61918 
-2.06667 0.666667 1.54392 
-2.06667 0.733333 1.32204 
-2.06667 0.8 1.19006 
-2.06667 0.866667 1.08928 
-2.06667 0.933333 0.830817 
-2.06667 1 0.681117 
-2.06667 1.06667 0.545415 
-2.06667 1.13333 0.470337 
-2.06667 1.2 0.215597 
-2.06667 1.26667 0.395119 
-2.06667 1.33333 0.380934 
-2.06667 1.4 0.24342 
-2.06667 1.46667 0.392312 
-2.06667 1.53333 0.328666 
-2.06667 1.6 0.396439 
-2.06667 1.66667 0.491549 
-2.06667 1.73333 0.677691 
-2.06667 1.8 0.521739 
-2.06667 1.86667 0.710963 
-2.06667 1.93333 0.189926 
-2.06667 2 0.490344 
-2 -2 7.51651e-07 
-2 -1.93333 1.3887e-06 
-2 -1.86667 2.56545e-06 
-2 -1.8 4.73896e-06 
-2 -1.73333 8.75275e-06 
-2 -1.66667 1.61634e-05 
-2 -1.6 2.98417e-05 
-2 -1.53333 5.50779e-05 
-2 -1.46667 0.000101612 
-2 -1.4 0.000187355 
-2 -1.33333 0.000345179 
-2 -1.26667 0.000635271 
-2 -1.2 0.00116747 
-2 -1.13333 0.0021413 
-2 -1.06667 0.00391695 
-2 -1 0.00713906 
-2 -0.933333 0.0129476 
-2 -0.866667 0.0233255 
-2 -0.8 0.0416414 
-2 -0.733333 0.073429 
-2 -0.666667 0.127341 
-2 -0.6 0.215916 
-2 -0.533333 0.355175 
-2 -0.466667 0.561081 
-2 -0.4 0.840291 
-2 -0.333333 1.17489 
-2 -0.266667 1.50986 
-2 -0.2 1.76631 
-2 -0.133333 1.89595 
-2 -0.0666667 1.92393 
-2 -4.16334e-16 1.88334 
-2 0.0666667 1.76878 
-2 0.133333 1.70168 
-2 0.2 1.78624 
-2 0.266667 1.98939 
-2 0.333333 2.40094 
-2 0.4 2.60249 
-2 0.466667 2.66816 
-2 0.533333 2.42244 
-2 0.6 2.20412 
-2 0.666667 2.10159 
-2 0.733333 1.79964 
-2 0.8 1.61993 
-2 0.866667 1.48271 
-2 0.933333 1.13106 
-2 1 0.927208 
-2 1.06667 0.742403 
-2 1.13333 0.64031 
-2 1.2 0.293542 
-2 1.26667 0.537695 
-2 1.33333 0.518687 
-2 1.4 0.331385 
-2 1.46667 0.533955 
-2 1.53333 0.447453 
-2 1.6 0.539634 
-2 1.66667 0.669055 
-2 1.73333 0.922722 
-2 1.8 0.710127 
-2 1.86667 0.967985 
-2 1.93333 0.25849 
-2 2 0.667557 
-1.93333 -2 1.02178e-06 
-1.93333 -1.93333 1.88774e-06 
-1.93333 -1.86667 3.48737e-06 
-1.93333 -1.8 6.44194e-06 
-1.93333 -1.73333 1.18982e-05 
-1.93333 -1.66667 2.1972e-05 
-1.93333 -1.6 4.05657e-05 
-1.93333 -1.53333 7.48711e-05 
-1.93333 -1.46667 0.000138129 
-1.93333 -1.4 0.000254686 
-1.93333 -1.33333 0.00046923 
-1.93333 -1.26667 0.000863584 
-1.93333 -1.2 0.00158707 
-1.93333 -1.13333 0.00291094 
-1.93333 -1.06667 0.0053249 
-1.93333 -1 0.00970542 
-1.93333 -0.933333 0.0176027 
-1.93333 -0.866667 0.031713 
-1.93333 -0.8 0.0566181 
-1.93333 -0.733333 0.0998456 
-1.93333 -0.666667 0.173168 
-1.93333 -0.6 0.293653 
-1.93333 -0.533333 0.483119 
-1.93333 -0.466667 0.763319 
-1.93333 -0.4 1.14337 
-1.93333 -0.333333 1.59892 
-1.93333 -0.266667 2.05512 
-1.93333 -0.2 2.40453 
-1.93333 -0.133333 2.58141 
-1.93333 -0.0666667 2.61994 
-1.93333 -4.16334e-16 2.56503 
-1.93333 0.0666667 2.40934 
-1.93333 0.133333 2.31811 
-1.93333 0.2 2.4333 
-1.93333 0.266667 2.70992 
-1.93333 0.333333 3.27028 
-1.93333 0.4 3.5445 
-1.93333 0.466667 3.63352 
-1.93333 0.533333 3.29856 
-1.93333 0.6 3.00106 
-1.93333 0.666667 2.86132 
-1.93333 0.733333 2.45036 
-1.93333 0.8 2.20558 
-1.93333 0.866667 2.01869 
-1.93333 0.933333 1.54018 
-1.93333 1 1.26252 
-1.93333 1.06667 1.01076 
-1.93333 1.13333 0.871926 
-1.93333 1.2 0.399774 
-1.93333 1.26667 0.73185 
-1.93333 1.33333 0.706449 
-1.93333 1.4 0.45125 
-1.93333 1.46667 0.726889 
-1.93333 1.53333 0.609326 
-1.93333 1.6 0.734718 
-1.93333 1.66667 0.910858 
-1.93333 1.73333 1.25669 
-1.93333 1.8 0.966743 
-1.93333 1.86667 1.31827 
-1.93333 1.93333 0.351878 
-1.93333 2 0.909042 
-1.86667 -2 1.38895e-06 
-1.86667 -1.93333 2.56611e-06 
-1.86667 -1.86667 4.7406e-06 
-1.86667 -1.8 8.75692e-06 
-1.86667 -1.73333 1.61739e-05 
-1.86667 -1.66667 2.98679e-05 
-1.86667 -1.6 5.51437e-05 
-1.86667 -1.53333 0.000101777 
-1.86667 -1.46667 0.000187769 
-1.86667 -1.4 0.000346215 
-1.86667 -1.33333 0.000637866 
-1.86667 -1.26667 0.00117396 
-1.86667 -1.2 0.00215748 
-1.86667 -1.13333 0.00395724 
-1.86667 -1.06667 0.00723901 
-1.86667 -1 0.0131945 
-1.86667 -0.933333 0.0239317 
-1.86667 -0.866667 0.0431176 
-1.86667 -0.8 0.0769841 
-1.86667 -0.733333 0.135772 
-1.86667 -0.666667 0.235504 
-1.86667 -0.6 0.399413 
-1.86667 -0.533333 0.657221 
-1.86667 -0.466667 1.03859 
-1.86667 -0.4 1.55601 
-1.86667 -0.333333 2.17641 
-1.86667 -0.266667 2.79789 
-1.86667 -0.2 3.27415 
-1.86667 -0.133333 3.51563 
-1.86667 -0.0666667 3.56879 
-1.86667 -4.16334e-16 3.49458 
-1.86667 0.0666667 3.28301 
-1.86667 0.133333 3.15896 
-1.86667 0.2 3.31594 
-1.86667 0.266667 3.6927 
-1.86667 0.333333 4.45588 
-1.86667 0.4 4.82902 
-1.86667 0.466667 4.94965 
-1.86667 0.533333 4.49283 
-1.86667 0.6 4.08727 
-1.86667 0.666667 3.89674 
-1.86667 0.733333 3.33728 
-1.86667 0.8 3.00377 
-1.86667 0.866667 2.74915 
-1.86667 0.933333 2.09791 
-1.86667 1 1.71956 
-1.86667 1.06667 1.37648 
-1.86667 1.13333 1.18767 
-1.86667 1.2 0.544621 
-1.86667 1.26667 0.996325 
-1.86667 1.33333 0.962492 
-1.86667 1.4 0.614649 
-1.86667 1.46667 0.989775 
-1.86667 1.53333 0.830006 
-1.86667 1.6 1.00059 
-1.86667 1.66667 1.24036 
-1.86667 1.73333 1.71207 
-1.86667 1.8 1.31642 
-1.86667 1.86667 1.79587 
-1.86667 1.93333 0.479118 
-1.86667 2 1.23825 
-1.8 -2 1.88809e-06 
-1.8 -1.93333 3.48828e-06 
-1.8 -1.86667 6.44419e-06 
-1.8 -1.8 1.19038e-05 
-1.8 -1.73333 2.19862e-05 
-1.8 -1.66667 4.06014e-05 
-1.8 -1.6 7.49605e-05 
-1.8 -1.53333 0.000138353 
-1.8 -1.46667 0.000255249 
-1.8 -1.4 0.00047064 
-1.8 -1.33333 0.000867112 
-1.8 -1.26667 0.00159588 
-1.8 -1.2 0.00293294 
-1.8 -1.13333 0.00537966 
-1.8 -1.06667 0.00984131 
-1.8 -1 0.0179383 
-1.8 -0.933333 0.0325373 
-1.8 -0.866667 0.0586255 
-1.8 -0.8 0.10468 
-1.8 -0.733333 0.184637 
-1.8 -0.666667 0.320302 
-1.8 -0.6 0.543316 
-1.8 -0.533333 0.894177 
-1.8 -0.466667 1.41335 
-1.8 -0.4 2.11797 
-1.8 -0.333333 2.96313 
-1.8 -0.266667 3.8101 
-1.8 -0.2 4.45953 
-1.8 -0.133333 4.78945 
-1.8 -0.0666667 4.86297 
-1.8 -4.16334e-16 4.76276 
-1.8 0.0666667 4.47528 
-1.8 0.133333 4.30661 
-1.8 0.2 4.52061 
-1.8 0.266667 5.03395 
-1.8 0.333333 6.0737 
-1.8 0.4 6.58152 
-1.8 0.466667 6.74487 
-1.8 0.533333 6.12151 
-1.8 0.6 5.56839 
-1.8 0.666667 5.30849 
-1.8 0.733333 4.54668 
-1.8 0.8 4.09209 
-1.8 0.866667 3.74506 
-1.8 0.933333 2.85856 
-1.8 1 2.34282 
-1.8 1.06667 1.8751 
-1.8 1.13333 1.6183 
-1.8 1.2 0.742218 
-1.8 1.26667 1.35671 
-1.8 1.33333 1.31183 
-1.8 1.4 0.837497 
-1.8 1.46667 1.34812 
-1.8 1.53333 1.131 
-1.8 1.6 1.3631 
-1.8 1.66667 1.68957 
-1.8 1.73333 2.33334 
-1.8 1.8 1.79308 
-1.8 1.86667 2.44739 
-1.8 1.93333 0.652547 
-1.8 2 1.68725 
-1.73333 -2 2.56661e-06 
-1.73333 -1.93333 4.74182e-06 
-1.73333 -1.86667 8.75998e-06 
-1.73333 -1.8 1.61816e-05 
-1.73333 -1.73333 2.98872e-05 
-1.73333 -1.66667 5.51922e-05 
-1.73333 -1.6 0.000101899 
-1.73333 -1.53333 0.000188074 
-1.73333 -1.46667 0.00034698 
-1.73333 -1.4 0.000639782 
-1.73333 -1.33333 0.00117875 
-1.73333 -1.26667 0.00216947 
-1.73333 -1.2 0.00398715 
-1.73333 -1.13333 0.00731347 
-1.73333 -1.06667 0.0133793 
-1.73333 -1 0.0243882 
-1.73333 -0.933333 0.0442385 
-1.73333 -0.866667 0.079714 
-1.73333 -0.8 0.142348 
-1.73333 -0.733333 0.251105 
-1.73333 -0.666667 0.435672 
-1.73333 -0.6 0.739148 
-1.73333 -0.533333 1.21674 
-1.73333 -0.466667 1.9237 
-1.73333 -0.4 2.88353 
-1.73333 -0.333333 4.0353 
-1.73333 -0.266667 5.19003 
-1.73333 -0.2 6.07609 
-1.73333 -0.133333 6.52721 
-1.73333 -0.0666667 6.62914 
-1.73333 -4.16334e-16 6.49402 
-1.73333 0.0666667 6.10342 
-1.73333 0.133333 5.87405 
-1.73333 0.2 6.16595 
-1.73333 0.266667 6.86564 
-1.73333 0.333333 8.28269 
-1.73333 0.4 8.97396 
-1.73333 0.466667 9.195 
-1.73333 0.533333 8.34386 
-1.73333 0.6 7.58905 
-1.73333 0.666667 7.2343 
-1.73333 0.733333 6.19668 
-1.73333 0.8 5.57677 
-1.73333 0.866667 5.10359 
-1.73333 0.933333 3.89656 
-1.73333 1 3.19321 
-1.73333 1.06667 2.55524 
-1.73333 1.13333 2.20595 
-1.73333 1.2 1.01194 
-1.73333 1.26667 1.84799 
-1.73333 1.33333 1.78876 
-1.73333 1.4 1.14159 
-1.73333 1.46667 1.83681 
-1.73333 1.53333 1.54177 
-1.73333 1.6 1.85761 
-1.73333 1.66667 2.30224 
-1.73333 1.73333 3.18143 
-1.73333 1.8 2.44317 
-1.73333 1.86667 3.33668 
-1.73333 1.93333 0.889041 
-1.73333 2 2.29999 
-1.66667 -2 3.48894e-06 
-1.66667 -1.93333 6.44585e-06 
-1.66667 -1.86667 1.1908e-05 
-1.66667 -1.8 2.19966e-05 
-1.66667 -1.73333 4.06276e-05 
-1.66667 -1.66667 7.50264e-05 
-1.66667 -1.6 0.000138519 
-1.66667 -1.53333 0.000255663 
-1.66667 -1.46667 0.000471679 
-1.66667 -1.4 0.000869716 
-1.66667 -1.33333 0.0016024 
-1.66667 -1.26667 0.00294924 
-1.66667 -1.2 0.00542033 
-1.66667 -1.13333 0.00994254 
-1.66667 -1.06667 0.0181895 
-1.66667 -1 0.0331579 
-1.66667 -0.933333 0.0601497 
-1.66667 -0.866667 0.108393 
-1.66667 -0.8 0.193582 
-1.66667 -0.733333 0.341527 
-1.66667 -0.666667 0.592657 
-1.66667 -0.6 1.0057 
-1.66667 -0.533333 1.65595 
-1.66667 -0.466667 2.61887 
-1.66667 -0.4 3.92683 
-1.66667 -0.333333 5.49708 
-1.66667 -0.266667 7.07221 
-1.66667 -0.2 8.28185 
-1.66667 -0.133333 8.89929 
-1.66667 -0.0666667 9.04104 
-1.66667 -4.16334e-16 8.85911 
-1.66667 0.0666667 8.32846 
-1.66667 0.133333 8.01654 
-1.66667 0.2 8.41492 
-1.66667 0.266667 9.36905 
-1.66667 0.333333 11.3012 
-1.66667 0.4 12.2423 
-1.66667 0.466667 12.5412 
-1.66667 0.533333 11.3782 
-1.66667 0.6 10.3475 
-1.66667 0.666667 9.86293 
-1.66667 0.733333 8.44915 
-1.66667 0.8 7.60335 
-1.66667 0.866667 6.95782 
-1.66667 0.933333 5.31394 
-1.66667 1 4.35422 
-1.66667 1.06667 3.48353 
-1.66667 1.13333 3.00838 
-1.66667 1.2 1.38037 
-1.66667 1.26667 2.51802 
-1.66667 1.33333 2.44034 
-1.66667 1.4 1.55682 
-1.66667 1.46667 2.50361 
-1.66667 1.53333 2.10273 
-1.66667 1.6 2.5326 
-1.66667 1.66667 3.13835 
-1.66667 1.73333 4.33997 
-1.66667 1.8 3.33027 
-1.66667 1.86667 4.55135 
-1.66667 1.93333 1.2117 
-1.66667 2 3.13672 
-1.6 -2 4.74273e-06 
-1.6 -1.93333 8.76223e-06 
-1.6 -1.86667 1.61873e-05 
-1.6 -1.8 2.99015e-05 
-1.6 -1.73333 5.52278e-05 
-1.6 -1.66667 0.000101989 
-1.6 -1.6 0.000188299 
-1.6 -1.53333 0.000347544 
-1.6 -1.46667 0.000641195 
-1.6 -1.4 0.00118229 
-1.6 -1.33333 0.00217833 
-1.6 -1.26667 0.0040093 
-1.6 -1.2 0.00736875 
-1.6 -1.13333 0.0135169 
-1.6 -1.06667 0.0247297 
-1.6 -1 0.0450823 
-1.6 -0.933333 0.0817867 
-1.6 -0.866667 0.147398 
-1.6 -0.8 0.263273 
-1.6 -0.733333 0.464552 
-1.6 -0.666667 0.806306 
-1.6 -0.6 1.36859 
-1.6 -0.533333 2.25415 
-1.6 -0.466667 3.56615 
-1.6 -0.4 5.34924 
-1.6 -0.333333 7.49108 
-1.6 -0.266667 9.6409 
-1.6 -0.2 11.2935 
-1.6 -0.133333 12.1395 
-1.6 -0.0666667 12.3373 
-1.6 -4.16334e-16 12.0928 
-1.6 0.0666667 11.372 
-1.6 0.133333 10.9478 
-1.6 0.2 11.4918 
-1.6 0.266667 12.7936 
-1.6 0.333333 15.4293 
-1.6 0.4 16.7111 
-1.6 0.466667 17.1148 
-1.6 0.533333 15.5242 
-1.6 0.6 14.1157 
-1.6 0.666667 13.4533 
-1.6 0.733333 11.5263 
-1.6 0.8 10.3716 
-1.6 0.866667 9.49039 
-1.6 0.933333 7.25083 
-1.6 1 5.94045 
-1.6 1.06667 4.75137 
-1.6 1.13333 4.10494 
-1.6 1.2 1.88403 
-1.6 1.26667 3.43234 
-1.6 1.33333 3.33129 
-1.6 1.4 2.12423 
-1.6 1.46667 3.41402 
-1.6 1.53333 2.86937 
-1.6 1.6 3.45456 
-1.6 1.66667 4.28013 
-1.6 1.73333 5.92392 
-1.6 1.8 4.54155 
-1.6 1.86667 6.2118 
-1.6 1.93333 1.65219 
-1.6 2 4.28021 
-1.53333 -2 6.44707e-06 
-1.53333 -1.93333 1.1911e-05 
-1.53333 -1.86667 2.20043e-05 
-1.53333 -1.8 4.0647e-05 
-1.53333 -1.73333 7.50749e-05 
-1.53333 -1.66667 0.00013864 
-1.53333 -1.6 0.000255969 
-1.53333 -1.53333 0.000472445 
-1.53333 -1.46667 0.000871637 
-1.53333 -1.4 0.00160722 
-1.53333 -1.33333 0.00296128 
-1.53333 -1.26667 0.00545045 
-1.53333 -1.2 0.0100177 
-1.53333 -1.13333 0.0183767 
-1.53333 -1.06667 0.0336223 
-1.53333 -1 0.0612972 
-1.53333 -0.933333 0.111212 
-1.53333 -0.866667 0.20045 
-1.53333 -0.8 0.358081 
-1.53333 -0.733333 0.631961 
-1.53333 -0.666667 1.09713 
-1.53333 -0.6 1.86276 
-1.53333 -0.533333 3.06915 
-1.53333 -0.466667 4.85749 
-1.53333 -0.4 7.28945 
-1.53333 -0.333333 10.2126 
-1.53333 -0.266667 13.1488 
-1.53333 -0.2 15.4084 
-1.53333 -0.133333 16.5692 
-1.53333 -0.0666667 16.8463 
-1.53333 -4.16334e-16 16.5184 
-1.53333 0.0666667 15.5394 
-1.53333 0.133333 14.9625 
-1.53333 0.2 15.7061 
-1.53333 0.266667 17.4833 
-1.53333 0.333333 21.081 
-1.53333 0.4 22.8273 
-1.53333 0.466667 23.3719 
-1.53333 0.533333 21.1942 
-1.53333 0.6 19.2677 
-1.53333 0.666667 18.3614 
-1.53333 0.733333 15.7335 
-1.53333 0.8 14.1559 
-1.53333 0.866667 12.9522 
-1.53333 0.933333 9.9 
-1.53333 1 8.1095 
-1.53333 1.06667 6.48431 
-1.53333 1.13333 5.60477 
-1.53333 1.2 2.57322 
-1.53333 1.26667 4.68084 
-1.53333 1.33333 4.55077 
-1.53333 1.4 2.90027 
-1.53333 1.46667 4.65796 
-1.53333 1.53333 3.91806 
-1.53333 1.6 4.71487 
-1.53333 1.66667 5.84053 
-1.53333 1.73333 8.09159 
-1.53333 1.8 6.19674 
-1.53333 1.86667 8.48377 
-1.53333 1.93333 2.25396 
-1.53333 2 5.8443 
-1.46667 -2 8.76389e-06 
-1.46667 -1.93333 1.61914e-05 
-1.46667 -1.86667 2.99119e-05 
-1.46667 -1.8 5.52541e-05 
-1.46667 -1.73333 0.000102055 
-1.46667 -1.66667 0.000188464 
-1.46667 -1.6 0.000347959 
-1.46667 -1.53333 0.000642237 
-1.46667 -1.46667 0.0011849 
-1.46667 -1.4 0.00218488 
-1.46667 -1.33333 0.00402568 
-1.46667 -1.26667 0.0074097 
-1.46667 -1.2 0.0136191 
-1.46667 -1.13333 0.0249841 
-1.46667 -1.06667 0.0457138 
-1.46667 -1 0.0833473 
-1.46667 -0.933333 0.151232 
-1.46667 -0.866667 0.272617 
-1.46667 -0.8 0.487078 
-1.46667 -0.733333 0.859804 
-1.46667 -0.666667 1.49308 
-1.46667 -0.6 2.5359 
-1.46667 -0.533333 4.17996 
-1.46667 -0.466667 6.61869 
-1.46667 -0.4 9.93753 
-1.46667 -0.333333 13.9298 
-1.46667 -0.266667 17.9432 
-1.46667 -0.2 21.0357 
-1.46667 -0.133333 22.6309 
-1.46667 -0.0666667 23.0207 
-1.46667 -4.16334e-16 22.5823 
-1.46667 0.0666667 21.2529 
-1.46667 0.133333 20.4683 
-1.46667 0.2 21.4856 
-1.46667 0.266667 23.9137 
-1.46667 0.333333 28.8279 
-1.46667 0.4 31.2076 
-1.46667 0.466667 31.9412 
-1.46667 0.533333 28.9563 
-1.46667 0.6 26.3185 
-1.46667 0.666667 25.0771 
-1.46667 0.733333 21.4916 
-1.46667 0.8 19.3343 
-1.46667 0.866667 17.6887 
-1.46667 0.933333 13.5272 
-1.46667 1 11.0785 
-1.46667 1.06667 8.85519 
-1.46667 1.13333 7.6583 
-1.46667 1.2 3.51734 
-1.46667 1.26667 6.38693 
-1.46667 1.33333 6.22183 
-1.46667 1.4 3.96276 
-1.46667 1.46667 6.35908 
-1.46667 1.53333 5.35409 
-1.46667 1.6 6.43933 
-1.46667 1.66667 7.97494 
-1.46667 1.73333 11.0615 
-1.46667 1.8 8.46051 
-1.46667 1.86667 11.5959 
-1.46667 1.93333 3.07678 
-1.46667 2 7.98595 
-1.4 -2 1.19133e-05 
-1.4 -1.93333 2.201e-05 
-1.4 -1.86667 4.06612e-05 
-1.4 -1.8 7.51106e-05 
-1.4 -1.73333 0.00013873 
-1.4 -1.66667 0.000256194 
-1.4 -1.6 0.00047301 
-1.4 -1.53333 0.000873053 
-1.4 -1.46667 0.00161077 
-1.4 -1.4 0.00297018 
-1.4 -1.33333 0.00547271 
-1.4 -1.26667 0.0100734 
-1.4 -1.2 0.0185156 
-1.4 -1.13333 0.0339682 
-1.4 -1.06667 0.0621559 
-1.4 -1 0.113334 
-1.4 -0.933333 0.205666 
-1.4 -0.866667 0.370795 
-1.4 -0.8 0.662617 
-1.4 -0.733333 1.16996 
-1.4 -0.666667 2.03233 
-1.4 -0.6 3.45314 
-1.4 -0.533333 5.69461 
-1.4 -0.466667 9.02206 
-1.4 -0.4 13.5542 
-1.4 -0.333333 19.0108 
-1.4 -0.266667 24.5017 
-1.4 -0.2 28.7392 
-1.4 -0.133333 30.9352 
-1.4 -0.0666667 31.4862 
-1.4 -4.16334e-16 30.902 
-1.4 0.0666667 29.0973 
-1.4 0.133333 28.0302 
-1.4 0.2 29.4234 
-1.4 0.266667 32.7436 
-1.4 0.333333 39.4615 
-1.4 0.4 42.706 
-1.4 0.466667 43.6922 
-1.4 0.533333 39.5951 
-1.4 0.6 35.979 
-1.4 0.666667 34.2762 
-1.4 0.733333 29.3812 
-1.4 0.8 26.4282 
-1.4 0.866667 24.1762 
-1.4 0.933333 18.4994 
-1.4 1 15.1472 
-1.4 1.06667 12.1024 
-1.4 1.13333 10.4734 
-1.4 1.2 4.81238 
-1.4 1.26667 8.7204 
-1.4 1.33333 8.51486 
-1.4 1.4 5.41918 
-1.4 1.46667 8.68778 
-1.4 1.53333 7.32296 
-1.4 1.6 8.80151 
-1.4 1.66667 10.8976 
-1.4 1.73333 15.1358 
-1.4 1.8 11.5598 
-1.4 1.86667 15.8645 
-1.4 1.93333 4.20293 
-1.4 2 10.9221 
-1.33333 -2 1.61945e-05 
-1.33333 -1.93333 2.99196e-05 
-1.33333 -1.86667 5.52734e-05 
-1.33333 -1.8 0.000102103 
-1.33333 -1.73333 0.000188586 
-1.33333 -1.66667 0.000348265 
-1.33333 -1.6 0.000643004 
-1.33333 -1.53333 0.00118683 
-1.33333 -1.46667 0.0021897 
-1.33333 -1.4 0.00403777 
-1.33333 -1.33333 0.00743997 
-1.33333 -1.26667 0.0136948 
-1.33333 -1.2 0.0251731 
-1.33333 -1.13333 0.0461843 
-1.33333 -1.06667 0.0845151 
-1.33333 -1 0.154119 
-1.33333 -0.933333 0.279711 
-1.33333 -0.866667 0.504378 
-1.33333 -0.8 0.901533 
-1.33333 -0.733333 1.59227 
-1.33333 -0.666667 2.76695 
-1.33333 -0.6 4.70352 
-1.33333 -0.533333 7.76099 
-1.33333 -0.466667 12.3039 
-1.33333 -0.4 18.4976 
-1.33333 -0.333333 25.9628 
-1.33333 -0.266667 33.4832 
-1.33333 -0.2 39.2974 
-1.33333 -0.133333 42.3269 
-1.33333 -0.0666667 43.1099 
-1.33333 -4.16334e-16 42.3349 
-1.33333 0.0666667 39.8858 
-1.33333 0.133333 38.4345 
-1.33333 0.2 40.3451 
-1.33333 0.266667 44.8896 
-1.33333 0.333333 54.0822 
-1.33333 0.4 58.5076 
-1.33333 0.466667 59.8304 
-1.33333 0.533333 54.1973 
-1.33333 0.6 49.2328 
-1.33333 0.666667 46.8938 
-1.33333 0.733333 40.206 
-1.33333 0.8 36.159 
-1.33333 0.866667 33.0737 
-1.33333 0.933333 25.3254 
-1.33333 1 20.7306 
-1.33333 1.06667 16.5554 
-1.33333 1.13333 14.338 
-1.33333 1.2 6.59149 
-1.33333 1.26667 11.9153 
-1.33333 1.33333 11.6664 
-1.33333 1.4 7.41844 
-1.33333 1.46667 11.8794 
-1.33333 1.53333 10.0263 
-1.33333 1.6 12.0414 
-1.33333 1.66667 14.9047 
-1.33333 1.73333 20.7342 
-1.33333 1.8 15.8083 
-1.33333 1.86667 21.7281 
-1.33333 1.93333 5.74602 
-1.33333 2 14.9531 
-1.26667 -2 2.20142e-05 
-1.26667 -1.93333 4.06716e-05 
-1.26667 -1.86667 7.51369e-05 
-1.26667 -1.8 0.000138796 
-1.26667 -1.73333 0.000256359 
-1.26667 -1.66667 0.000473426 
-1.26667 -1.6 0.000874096 
-1.26667 -1.53333 0.00161338 
-1.26667 -1.46667 0.00297674 
-1.26667 -1.4 0.00548915 
-1.26667 -1.33333 0.0101145 
-1.26667 -1.26667 0.0186185 
-1.26667 -1.2 0.0342251 
-1.26667 -1.13333 0.0627956 
-1.26667 -1.06667 0.114923 
-1.26667 -1 0.209592 
-1.26667 -0.933333 0.380448 
-1.26667 -0.866667 0.686161 
-1.26667 -0.8 1.22678 
-1.26667 -0.733333 2.16744 
-1.26667 -0.666667 3.76809 
-1.26667 -0.6 6.40884 
-1.26667 -0.533333 10.5818 
-1.26667 -0.466667 16.7886 
-1.26667 -0.4 25.261 
-1.26667 -0.333333 35.485 
-1.26667 -0.266667 45.7984 
-1.26667 -0.2 53.7886 
-1.26667 -0.133333 57.9782 
-1.26667 -0.0666667 59.0977 
-1.26667 -4.16334e-16 58.0753 
-1.26667 0.0666667 54.7531 
-1.26667 0.133333 52.7794 
-1.26667 0.2 55.4034 
-1.26667 0.266667 61.6312 
-1.26667 0.333333 74.2243 
-1.26667 0.4 80.2638 
-1.26667 0.466667 82.0328 
-1.26667 0.533333 74.2729 
-1.26667 0.6 67.4455 
-1.26667 0.666667 64.2268 
-1.26667 0.733333 55.0818 
-1.26667 0.8 49.5275 
-1.26667 0.866667 45.2949 
-1.26667 0.933333 34.7119 
-1.26667 1 28.4051 
-1.26667 1.06667 22.6713 
-1.26667 1.13333 19.6522 
-1.26667 1.2 9.04006 
-1.26667 1.26667 16.2948 
-1.26667 1.33333 16.006 
-1.26667 1.4 10.1674 
-1.26667 1.46667 16.2597 
-1.26667 1.53333 13.7446 
-1.26667 1.6 16.4921 
-1.26667 1.66667 20.4064 
-1.26667 1.73333 28.441 
-1.26667 1.8 21.6402 
-1.26667 1.86667 29.7971 
-1.26667 1.93333 7.86328 
-1.26667 2 20.4969 
-1.2 -2 2.99253e-05 
-1.2 -1.93333 5.52876e-05 
-1.2 -1.86667 0.000102139 
-1.2 -1.8 0.000188676 
-1.2 -1.73333 0.00034849 
-1.2 -1.66667 0.00064357 
-1.2 -1.6 0.00118825 
-1.2 -1.53333 0.00219326 
-1.2 -1.46667 0.00404669 
-1.2 -1.4 0.00746232 
-1.2 -1.33333 0.0137508 
-1.2 -1.26667 0.025313 
-1.2 -1.2 0.0465335 
-1.2 -1.13333 0.0853851 
-1.2 -1.06667 0.156279 
-1.2 -1 0.285053 
-1.2 -0.933333 0.517513 
-1.2 -0.866667 0.933583 
-1.2 -0.8 1.66965 
-1.2 -0.733333 2.95107 
-1.2 -0.666667 5.13302 
-1.2 -0.6 8.73591 
-1.2 -0.533333 14.4352 
-1.2 -0.466667 22.9229 
-1.2 -0.4 34.5244 
-1.2 -0.333333 48.5448 
-1.2 -0.266667 62.7099 
-1.2 -0.2 73.7109 
-1.2 -0.133333 79.5214 
-1.2 -0.0666667 81.1326 
-1.2 -4.16334e-16 79.7936 
-1.2 0.0666667 75.2898 
-1.2 0.133333 72.6058 
-1.2 0.2 76.2163 
-1.2 0.266667 84.7629 
-1.2 0.333333 102.037 
-1.2 0.4 110.285 
-1.2 0.466667 112.642 
-1.2 0.533333 101.927 
-1.2 0.6 92.5191 
-1.2 0.666667 88.0804 
-1.2 0.733333 75.5626 
-1.2 0.8 67.9271 
-1.2 0.866667 62.1113 
-1.2 0.933333 47.6451 
-1.2 1 38.9739 
-1.2 1.06667 31.0856 
-1.2 1.13333 26.9745 
-1.2 1.2 12.4171 
-1.2 1.26667 22.307 
-1.2 1.33333 21.9948 
-1.2 1.4 13.9548 
-1.2 1.46667 22.2815 
-1.2 1.53333 18.869 
-1.2 1.6 22.6168 
-1.2 1.66667 27.9732 
-1.2 1.73333 39.073 
-1.2 1.8 29.6591 
-1.2 1.86667 40.9247 
-1.2 1.93333 10.7729 
-1.2 2 28.1363 
-1.13333 -2 4.06794e-05 
-1.13333 -1.93333 7.51562e-05 
-1.13333 -1.86667 0.000138845 
-1.13333 -1.8 0.000256481 
-1.13333 -1.73333 0.000473732 
-1.13333 -1.66667 0.000874865 
-1.13333 -1.6 0.00161531 
-1.13333 -1.53333 0.00298158 
-1.13333 -1.46667 0.00550128 
-1.13333 -1.4 0.0101449 
-1.13333 -1.33333 0.0186946 
-1.13333 -1.26667 0.0344153 
-1.13333 -1.2 0.0632706 
-1.13333 -1.13333 0.116106 
-1.13333 -1.06667 0.212531 
-1.13333 -1 0.387716 
-1.13333 -0.933333 0.704039 
-1.13333 -0.866667 1.27041 
-1.13333 -0.8 2.27285 
-1.13333 -0.733333 4.01909 
-1.13333 -0.666667 6.99487 
-1.13333 -0.6 11.9135 
-1.13333 -0.533333 19.7038 
-1.13333 -0.466667 31.3221 
-1.13333 -0.4 47.2286 
-1.13333 -0.333333 66.4841 
-1.13333 -0.266667 85.974 
-1.13333 -0.2 101.153 
-1.13333 -0.133333 109.239 
-1.13333 -0.0666667 111.575 
-1.13333 -4.16334e-16 109.838 
-1.13333 0.0666667 103.737 
-1.13333 0.133333 100.088 
-1.13333 0.2 105.066 
-1.13333 0.266667 116.815 
-1.13333 0.333333 140.548 
-1.13333 0.4 151.819 
-1.13333 0.466667 154.943 
-1.13333 0.533333 140.11 
-1.13333 0.6 127.114 
-1.13333 0.666667 120.978 
-1.13333 0.733333 103.823 
-1.13333 0.8 93.3055 
-1.13333 0.866667 85.2993 
-1.13333 0.933333 65.507 
-1.13333 1 53.5613 
-1.13333 1.06667 42.6863 
-1.13333 1.13333 37.0869 
-1.13333 1.2 17.0865 
-1.13333 1.26667 30.5743 
-1.13333 1.33333 30.2813 
-1.13333 1.4 19.1847 
-1.13333 1.46667 30.5757 
-1.13333 1.53333 25.948 
-1.13333 1.6 31.0631 
-1.13333 1.66667 38.4014 
-1.13333 1.73333 53.7784 
-1.13333 1.8 40.7069 
-1.13333 1.86667 56.3083 
-1.13333 1.93333 14.779 
-1.13333 2 38.6884 
-1.06667 -2 5.52981e-05 
-1.06667 -1.93333 0.000102165 
-1.06667 -1.86667 0.000188742 
-1.06667 -1.8 0.000348656 
-1.06667 -1.73333 0.000643986 
-1.06667 -1.66667 0.00118929 
-1.06667 -1.6 0.00219588 
-1.06667 -1.53333 0.00405327 
-1.06667 -1.46667 0.00747881 
-1.06667 -1.4 0.0137921 
-1.06667 -1.33333 0.0254164 
-1.06667 -1.26667 0.0467922 
-1.06667 -1.2 0.086031 
-1.06667 -1.13333 0.157888 
-1.06667 -1.06667 0.289051 
-1.06667 -1 0.527403 
-1.06667 -0.933333 0.957919 
-1.06667 -0.866667 1.72908 
-1.06667 -0.8 3.09472 
-1.06667 -0.733333 5.47537 
-1.06667 -0.666667 9.53604 
-1.06667 -0.6 16.2558 
-1.06667 -0.533333 26.9141 
-1.06667 -0.466667 42.8371 
-1.06667 -0.4 64.6784 
-1.06667 -0.333333 91.171 
-1.06667 -0.266667 118.043 
-1.06667 -0.2 139.042 
-1.06667 -0.133333 150.337 
-1.06667 -0.0666667 153.751 
-1.06667 -4.16334e-16 151.529 
-1.06667 0.0666667 143.273 
-1.06667 0.133333 138.314 
-1.06667 0.2 145.196 
-1.06667 0.266667 161.377 
-1.06667 0.333333 194.044 
-1.06667 0.4 209.459 
-1.06667 0.466667 213.573 
-1.06667 0.533333 192.973 
-1.06667 0.6 174.971 
-1.06667 0.666667 166.463 
-1.06667 0.733333 142.92 
-1.06667 0.8 128.398 
-1.06667 0.866667 117.352 
-1.06667 0.933333 90.244 
-1.06667 1 73.7488 
-1.06667 1.06667 58.7191 
-1.06667 1.13333 51.0913 
-1.06667 1.2 23.5618 
-1.06667 1.26667 41.9651 
-1.06667 1.33333 41.7827 
-1.06667 1.4 26.4266 
-1.06667 1.46667 42.0261 
-1.06667 1.53333 35.7549 
-1.06667 1.6 42.7402 
-1.06667 1.66667 52.8071 
-1.06667 1.73333 74.1794 
-1.06667 1.8 55.9633 
-1.06667 1.86667 77.6382 
-1.06667 1.93333 20.3069 
-1.06667 2 53.3039 
-1 -2 7.51705e-05 
-1 -1.93333 0.00013888 
-1 -1.86667 0.000256571 
-1 -1.8 0.000473957 
-1 -1.73333 0.00087543 
-1 -1.66667 0.00161673 
-1 -1.6 0.00298514 
-1 -1.53333 0.00551022 
-1 -1.46667 0.0101673 
-1 -1.4 0.0187508 
-1 -1.33333 0.034556 
-1 -1.26667 0.0636224 
-1 -1.2 0.116984 
-1 -1.13333 0.21472 
-1 -1.06667 0.393155 
-1 -1 0.7175 
-1 -0.933333 1.30355 
-1 -0.866667 2.35382 
-1 -0.8 4.21494 
-1 -0.733333 7.46207 
-1 -0.666667 13.0068 
-1 -0.6 22.195 
-1 -0.533333 36.7936 
-1 -0.466667 58.6468 
-1 -0.4 88.6899 
-1 -0.333333 125.217 
-1 -0.266667 162.36 
-1 -0.2 191.496 
-1 -0.133333 207.348 
-1 -0.0666667 212.381 
-1 -4.16334e-16 209.591 
-1 0.0666667 198.436 
-1 0.133333 191.699 
-1 0.2 201.242 
-1 0.266667 223.581 
-1 0.333333 268.643 
-1 0.4 289.746 
-1 0.466667 295.117 
-1 0.533333 266.398 
-1 0.6 241.377 
-1 0.666667 229.539 
-1 0.733333 197.178 
-1 0.8 177.07 
-1 0.866667 161.79 
-1 0.933333 124.615 
-1 1 101.774 
-1 1.06667 80.941 
-1 1.13333 70.5485 
-1 1.2 32.5729 
-1 1.26667 57.6959 
-1 1.33333 57.8048 
-1 1.4 36.4866 
-1 1.46667 57.8763 
-1 1.53333 49.3857 
-1 1.6 58.9312 
-1 1.66667 72.7637 
-1 1.73333 102.583 
-1 1.8 77.0893 
-1 1.86667 107.316 
-1 1.93333 27.9542 
-1 2 73.6145 
-0.933333 -2 0.000102184 
-0.933333 -1.93333 0.00018879 
-0.933333 -1.86667 0.000348778 
-0.933333 -1.8 0.000644292 
-0.933333 -1.73333 0.00119006 
-0.933333 -1.66667 0.00219781 
-0.933333 -1.6 0.00405811 
-0.933333 -1.53333 0.00749096 
-0.933333 -1.46667 0.0138225 
-0.933333 -1.4 0.0254928 
-0.933333 -1.33333 0.0469835 
-0.933333 -1.26667 0.0865094 
-0.933333 -1.2 0.159083 
-0.933333 -1.13333 0.292029 
-0.933333 -1.06667 0.534805 
-0.933333 -1 0.976244 
-0.933333 -0.933333 1.77421 
-0.933333 -0.866667 3.20507 
-0.933333 -0.8 5.74252 
-0.933333 -0.733333 10.174 
-0.933333 -0.666667 17.7509 
-0.933333 -0.6 30.3271 
-0.933333 -0.533333 50.3487 
-0.933333 -0.466667 80.391 
-0.933333 -0.4 121.802 
-0.933333 -0.333333 172.289 
-0.933333 -0.266667 223.78 
-0.933333 -0.2 264.352 
-0.933333 -0.133333 286.717 
-0.933333 -0.0666667 294.21 
-0.933333 -4.16334e-16 290.804 
-0.933333 0.0666667 275.763 
-0.933333 0.133333 266.621 
-0.933333 0.2 279.903 
-0.933333 0.266667 310.829 
-0.933333 0.333333 373.152 
-0.933333 0.4 402.07 
-0.933333 0.466667 408.995 
-0.933333 0.533333 368.779 
-0.933333 0.6 333.861 
-0.933333 0.666667 317.323 
-0.933333 0.733333 272.752 
-0.933333 0.8 244.816 
-0.933333 0.866667 223.612 
-0.933333 0.933333 172.558 
-0.933333 1 140.826 
-0.933333 1.06667 111.847 
-0.933333 1.13333 97.6864 
-0.933333 1.2 45.1652 
-0.933333 1.26667 79.4806 
-0.933333 1.33333 80.2222 
-0.933333 1.4 50.5152 
-0.933333 1.46667 79.8871 
-0.933333 1.53333 68.406 
-0.933333 1.6 81.4597 
-0.933333 1.66667 100.502 
-0.933333 1.73333 142.299 
-0.933333 1.8 106.439 
-0.933333 1.86667 148.779 
-0.933333 1.93333 38.5661 
-0.933333 2 101.949 
-0.866667 -2 0.000138907 
-0.866667 -1.93333 0.000256637 
-0.866667 -1.86667 0.000474123 
-0.866667 -1.8 0.000875847 
-0.866667 -1.73333 0.00161778 
-0.866667 -1.66667 0.00298776 
-0.866667 -1.6 0.0055168 
-0.866667 -1.53333 0.0101839 
-0.866667 -1.46667 0.0187922 
-0.866667 -1.4 0.0346598 
-0.866667 -1.33333 0.0638825 
-0.866667 -1.26667 0.117635 
-0.866667 -1.2 0.216345 
-0.866667 -1.13333 0.397207 
-0.866667 -1.06667 0.727574 
-0.866667 -1 1.3285 
-0.866667 -0.933333 2.41531 
-0.866667 -0.866667 4.3654 
-0.866667 -0.8 7.8267 
-0.866667 -0.733333 13.8787 
-0.866667 -0.666667 24.2418 
-0.866667 -0.6 41.4756 
-0.866667 -0.533333 68.9772 
-0.866667 -0.466667 110.359 
-0.866667 -0.4 167.58 
-0.866667 -0.333333 237.572 
-0.866667 -0.266667 309.201 
-0.866667 -0.2 365.939 
-0.866667 -0.133333 397.693 
-0.866667 -0.0666667 408.964 
-0.866667 -4.16334e-16 404.992 
-0.866667 0.0666667 384.769 
-0.866667 0.133333 372.381 
-0.866667 0.2 390.948 
-0.866667 0.266667 433.908 
-0.866667 0.333333 520.369 
-0.866667 0.4 560.044 
-0.866667 0.466667 568.811 
-0.866667 0.533333 512.195 
-0.866667 0.6 463.231 
-0.866667 0.666667 440.012 
-0.866667 0.733333 378.481 
-0.866667 0.8 339.509 
-0.866667 0.866667 309.976 
-0.866667 0.933333 239.742 
-0.866667 1 195.484 
-0.866667 1.06667 155.004 
-0.866667 1.13333 135.711 
-0.866667 1.2 62.8491 
-0.866667 1.26667 109.747 
-0.866667 1.33333 111.752 
-0.866667 1.4 70.1673 
-0.866667 1.46667 110.569 
-0.866667 1.53333 95.0713 
-0.866667 1.6 112.936 
-0.866667 1.66667 139.211 
-0.866667 1.73333 198.115 
-0.866667 1.8 147.371 
-0.866667 1.86667 206.994 
-0.866667 1.93333 53.3449 
-0.866667 2 141.663 
-0.8 -2 0.000188826 
-0.8 -1.93333 0.000348867 
-0.8 -1.86667 0.000644517 
-0.8 -1.8 0.00119063 
-0.8 -1.73333 0.00219923 
-0.8 -1.66667 0.00406168 
-0.8 -1.6 0.00749991 
-0.8 -1.53333 0.013845 
-0.8 -1.46667 0.0255491 
-0.8 -1.4 0.0471247 
-0.8 -1.33333 0.0868631 
-0.8 -1.26667 0.159968 
-0.8 -1.2 0.29424 
-0.8 -1.13333 0.540319 
-0.8 -1.06667 0.989958 
-0.8 -1 1.80819 
-0.8 -0.933333 3.28888 
-0.8 -0.866667 5.94778 
-0.8 -0.8 10.6721 
-0.8 -0.733333 18.9436 
-0.8 -0.666667 33.1325 
-0.8 -0.6 56.7819 
-0.8 -0.533333 94.6273 
-0.8 -0.466667 151.764 
-0.8 -0.4 231.064 
-0.8 -0.333333 328.441 
-0.8 -0.266667 428.501 
-0.8 -0.2 508.247 
-0.8 -0.133333 553.665 
-0.8 -0.0666667 570.817 
-0.8 -4.16334e-16 566.544 
-0.8 0.0666667 539.467 
-0.8 0.133333 522.723 
-0.8 0.2 548.819 
-0.8 0.266667 608.734 
-0.8 0.333333 729.128 
-0.8 0.4 783.626 
-0.8 0.466667 794.424 
-0.8 0.533333 714.211 
-0.8 0.6 645.148 
-0.8 0.666667 612.357 
-0.8 0.733333 527.18 
-0.8 0.8 472.543 
-0.8 0.866667 431.223 
-0.8 0.933333 334.416 
-0.8 1 272.394 
-0.8 1.06667 215.561 
-0.8 1.13333 189.282 
-0.8 1.2 87.8304 
-0.8 1.26667 151.962 
-0.8 1.33333 156.374 
-0.8 1.4 97.8471 
-0.8 1.46667 153.532 
-0.8 1.53333 132.664 
-0.8 1.6 157.133 
-0.8 1.66667 193.484 
-0.8 1.73333 277.035 
-0.8 1.8 204.72 
-0.8 1.86667 289.209 
-0.8 1.93333 74.0156 
-0.8 2 197.632 
-0.733333 -2 0.000256686 
-0.733333 -1.93333 0.000474245 
-0.733333 -1.86667 0.000876153 
-0.733333 -1.8 0.00161855 
-0.733333 -1.73333 0.0029897 
-0.733333 -1.66667 0.00552165 
-0.733333 -1.6 0.010196 
-0.733333 -1.53333 0.0188227 
-0.733333 -1.46667 0.0347365 
-0.733333 -1.4 0.0640745 
-0.733333 -1.33333 0.118116 
-0.733333 -1.26667 0.217549 
-0.733333 -1.2 0.400215 
-0.733333 -1.13333 0.735079 
-0.733333 -1.06667 1.34718 
-0.733333 -1 2.46161 
-0.733333 -0.933333 4.47967 
-0.733333 -0.866667 8.10688 
-0.733333 -0.8 14.5594 
-0.733333 -0.733333 25.8751 
-0.733333 -0.666667 45.3263 
-0.733333 -0.6 77.8334 
-0.733333 -0.533333 130.027 
-0.733333 -0.466667 209.138 
-0.733333 -0.4 319.426 
-0.733333 -0.333333 455.482 
-0.733333 -0.266667 595.955 
-0.733333 -0.2 708.715 
-0.733333 -0.133333 774.244 
-0.733333 -0.0666667 800.678 
-0.733333 -4.16334e-16 796.832 
-0.733333 0.0666667 760.805 
-0.733333 0.133333 738.256 
-0.733333 0.2 775.181 
-0.733333 0.266667 859.154 
-0.733333 0.333333 1027.54 
-0.733333 0.4 1102.5 
-0.733333 0.466667 1115.2 
-0.733333 0.533333 1000.68 
-0.733333 0.6 902.582 
-0.733333 0.666667 855.942 
-0.733333 0.733333 737.644 
-0.733333 0.8 660.58 
-0.733333 0.866667 602.452 
-0.733333 0.933333 468.722 
-0.733333 1 381.306 
-0.733333 1.06667 301.025 
-0.733333 1.13333 265.253 
-0.733333 1.2 123.372 
-0.733333 1.26667 211.112 
-0.733333 1.33333 220.004 
-0.733333 1.4 137.089 
-0.733333 1.46667 214.019 
-0.733333 1.53333 186.017 
-0.733333 1.6 219.559 
-0.733333 1.66667 270.014 
-0.733333 1.73333 389.448 
-0.733333 1.8 285.518 
-0.733333 1.86667 406.143 
-0.733333 1.93333 103.075 
-0.733333 2 277.037 
-0.666667 -2 0.000348933 
-0.666667 -1.93333 0.000644683 
-0.666667 -1.86667 0.00119104 
-0.666667 -1.8 0.00220028 
-0.666667 -1.73333 0.0040643 
-0.666667 -1.66667 0.00750651 
-0.666667 -1.6 0.0138616 
-0.666667 -1.53333 0.0255907 
-0.666667 -1.46667 0.0472289 
-0.666667 -1.4 0.0871243 
-0.666667 -1.33333 0.160622 
-0.666667 -1.26667 0.295878 
-0.666667 -1.2 0.544413 
-0.666667 -1.13333 1.00017 
-0.666667 -1.06667 1.83363 
-0.666667 -1 3.35199 
-0.666667 -0.933333 6.10367 
-0.666667 -0.866667 11.0548 
-0.666667 -0.8 19.875 
-0.666667 -0.733333 35.372 
-0.666667 -0.666667 62.0764 
-0.666667 -0.6 106.847 
-0.666667 -0.533333 179.015 
-0.666667 -0.466667 288.92 
-0.666667 -0.4 442.958 
-0.666667 -0.333333 634.039 
-0.666667 -0.266667 832.439 
-0.666667 -0.2 993.036 
-0.666667 -0.133333 1088.56 
-0.666667 -0.0666667 1129.88 
-0.666667 -4.16334e-16 1128.11 
-0.666667 0.0666667 1080.64 
-0.666667 0.133333 1050.46 
-0.666667 0.2 1103.14 
-0.666667 0.266667 1221.54 
-0.666667 0.333333 1458.33 
-0.666667 0.4 1561.53 
-0.666667 0.466667 1575.26 
-0.666667 0.533333 1410.25 
-0.666667 0.6 1269.69 
-0.666667 0.666667 1202.78 
-0.666667 0.733333 1037.83 
-0.666667 0.8 928.321 
-0.666667 0.866667 846.007 
-0.666667 0.933333 660.795 
-0.666667 1 536.732 
-0.666667 1.06667 422.478 
-0.666667 1.13333 373.846 
-0.666667 1.2 174.372 
-0.666667 1.26667 294.452 
-0.666667 1.33333 311.567 
-0.666667 1.4 193.161 
-0.666667 1.46667 299.735 
-0.666667 1.53333 262.352 
-0.666667 1.6 308.362 
-0.666667 1.66667 378.668 
-0.666667 1.73333 550.994 
-0.666667 1.8 400.112 
-0.666667 1.86667 573.882 
-0.666667 1.93333 144.177 
-0.666667 2 390.598 
-0.6 -2 0.000474335 
-0.6 -1.93333 0.000876379 
-0.6 -1.86667 0.00161911 
-0.6 -1.8 0.00299112 
-0.6 -1.73333 0.00552522 
-0.6 -1.66667 0.010205 
-0.6 -1.6 0.0188452 
-0.6 -1.53333 0.0347929 
-0.6 -1.46667 0.0642162 
-0.6 -1.4 0.118471 
-0.6 -1.33333 0.218439 
-0.6 -1.26667 0.402444 
-0.6 -1.2 0.740651 
-0.6 -1.13333 1.36109 
-0.6 -1.06667 2.49627 
-0.6 -1 4.56573 
-0.6 -0.933333 8.31969 
-0.6 -0.866667 15.0826 
-0.6 -0.8 27.1509 
-0.6 -0.733333 48.4017 
-0.6 -0.666667 85.128 
-0.6 -0.6 146.932 
-0.6 -0.533333 247.029 
-0.6 -0.466667 400.338 
-0.6 -0.4 616.592 
-0.6 -0.333333 886.639 
-0.6 -0.266667 1168.91 
-0.6 -0.2 1399.64 
-0.6 -0.133333 1540.61 
-0.6 -0.0666667 1606.21 
-0.6 -4.16334e-16 1610.06 
-0.6 0.0666667 1548.45 
-0.6 0.133333 1508.49 
-0.6 0.2 1584.42 
-0.6 0.266667 1752.59 
-0.6 0.333333 2087.74 
-0.6 0.4 2229.97 
-0.6 0.466667 2242.16 
-0.6 0.533333 2001.67 
-0.6 0.6 1798.12 
-0.6 0.666667 1701.13 
-0.6 0.733333 1470.04 
-0.6 0.8 1312.97 
-0.6 0.866667 1195.45 
-0.6 0.933333 938.209 
-0.6 1 760.629 
-0.6 1.06667 596.528 
-0.6 1.13333 530.57 
-0.6 1.2 248.322 
-0.6 1.26667 412.654 
-0.6 1.33333 444.803 
-0.6 1.4 274.05 
-0.6 1.46667 422.164 
-0.6 1.53333 372.646 
-0.6 1.6 435.779 
-0.6 1.66667 534.216 
-0.6 1.73333 785.683 
-0.6 1.8 563.953 
-0.6 1.86667 817.012 
-0.6 1.93333 202.74 
-0.6 2 554.591 
-0.533333 -2 0.000644805 
-0.533333 -1.93333 0.00119135 
-0.533333 -1.86667 0.00220105 
-0.533333 -1.8 0.00406624 
-0.533333 -1.73333 0.00751136 
-0.533333 -1.66667 0.0138738 
-0.533333 -1.6 0.0256212 
-0.533333 -1.53333 0.0473056 
-0.533333 -1.46667 0.0873169 
-0.533333 -1.4 0.161105 
-0.533333 -1.33333 0.297089 
-0.533333 -1.26667 0.547445 
-0.533333 -1.2 1.00776 
-0.533333 -1.13333 1.85258 
-0.533333 -1.06667 3.39922 
-0.533333 -1 6.22109 
-0.533333 -0.933333 11.3455 
-0.533333 -0.866667 20.591 
-0.533333 -0.8 37.1218 
-0.533333 -0.733333 66.3073 
-0.533333 -0.666667 116.921 
-0.533333 -0.6 202.479 
-0.533333 -0.533333 341.834 
-0.533333 -0.466667 556.743 
-0.533333 -0.4 862.262 
-0.533333 -0.333333 1246.86 
-0.533333 -0.266667 1652.05 
-0.533333 -0.2 1987.08 
-0.533333 -0.133333 2198.2 
-0.533333 -0.0666667 2304.25 
-0.533333 -4.16334e-16 2320.99 
-0.533333 0.0666667 2243.12 
-0.533333 0.133333 2191.17 
-0.533333 0.2 2302.06 
-0.533333 0.266667 2543.15 
-0.533333 0.333333 3021.32 
-0.533333 0.4 3217.36 
-0.533333 0.466667 3221.76 
-0.533333 0.533333 2866.39 
-0.533333 0.6 2567.67 
-0.533333 0.666667 2425.23 
-0.533333 0.733333 2099.6 
-0.533333 0.8 1871.67 
-0.533333 0.866667 1702.2 
-0.533333 0.933333 1343.78 
-0.533333 1 1086.9 
-0.533333 1.06667 848.506 
-0.533333 1.13333 759.43 
-0.533333 1.2 356.927 
-0.533333 1.26667 581.65 
-0.533333 1.33333 641.361 
-0.533333 1.4 392.109 
-0.533333 1.46667 598.726 
-0.533333 1.53333 533.93 
-0.533333 1.6 620.534 
-0.533333 1.66667 759.168 
-0.533333 1.73333 1131.23 
-0.533333 1.8 800.523 
-0.533333 1.86667 1173.94 
-0.533333 1.93333 286.924 
-0.533333 2 794.248 
-0.466667 -2 0.000876545 
-0.466667 -1.93333 0.00161953 
-0.466667 -1.86667 0.00299216 
-0.466667 -1.8 0.00552785 
-0.466667 -1.73333 0.0102116 
-0.466667 -1.66667 0.0188618 
-0.466667 -1.6 0.0348345 
-0.466667 -1.53333 0.0643206 
-0.466667 -1.46667 0.118733 
-0.466667 -1.4 0.219096 
-0.466667 -1.33333 0.404091 
-0.466667 -1.26667 0.744778 
-0.466667 -1.2 1.37142 
-0.466667 -1.13333 2.52209 
-0.466667 -1.06667 4.63014 
-0.466667 -1 8.47998 
-0.466667 -0.933333 15.4801 
-0.466667 -0.866667 28.1317 
-0.466667 -0.8 50.8054 
-0.466667 -0.733333 90.9608 
-0.466667 -0.666667 160.886 
-0.466667 -0.6 279.724 
-0.466667 -0.533333 474.615 
-0.466667 -0.466667 777.699 
-0.466667 -0.4 1212.71 
-0.466667 -0.333333 1765.72 
-0.466667 -0.266667 2353.86 
-0.466667 -0.2 2846.72 
-0.466667 -0.133333 3168.62 
-0.466667 -0.0666667 3343.65 
-0.466667 -4.16334e-16 3388.2 
-0.466667 0.0666667 3294.46 
-0.466667 0.133333 3229.24 
-0.466667 0.2 3393.97 
-0.466667 0.266667 3743.66 
-0.466667 0.333333 4432.66 
-0.466667 0.4 4702.46 
-0.466667 0.466667 4684.92 
-0.466667 0.533333 4150.57 
-0.466667 0.6 3704.75 
-0.466667 0.666667 3492.15 
-0.466667 0.733333 3030.06 
-0.466667 0.8 2694.29 
-0.466667 0.866667 2446.75 
-0.466667 0.933333 1945.75 
-0.466667 1 1569.22 
-0.466667 1.06667 1217.89 
-0.466667 1.13333 1098.52 
-0.466667 1.2 518.971 
-0.466667 1.26667 825.636 
-0.466667 1.33333 936.353 
-0.466667 1.4 566.917 
-0.466667 1.46667 856.405 
-0.466667 1.53333 773.302 
-0.466667 1.6 891.917 
-0.466667 1.66667 1088.6 
-0.466667 1.73333 1648.55 
-0.466667 1.8 1146.27 
-0.466667 1.86667 1706.28 
-0.466667 1.93333 409.243 
-0.466667 2 1149.67 
-0.4 -2 0.00119158 
-0.4 -1.93333 0.00220162 
-0.4 -1.86667 0.00406766 
-0.4 -1.8 0.00751493 
-0.4 -1.73333 0.0138827 
-0.4 -1.66667 0.0256438 
-0.4 -1.6 0.0473622 
-0.4 -1.53333 0.0874589 
-0.4 -1.46667 0.161462 
-0.4 -1.4 0.297983 
-0.4 -1.33333 0.549687 
-0.4 -1.26667 1.01338 
-0.4 -1.2 1.86665 
-0.4 -1.13333 3.43441 
-0.4 -1.06667 6.30897 
-0.4 -1 11.5645 
-0.4 -0.933333 21.1349 
-0.4 -0.866667 38.4674 
-0.4 -0.8 69.6153 
-0.4 -0.733333 124.983 
-0.4 -0.666667 221.874 
-0.4 -0.6 387.608 
-0.4 -0.533333 661.681 
-0.4 -0.466667 1092.32 
-0.4 -0.4 1717.78 
-0.4 -0.333333 2522.65 
-0.4 -0.266667 3388.37 
-0.4 -0.2 4125.28 
-0.4 -0.133333 4627.04 
-0.4 -0.0666667 4923.15 
-0.4 -4.16334e-16 5026.48 
-0.4 0.0666667 4924.92 
-0.4 0.133333 4848.8 
-0.4 0.2 5099.17 
-0.4 0.266667 5614.1 
-0.4 0.333333 6619.31 
-0.4 0.4 6988.73 
-0.4 0.466667 6917.63 
-0.4 0.533333 6096.26 
-0.4 0.6 5416.26 
-0.4 0.666667 5092.35 
-0.4 0.733333 4430.84 
-0.4 0.8 3926.43 
-0.4 0.866667 3558.91 
-0.4 0.933333 2856.53 
-0.4 1 2295.22 
-0.4 1.06667 1767.86 
-0.4 1.13333 1610.16 
-0.4 1.2 765.608 
-0.4 1.26667 1182.13 
-0.4 1.33333 1388.83 
-0.4 1.4 830.463 
-0.4 1.46667 1238.1 
-0.4 1.53333 1135.24 
-0.4 1.6 1297.03 
-0.4 1.66667 1578.67 
-0.4 1.73333 2439.66 
-0.4 1.8 1659.31 
-0.4 1.86667 2516.21 
-0.4 1.93333 589.331 
-0.4 2 1686.56 
-0.333333 -2 0.00161984 
-0.333333 -1.93333 0.00299293 
-0.333333 -1.86667 0.00552979 
-0.333333 -1.8 0.0102164 
-0.333333 -1.73333 0.018874 
-0.333333 -1.66667 0.0348652 
-0.333333 -1.6 0.0643975 
-0.333333 -1.53333 0.118926 
-0.333333 -1.46667 0.219581 
-0.333333 -1.4 0.405308 
-0.333333 -1.33333 0.747829 
-0.333333 -1.26667 1.37907 
-0.333333 -1.2 2.54126 
-0.333333 -1.13333 4.67813 
-0.333333 -1.06667 8.59995 
-0.333333 -1 15.7795 
-0.333333 -0.933333 28.8771 
-0.333333 -0.866667 52.6542 
-0.333333 -0.8 95.5235 
-0.333333 -0.733333 172.062 
-0.333333 -0.666667 306.795 
-0.333333 -0.6 539.075 
-0.333333 -0.533333 927.141 
-0.333333 -0.466667 1544.77 
-0.333333 -0.4 2455.39 
-0.333333 -0.333333 3645.34 
-0.333333 -0.266667 4942.78 
-0.333333 -0.2 6067.61 
-0.333333 -0.133333 6871.82 
-0.333333 -0.0666667 7388.15 
-0.333333 -4.16334e-16 7616.33 
-0.333333 0.0666667 7535.96 
-0.333333 0.133333 7462.87 
-0.333333 0.2 7855.44 
-0.333333 0.266667 8629.08 
-0.333333 0.333333 10119 
-0.333333 0.4 10618.2 
-0.333333 0.466667 10422.1 
-0.333333 0.533333 9122.77 
-0.333333 0.6 8055.29 
-0.333333 0.666667 7548.35 
-0.333333 0.733333 6590.88 
-0.333333 0.8 5812.96 
-0.333333 0.866667 5255.39 
-0.333333 0.933333 4269.08 
-0.333333 1 3413.6 
-0.333333 1.06667 2602.8 
-0.333333 1.13333 2400.21 
-0.333333 1.2 1150.68 
-0.333333 1.26667 1710.81 
-0.333333 1.33333 2102.75 
-0.333333 1.4 1237.01 
-0.333333 1.46667 1814.28 
-0.333333 1.53333 1695.6 
-0.333333 1.6 1914.23 
-0.333333 1.66667 2322.45 
-0.333333 1.73333 3683.05 
-0.333333 1.8 2435.29 
-0.333333 1.86667 3780.28 
-0.333333 1.93333 858.826 
-0.333333 2 2516.8 
-0.266667 -2 0.00220203 
-0.266667 -1.93333 0.00406871 
-0.266667 -1.86667 0.00751756 
-0.266667 -1.8 0.0138893 
-0.266667 -1.73333 0.0256604 
-0.266667 -1.66667 0.0474039 
-0.266667 -1.6 0.0875635 
-0.266667 -1.53333 0.161724 
-0.266667 -1.46667 0.298642 
-0.266667 -1.4 0.551343 
-0.266667 -1.33333 1.01753 
-0.266667 -1.26667 1.87707 
-0.266667 -1.2 3.46054 
-0.266667 -1.13333 6.37444 
-0.266667 -1.06667 11.7284 
-0.266667 -1 21.5448 
-0.266667 -0.933333 39.49 
-0.266667 -0.866667 72.1606 
-0.266667 -0.8 131.293 
-0.266667 -0.733333 237.425 
-0.266667 -0.666667 425.587 
-0.266667 -0.6 753.108 
-0.266667 -0.533333 1307.3 
-0.266667 -0.466667 2203.82 
-0.266667 -0.4 3551.55 
-0.266667 -0.333333 5348.1 
-0.266667 -0.266667 7339.6 
-0.266667 -0.2 9103.46 
-0.266667 -0.133333 10440.3 
-0.266667 -0.0666667 11376 
-0.266667 -4.16334e-16 11876.9 
-0.266667 0.0666667 11904.1 
-0.266667 0.133333 11882.6 
-0.266667 0.2 12526.4 
-0.266667 0.266667 13721.2 
-0.266667 0.333333 15975.8 
-0.266667 0.4 16627.6 
-0.266667 0.466667 16138.1 
-0.266667 0.533333 14002 
-0.266667 0.6 12258.7 
-0.266667 0.666667 11436.1 
-0.266667 0.733333 10030.5 
-0.266667 0.8 8786.16 
-0.266667 0.866667 7914.95 
-0.266667 0.933333 6533.17 
-0.266667 1 5189.89 
-0.266667 1.06667 3902.44 
-0.266667 1.13333 3657.55 
-0.266667 1.2 1772.3 
-0.266667 1.26667 2509.68 
-0.266667 1.33333 3272.49 
-0.266667 1.4 1883.11 
-0.266667 1.46667 2705.71 
-0.266667 1.53333 2590.35 
-0.266667 1.6 2879.7 
-0.266667 1.66667 3481.14 
-0.266667 1.73333 5710.13 
-0.266667 1.8 3638.53 
-0.266667 1.86667 5820.22 
-0.266667 1.93333 1270.45 
-0.266667 2 3840.37 
-0.2 -2 0.0029935 
-0.2 -1.93333 0.00553121 
-0.2 -1.86667 0.01022 
-0.2 -1.8 0.018883 
-0.2 -1.73333 0.0348877 
-0.2 -1.66667 0.0644541 
-0.2 -1.6 0.119069 
-0.2 -1.53333 0.219938 
-0.2 -1.46667 0.406205 
-0.2 -1.4 0.750083 
-0.2 -1.33333 1.38472 
-0.2 -1.26667 2.55545 
-0.2 -1.2 4.71377 
-0.2 -1.13333 8.68934 
-0.2 -1.06667 16.0037 
-0.2 -1 29.4386 
-0.2 -0.933333 54.0597 
-0.2 -0.866667 99.0355 
-0.2 -0.8 180.816 
-0.2 -0.733333 328.53 
-0.2 -0.666667 592.695 
-0.2 -0.6 1058 
-0.2 -0.533333 1858.08 
-0.2 -0.466667 3180.1 
-0.2 -0.4 5219.93 
-0.2 -0.333333 8013.52 
-0.2 -0.266667 11174 
-0.2 -0.2 14042.9 
-0.2 -0.133333 16379.6 
-0.2 -0.0666667 18166.2 
-0.2 -4.16334e-16 19296.8 
-0.2 0.0666667 19683.9 
-0.2 0.133333 19871.8 
-0.2 0.2 21002.4 
-0.2 0.266667 22923 
-0.2 0.333333 26430.8 
-0.2 0.4 27200.8 
-0.2 0.466667 25991.1 
-0.2 0.533333 22282.3 
-0.2 0.6 19267.5 
-0.2 0.666667 17863.1 
-0.2 0.733333 15760.1 
-0.2 0.8 13660.8 
-0.2 0.866667 12240.4 
-0.2 0.933333 10331.5 
-0.2 1 8131.29 
-0.2 1.06667 5992.63 
-0.2 1.13333 5741.24 
-0.2 1.2 2822.3 
-0.2 1.26667 3746.18 
-0.2 1.33333 5292.44 
-0.2 1.4 2951.71 
-0.2 1.46667 4131.42 
-0.2 1.53333 4079.47 
-0.2 1.6 4443.85 
-0.2 1.66667 5350.89 
-0.2 1.73333 9187.07 
-0.2 1.8 5567.03 
-0.2 1.86667 9264.94 
-0.2 1.93333 1915.76 
-0.2 2 6038.21 
-0.133333 -2 0.00406948 
-0.133333 -1.93333 0.0075195 
-0.133333 -1.86667 0.0138942 
-0.133333 -1.8 0.0256726 
-0.133333 -1.73333 0.0474345 
-0.133333 -1.66667 0.0876405 
-0.133333 -1.6 0.161918 
-0.133333 -1.53333 0.299128 
-0.133333 -1.46667 0.552564 
-0.133333 -1.4 1.0206 
-0.133333 -1.33333 1.88477 
-0.133333 -1.26667 3.4799 
-0.133333 -1.2 6.42306 
-0.133333 -1.13333 11.8505 
-0.133333 -1.06667 21.8515 
-0.133333 -1 40.2607 
-0.133333 -0.933333 74.096 
-0.133333 -0.866667 136.152 
-0.133333 -0.8 249.616 
-0.133333 -0.733333 456.131 
-0.133333 -0.666667 829.409 
-0.133333 -0.6 1496.76 
-0.133333 -0.533333 2668.33 
-0.133333 -0.466667 4660.19 
-0.133333 -0.4 7849.17 
-0.133333 -0.333333 12393.1 
-0.133333 -0.266667 17668.1 
-0.133333 -0.2 22586.9 
-0.133333 -0.133333 26995.7 
-0.133333 -0.0666667 30677.2 
-0.133333 -4.16334e-16 33417.1 
-0.133333 0.0666667 34961.4 
-0.133333 0.133333 35910.4 
-0.133333 0.2 38137.1 
-0.133333 0.266667 41424 
-0.133333 0.333333 47099.6 
-0.133333 0.4 47672.8 
-0.133333 0.466667 44514 
-0.133333 0.533333 37509.1 
-0.133333 0.6 31797.9 
-0.133333 0.666667 29208.7 
-0.133333 0.733333 25974.3 
-0.133333 0.8 22123.5 
-0.133333 0.866667 19648.3 
-0.133333 0.933333 17147.7 
-0.133333 1 13304.2 
-0.133333 1.06667 9506.34 
-0.133333 1.13333 9397.34 
-0.133333 1.2 4714.76 
-0.133333 1.26667 5721.59 
-0.133333 1.33333 9064.16 
-0.133333 1.4 4820.55 
-0.133333 1.46667 6521.71 
-0.133333 1.53333 6706.33 
-0.133333 1.6 7104.16 
-0.133333 1.66667 8522.71 
-0.133333 1.73333 15617.8 
-0.133333 1.8 8803.51 
-0.133333 1.86667 15469.4 
-0.133333 1.93333 2962.41 
-0.133333 2 9901.48 
-0.0666667 -2 0.00553226 
-0.0666667 -1.93333 0.0102227 
-0.0666667 -1.86667 0.0188896 
-0.0666667 -1.8 0.0349043 
-0.0666667 -1.73333 0.0644958 
-0.0666667 -1.66667 0.119173 
-0.0666667 -1.6 0.220201 
-0.0666667 -1.53333 0.406866 
-0.0666667 -1.46667 0.751744 
-0.0666667 -1.4 1.3889 
-0.0666667 -1.33333 2.56595 
-0.0666667 -1.26667 4.74016 
-0.0666667 -1.2 8.75572 
-0.0666667 -1.13333 16.1707 
-0.0666667 -1.06667 29.8591 
-0.0666667 -1 55.119 
-0.0666667 -0.933333 101.707 
-0.0666667 -0.866667 187.561 
-0.0666667 -0.8 345.586 
-0.0666667 -0.733333 635.907 
-0.0666667 -0.666667 1167.66 
-0.0666667 -0.6 2136.56 
-0.0666667 -0.533333 3885.2 
-0.0666667 -0.466667 6980.94 
-0.0666667 -0.4 12230.3 
-0.0666667 -0.333333 20238.2 
-0.0666667 -0.266667 29871.3 
-0.0666667 -0.2 39044.8 
-0.0666667 -0.133333 48629.1 
-0.0666667 -0.0666667 57271.9 
-0.0666667 -4.16334e-16 65055 
-0.0666667 0.0666667 70872.7 
-0.0666667 0.133333 75022.1 
-0.0666667 0.2 80537.1 
-0.0666667 0.266667 86842.8 
-0.0666667 0.333333 96593 
-0.0666667 0.4 95053.4 
-0.0666667 0.466667 85482.4 
-0.0666667 0.533333 70033.5 
-0.0666667 0.6 57117.2 
-0.0666667 0.666667 51692.1 
-0.0666667 0.733333 46449 
-0.0666667 0.8 38232.5 
-0.0666667 0.866667 33362.4 
-0.0666667 0.933333 30823.4 
-0.0666667 1 23310.8 
-0.0666667 1.06667 15795.6 
-0.0666667 1.13333 16398.3 
-0.0666667 1.2 8490 
-0.0666667 1.26667 9017.06 
-0.0666667 1.33333 17091.3 
-0.0666667 1.4 8373.81 
-0.0666667 1.46667 10835 
-0.0666667 1.53333 11765.3 
-0.0666667 1.6 11966.6 
-0.0666667 1.66667 14335.7 
-0.0666667 1.73333 29105.3 
-0.0666667 1.8 14619.9 
-0.0666667 1.86667 27809.6 
-0.0666667 1.93333 4739.23 
-0.0666667 2 17292.2 
