-4 -2 5.06938e-09 
-4 -1.93333 9.36602e-09 
-4 -1.86667 1.73036e-08 
-4 -1.8 3.19655e-08 
-4 -1.73333 5.90446e-08 
-4 -1.66667 1.09049e-07 
-4 -1.6 2.01363e-07 
-4 -1.53333 3.71732e-07 
-4 -1.46667 6.86008e-07 
-4 -1.4 1.26539e-06 
-4 -1.33333 2.33262e-06 
-4 -1.26667 4.29624e-06 
-4 -1.2 7.90359e-06 
-4 -1.13333 1.45167e-05 
-4 -1.06667 2.6606e-05 
-4 -1 4.8621e-05 
-4 -0.933333 8.85034e-05 
-4 -0.866667 0.000160248 
-4 -0.8 0.000288095 
-4 -0.733333 0.000513029 
-4 -0.666667 0.0009021 
-4 -0.6 0.00156002 
-4 -0.533333 0.00263989 
-4 -0.466667 0.00434499 
-4 -0.4 0.0069077 
-4 -0.333333 0.0105313 
-4 -0.266667 0.0152972 
-4 -0.2 0.0210767 
-4 -0.133333 0.0275102 
-4 -0.0666667 0.0340726 
-4 -4.16334e-16 0.040172 
-4 0.0666667 0.0451952 
-4 0.133333 0.0485305 
-4 0.2 0.0496615 
-4 0.266667 0.0474459 
-4 0.333333 0.0414956 
-4 0.4 0.0340869 
-4 0.466667 0.0276324 
-4 0.533333 0.0244272 
-4 0.6 0.0267422 
-4 0.666667 0.0306933 
-4 0.733333 0.0301748 
-4 0.8 0.0240028 
-4 0.866667 0.0191329 
-4 0.933333 0.0155604 
-4 1 0.0113645 
-4 1.06667 0.0103841 
-4 1.13333 0.0133494 
-4 1.2 0.00970885 
-4 1.26667 0.0118273 
-4 1.33333 0.0114598 
-4 1.4 0.00894409 
-4 1.46667 0.00951843 
-4 1.53333 0.00851432 
-4 1.6 0.00807046 
-4 1.66667 0.00777518 
-4 1.73333 0.0161933 
-4 1.8 0.00863615 
-4 1.86667 0.014237 
-4 1.93333 0.00635918 
-4 2 0.016481 
-3.93333 -2 6.89103e-09 
-3.93333 -1.93333 1.27319e-08 
-3.93333 -1.86667 2.35216e-08 
-3.93333 -1.8 4.34522e-08 
-3.93333 -1.73333 8.02626e-08 
-3.93333 -1.66667 1.48236e-07 
-3.93333 -1.6 2.73724e-07 
-3.93333 -1.53333 5.05315e-07 
-3.93333 -1.46667 9.32526e-07 
-3.93333 -1.4 1.72011e-06 
-3.93333 -1.33333 3.17084e-06 
-3.93333 -1.26667 5.84007e-06 
-3.93333 -1.2 1.07436e-05 
-3.93333 -1.13333 1.97331e-05 
-3.93333 -1.06667 3.61661e-05 
-3.93333 -1 6.60911e-05 
-3.93333 -0.933333 0.000120302 
-3.93333 -0.866667 0.000217822 
-3.93333 -0.8 0.000391593 
-3.93333 -0.733333 0.000697319 
-3.93333 -0.666667 0.00122612 
-3.93333 -0.6 0.00212027 
-3.93333 -0.533333 0.00358781 
-3.93333 -0.466667 0.00590491 
-3.93333 -0.4 0.0093873 
-3.93333 -0.333333 0.0143112 
-3.93333 -0.266667 0.0207873 
-3.93333 -0.2 0.0286409 
-3.93333 -0.133333 0.0373836 
-3.93333 -0.0666667 0.0463017 
-3.93333 -4.16334e-16 0.0545902 
-3.93333 0.0666667 0.0614149 
-3.93333 0.133333 0.0659436 
-3.93333 0.2 0.0674772 
-3.93333 0.266667 0.0644678 
-3.93333 0.333333 0.0563859 
-3.93333 0.4 0.0463219 
-3.93333 0.466667 0.0375535 
-3.93333 0.533333 0.0331977 
-3.93333 0.6 0.0363387 
-3.93333 0.666667 0.0417044 
-3.93333 0.733333 0.0410071 
-3.93333 0.8 0.032627 
-3.93333 0.866667 0.0260072 
-3.93333 0.933333 0.0211497 
-3.93333 1 0.0154472 
-3.93333 1.06667 0.0141147 
-3.93333 1.13333 0.0181466 
-3.93333 1.2 0.0131975 
-3.93333 1.26667 0.016077 
-3.93333 1.33333 0.0155774 
-3.93333 1.4 0.0121575 
-3.93333 1.46667 0.0129381 
-3.93333 1.53333 0.0115734 
-3.93333 1.6 0.0109701 
-3.93333 1.66667 0.0105689 
-3.93333 1.73333 0.022007 
-3.93333 1.8 0.0117389 
-3.93333 1.86667 0.0193493 
-3.93333 1.93333 0.0086439 
-3.93333 2 0.022398 
-3.86667 -2 9.36745e-09 
-3.86667 -1.93333 1.73071e-08 
-3.86667 -1.86667 3.19743e-08 
-3.86667 -1.8 5.90671e-08 
-3.86667 -1.73333 1.09105e-07 
-3.86667 -1.66667 2.01505e-07 
-3.86667 -1.6 3.72088e-07 
-3.86667 -1.53333 6.86901e-07 
-3.86667 -1.46667 1.26763e-06 
-3.86667 -1.4 2.33823e-06 
-3.86667 -1.33333 4.31027e-06 
-3.86667 -1.26667 7.93865e-06 
-3.86667 -1.2 1.46042e-05 
-3.86667 -1.13333 2.68237e-05 
-3.86667 -1.06667 4.91612e-05 
-3.86667 -1 8.98379e-05 
-3.86667 -0.933333 0.000163525 
-3.86667 -0.866667 0.000296078 
-3.86667 -0.8 0.000532267 
-3.86667 -0.733333 0.000947793 
-3.86667 -0.666667 0.00166647 
-3.86667 -0.6 0.00288164 
-3.86667 -0.533333 0.00487592 
-3.86667 -0.466667 0.00802451 
-3.86667 -0.4 0.0127563 
-3.86667 -0.333333 0.0194465 
-3.86667 -0.266667 0.0282457 
-3.86667 -0.2 0.038917 
-3.86667 -0.133333 0.0507967 
-3.86667 -0.0666667 0.0629149 
-3.86667 -4.16334e-16 0.0741771 
-3.86667 0.0666667 0.0834481 
-3.86667 0.133333 0.0895955 
-3.86667 0.2 0.0916743 
-3.86667 0.266667 0.0875873 
-3.86667 0.333333 0.0766123 
-3.86667 0.4 0.0629438 
-3.86667 0.466667 0.0510336 
-3.86667 0.533333 0.0451147 
-3.86667 0.6 0.0493751 
-3.86667 0.666667 0.0566605 
-3.86667 0.733333 0.0557242 
-3.86667 0.8 0.0443488 
-3.86667 0.866667 0.0353504 
-3.86667 0.933333 0.0287459 
-3.86667 1 0.0209962 
-3.86667 1.06667 0.0191854 
-3.86667 1.13333 0.0246674 
-3.86667 1.2 0.0179394 
-3.86667 1.26667 0.0218534 
-3.86667 1.33333 0.0211741 
-3.86667 1.4 0.0165252 
-3.86667 1.46667 0.0175861 
-3.86667 1.53333 0.0157314 
-3.86667 1.6 0.0149113 
-3.86667 1.66667 0.0143661 
-3.86667 1.73333 0.0299063 
-3.86667 1.8 0.0159562 
-3.86667 1.86667 0.0262964 
-3.86667 1.93333 0.0117493 
-3.86667 2 0.0304377 
-3.8 -2 1.27338e-08 
-3.8 -1.93333 2.35265e-08 
-3.8 -1.86667 4.34644e-08 
-3.8 -1.8 8.02932e-08 
-3.8 -1.73333 1.48313e-07 
-3.8 -1.66667 2.73917e-07 
-3.8 -1.6 5.05799e-07 
-3.8 -1.53333 9.33739e-07 
-3.8 -1.46667 1.72315e-06 
-3.8 -1.4 3.17846e-06 
-3.8 -1.33333 5.85914e-06 
-3.8 -1.26667 1.07913e-05 
-3.8 -1.2 1.9852e-05 
-3.8 -1.13333 3.64621e-05 
-3.8 -1.06667 6.68255e-05 
-3.8 -1 0.000122116 
-3.8 -0.933333 0.000222276 
-3.8 -0.866667 0.000402443 
-3.8 -0.8 0.000723464 
-3.8 -0.733333 0.00128821 
-3.8 -0.666667 0.00226493 
-3.8 -0.6 0.00391628 
-3.8 -0.533333 0.00662622 
-3.8 -0.466667 0.0109044 
-3.8 -0.4 0.0173333 
-3.8 -0.333333 0.0264226 
-3.8 -0.266667 0.0383772 
-3.8 -0.2 0.0528754 
-3.8 -0.133333 0.0690158 
-3.8 -0.0666667 0.0854804 
-3.8 -4.16334e-16 0.100781 
-3.8 0.0666667 0.113373 
-3.8 0.133333 0.121715 
-3.8 0.2 0.124531 
-3.8 0.266667 0.118982 
-3.8 0.333333 0.104082 
-3.8 0.4 0.0855219 
-3.8 0.466667 0.0693474 
-3.8 0.533333 0.0613052 
-3.8 0.6 0.0670816 
-3.8 0.666667 0.0769709 
-3.8 0.733333 0.0757167 
-3.8 0.8 0.0602799 
-3.8 0.866667 0.0480488 
-3.8 0.933333 0.0390689 
-3.8 1 0.0285378 
-3.8 1.06667 0.0260769 
-3.8 1.13333 0.033531 
-3.8 1.2 0.0243849 
-3.8 1.26667 0.0297046 
-3.8 1.33333 0.0287811 
-3.8 1.4 0.0224616 
-3.8 1.46667 0.0239033 
-3.8 1.53333 0.0213828 
-3.8 1.6 0.020268 
-3.8 1.66667 0.0195275 
-3.8 1.73333 0.0406385 
-3.8 1.8 0.0216881 
-3.8 1.86667 0.0357359 
-3.8 1.93333 0.0159701 
-3.8 2 0.0413605 
-3.73333 -2 1.73097e-08 
-3.73333 -1.93333 3.19809e-08 
-3.73333 -1.86667 5.90836e-08 
-3.73333 -1.8 1.09147e-07 
-3.73333 -1.73333 2.0161e-07 
-3.73333 -1.66667 3.7235e-07 
-3.73333 -1.6 6.87558e-07 
-3.73333 -1.53333 1.26928e-06 
-3.73333 -1.46667 2.34236e-06 
-3.73333 -1.4 4.32063e-06 
-3.73333 -1.33333 7.96456e-06 
-3.73333 -1.26667 1.4669e-05 
-3.73333 -1.2 2.69854e-05 
-3.73333 -1.13333 4.95636e-05 
-3.73333 -1.06667 9.08361e-05 
-3.73333 -1 0.000165991 
-3.73333 -0.933333 0.000302132 
-3.73333 -0.866667 0.000547013 
-3.73333 -0.8 0.000983325 
-3.73333 -0.733333 0.00175085 
-3.73333 -0.666667 0.00307819 
-3.73333 -0.6 0.00532219 
-3.73333 -0.533333 0.00900436 
-3.73333 -0.466667 0.0148168 
-3.73333 -0.4 0.0235507 
-3.73333 -0.333333 0.0358981 
-3.73333 -0.266667 0.0521374 
-3.73333 -0.2 0.0718324 
-3.73333 -0.133333 0.0937585 
-3.73333 -0.0666667 0.116125 
-3.73333 -4.16334e-16 0.136908 
-3.73333 0.0666667 0.154006 
-3.73333 0.133333 0.165322 
-3.73333 0.2 0.169134 
-3.73333 0.266667 0.161602 
-3.73333 0.333333 0.14138 
-3.73333 0.4 0.116185 
-3.73333 0.466667 0.0942241 
-3.73333 0.533333 0.0832987 
-3.73333 0.6 0.0911265 
-3.73333 0.666667 0.104546 
-3.73333 0.733333 0.102871 
-3.73333 0.8 0.0819298 
-3.73333 0.866667 0.0653061 
-3.73333 0.933333 0.0530964 
-3.73333 1 0.038787 
-3.73333 1.06667 0.035443 
-3.73333 1.13333 0.0455785 
-3.73333 1.2 0.0331454 
-3.73333 1.26667 0.0403756 
-3.73333 1.33333 0.03912 
-3.73333 1.4 0.0305297 
-3.73333 1.46667 0.0324888 
-3.73333 1.53333 0.0290637 
-3.73333 1.6 0.0275484 
-3.73333 1.66667 0.0265426 
-3.73333 1.73333 0.0552175 
-3.73333 1.8 0.0294782 
-3.73333 1.86667 0.0485607 
-3.73333 1.93333 0.0217067 
-3.73333 2 0.0561986 
-3.66667 -2 2.35301e-08 
-3.66667 -1.93333 4.34734e-08 
-3.66667 -1.86667 8.03157e-08 
-3.66667 -1.8 1.48369e-07 
-3.66667 -1.73333 2.74059e-07 
-3.66667 -1.66667 5.06155e-07 
-3.66667 -1.6 9.34633e-07 
-3.66667 -1.53333 1.72539e-06 
-3.66667 -1.46667 3.18408e-06 
-3.66667 -1.4 5.87321e-06 
-3.66667 -1.33333 1.08265e-05 
-3.66667 -1.26667 1.994e-05 
-3.66667 -1.2 3.66818e-05 
-3.66667 -1.13333 6.73723e-05 
-3.66667 -1.06667 0.000123473 
-3.66667 -1 0.000225627 
-3.66667 -0.933333 0.000410671 
-3.66667 -0.866667 0.000743505 
-3.66667 -0.8 0.0013365 
-3.66667 -0.733333 0.00237959 
-3.66667 -0.666667 0.00418333 
-3.66667 -0.6 0.00723247 
-3.66667 -0.533333 0.0122353 
-3.66667 -0.466667 0.0201316 
-3.66667 -0.4 0.0319953 
-3.66667 -0.333333 0.0487664 
-3.66667 -0.266667 0.0708226 
-3.66667 -0.2 0.0975722 
-3.66667 -0.133333 0.127352 
-3.66667 -0.0666667 0.157729 
-3.66667 -4.16334e-16 0.185952 
-3.66667 0.0666667 0.209161 
-3.66667 0.133333 0.224502 
-3.66667 0.2 0.229658 
-3.66667 0.266667 0.21944 
-3.66667 0.333333 0.192007 
-3.66667 0.4 0.157816 
-3.66667 0.466667 0.128009 
-3.66667 0.533333 0.113169 
-3.66667 0.6 0.123771 
-3.66667 0.666667 0.141975 
-3.66667 0.733333 0.139744 
-3.66667 0.8 0.111348 
-3.66667 0.866667 0.0887563 
-3.66667 0.933333 0.0721556 
-3.66667 1 0.0527146 
-3.66667 1.06667 0.048171 
-3.66667 1.13333 0.0619527 
-3.66667 1.2 0.045052 
-3.66667 1.26667 0.0548781 
-3.66667 1.33333 0.0531709 
-3.66667 1.4 0.0414943 
-3.66667 1.46667 0.0441563 
-3.66667 1.53333 0.0395024 
-3.66667 1.6 0.0374429 
-3.66667 1.66667 0.0360768 
-3.66667 1.73333 0.0750191 
-3.66667 1.8 0.0400652 
-3.66667 1.86667 0.0659823 
-3.66667 1.93333 0.029503 
-3.66667 2 0.0763521 
-3.6 -2 3.19858e-08 
-3.6 -1.93333 5.90958e-08 
-3.6 -1.86667 1.09177e-07 
-3.6 -1.8 2.01686e-07 
-3.6 -1.73333 3.72543e-07 
-3.6 -1.66667 6.88042e-07 
-3.6 -1.6 1.27049e-06 
-3.6 -1.53333 2.34541e-06 
-3.6 -1.46667 4.32827e-06 
-3.6 -1.4 7.9837e-06 
-3.6 -1.33333 1.47169e-05 
-3.6 -1.26667 2.71051e-05 
-3.6 -1.2 4.98622e-05 
-3.6 -1.13333 9.15795e-05 
-3.6 -1.06667 0.000167835 
-3.6 -1 0.000306687 
-3.6 -0.933333 0.000558196 
-3.6 -0.866667 0.00101056 
-3.6 -0.8 0.00181647 
-3.6 -0.733333 0.00323399 
-3.6 -0.666667 0.005685 
-3.6 -0.6 0.00982785 
-3.6 -0.533333 0.0166243 
-3.6 -0.466667 0.0273502 
-3.6 -0.4 0.0434632 
-3.6 -0.333333 0.0662386 
-3.6 -0.266667 0.0961894 
-3.6 -0.2 0.132512 
-3.6 -0.133333 0.172949 
-3.6 -0.0666667 0.214193 
-3.6 -4.16334e-16 0.252507 
-3.6 0.0666667 0.283996 
-3.6 0.133333 0.304782 
-3.6 0.2 0.311748 
-3.6 0.266667 0.297892 
-3.6 0.333333 0.260696 
-3.6 0.4 0.21432 
-3.6 0.466667 0.173879 
-3.6 0.533333 0.153728 
-3.6 0.6 0.168076 
-3.6 0.666667 0.192757 
-3.6 0.733333 0.189798 
-3.6 0.8 0.151315 
-3.6 0.866667 0.120618 
-3.6 0.933333 0.0980479 
-3.6 1 0.071639 
-3.6 1.06667 0.0654662 
-3.6 1.13333 0.0842057 
-3.6 1.2 0.0612333 
-3.6 1.26667 0.0745861 
-3.6 1.33333 0.0722651 
-3.6 1.4 0.0563942 
-3.6 1.46667 0.0600108 
-3.6 1.53333 0.0536881 
-3.6 1.6 0.0508889 
-3.6 1.66667 0.0490339 
-3.6 1.73333 0.101909 
-3.6 1.8 0.0544517 
-3.6 1.86667 0.0896448 
-3.6 1.93333 0.0400979 
-3.6 2 0.103719 
-3.53333 -2 4.348e-08 
-3.53333 -1.93333 8.03322e-08 
-3.53333 -1.86667 1.48411e-07 
-3.53333 -1.8 2.74163e-07 
-3.53333 -1.73333 5.06417e-07 
-3.53333 -1.66667 9.35291e-07 
-3.53333 -1.6 1.72704e-06 
-3.53333 -1.53333 3.18822e-06 
-3.53333 -1.46667 5.8836e-06 
-3.53333 -1.4 1.08525e-05 
-3.53333 -1.33333 2.00051e-05 
-3.53333 -1.26667 3.68445e-05 
-3.53333 -1.2 6.77783e-05 
-3.53333 -1.13333 0.000124484 
-3.53333 -1.06667 0.000228134 
-3.53333 -1 0.000416862 
-3.53333 -0.933333 0.000758704 
-3.53333 -0.866667 0.00137351 
-3.53333 -0.8 0.00246874 
-3.53333 -0.733333 0.004395 
-3.53333 -0.666667 0.00772531 
-3.53333 -0.6 0.0133537 
-3.53333 -0.533333 0.0225858 
-3.53333 -0.466667 0.0371532 
-3.53333 -0.4 0.0590334 
-3.53333 -0.333333 0.0899562 
-3.53333 -0.266667 0.130617 
-3.53333 -0.2 0.179925 
-3.53333 -0.133333 0.234814 
-3.53333 -0.0666667 0.290791 
-3.53333 -4.16334e-16 0.342778 
-3.53333 0.0666667 0.385478 
-3.53333 0.133333 0.413617 
-3.53333 0.2 0.423016 
-3.53333 0.266667 0.404241 
-3.53333 0.333333 0.353843 
-3.53333 0.4 0.290977 
-3.53333 0.466667 0.236135 
-3.53333 0.533333 0.208782 
-3.53333 0.6 0.228183 
-3.53333 0.666667 0.261626 
-3.53333 0.733333 0.257721 
-3.53333 0.8 0.205602 
-3.53333 0.866667 0.163899 
-3.53333 0.933333 0.133216 
-3.53333 1 0.0973494 
-3.53333 1.06667 0.0889647 
-3.53333 1.13333 0.114444 
-3.53333 1.2 0.0832219 
-3.53333 1.26667 0.101365 
-3.53333 1.33333 0.0982095 
-3.53333 1.4 0.0766396 
-3.53333 1.46667 0.0815525 
-3.53333 1.53333 0.0729636 
-3.53333 1.6 0.0691596 
-3.53333 1.66667 0.0666414 
-3.53333 1.73333 0.138414 
-3.53333 1.8 0.0739997 
-3.53333 1.86667 0.121776 
-3.53333 1.93333 0.0544949 
-3.53333 2 0.140873 
-3.46667 -2 5.91048e-08 
-3.46667 -1.93333 1.092e-07 
-3.46667 -1.86667 2.01743e-07 
-3.46667 -1.8 3.72685e-07 
-3.46667 -1.73333 6.88399e-07 
-3.46667 -1.66667 1.27139e-06 
-3.46667 -1.6 2.34765e-06 
-3.46667 -1.53333 4.3339e-06 
-3.46667 -1.46667 7.99781e-06 
-3.46667 -1.4 1.47523e-05 
-3.46667 -1.33333 2.71935e-05 
-3.46667 -1.26667 5.00834e-05 
-3.46667 -1.2 9.21312e-05 
-3.46667 -1.13333 0.000169209 
-3.46667 -1.06667 0.000310093 
-3.46667 -1 0.00056661 
-3.46667 -0.933333 0.00103122 
-3.46667 -0.866667 0.00186677 
-3.46667 -0.8 0.00335513 
-3.46667 -0.733333 0.00597255 
-3.46667 -0.666667 0.0104973 
-3.46667 -0.6 0.018143 
-3.46667 -0.533333 0.030682 
-3.46667 -0.466667 0.0504632 
-3.46667 -0.4 0.0801682 
-3.46667 -0.333333 0.122141 
-3.46667 -0.266667 0.177324 
-3.46667 -0.2 0.244233 
-3.46667 -0.133333 0.318705 
-3.46667 -0.0666667 0.394638 
-3.46667 -4.16334e-16 0.465135 
-3.46667 0.0666667 0.522992 
-3.46667 0.133333 0.561044 
-3.46667 0.2 0.573706 
-3.46667 0.266667 0.548288 
-3.46667 0.333333 0.480066 
-3.46667 0.4 0.394914 
-3.46667 0.466667 0.320593 
-3.46667 0.533333 0.28348 
-3.46667 0.6 0.309684 
-3.46667 0.666667 0.354966 
-3.46667 0.733333 0.349841 
-3.46667 0.8 0.279317 
-3.46667 0.866667 0.222678 
-3.46667 0.933333 0.180972 
-3.46667 1 0.132273 
-3.46667 1.06667 0.120886 
-3.46667 1.13333 0.155528 
-3.46667 1.2 0.113098 
-3.46667 1.26667 0.137746 
-3.46667 1.33333 0.133456 
-3.46667 1.4 0.104145 
-3.46667 1.46667 0.110817 
-3.46667 1.53333 0.099152 
-3.46667 1.6 0.0939831 
-3.46667 1.66667 0.0905653 
-3.46667 1.73333 0.187956 
-3.46667 1.8 0.100557 
-3.46667 1.86667 0.165396 
-3.46667 1.93333 0.0740563 
-3.46667 2 0.191295 
-3.4 -2 8.03444e-08 
-3.4 -1.93333 1.48442e-07 
-3.4 -1.86667 2.7424e-07 
-3.4 -1.8 5.0661e-07 
-3.4 -1.73333 9.35775e-07 
-3.4 -1.66667 1.72826e-06 
-3.4 -1.6 3.19127e-06 
-3.4 -1.53333 5.89125e-06 
-3.4 -1.46667 1.08717e-05 
-3.4 -1.4 2.00532e-05 
-3.4 -1.33333 3.69648e-05 
-3.4 -1.26667 6.80789e-05 
-3.4 -1.2 0.000125234 
-3.4 -1.13333 0.000230001 
-3.4 -1.06667 0.000421492 
-3.4 -1 0.000770138 
-3.4 -0.933333 0.00140158 
-3.4 -0.866667 0.00253709 
-3.4 -0.8 0.00455958 
-3.4 -0.733333 0.00811591 
-3.4 -0.666667 0.0142628 
-3.4 -0.6 0.0246478 
-3.4 -0.533333 0.0416752 
-3.4 -0.466667 0.0685304 
-3.4 -0.4 0.108847 
-3.4 -0.333333 0.1658 
-3.4 -0.266667 0.240659 
-3.4 -0.2 0.331408 
-3.4 -0.133333 0.43239 
-3.4 -0.0666667 0.53532 
-3.4 -4.16334e-16 0.630835 
-3.4 0.0666667 0.709149 
-3.4 0.133333 0.760537 
-3.4 0.2 0.777556 
-3.4 0.266667 0.743188 
-3.4 0.333333 0.65095 
-3.4 0.4 0.53573 
-3.4 0.466667 0.435099 
-3.4 0.533333 0.384775 
-3.4 0.6 0.420121 
-3.4 0.666667 0.48137 
-3.4 0.733333 0.474696 
-3.4 0.8 0.379367 
-3.4 0.866667 0.302475 
-3.4 0.933333 0.245798 
-3.4 1 0.179699 
-3.4 1.06667 0.16424 
-3.4 1.13333 0.211335 
-3.4 1.2 0.153684 
-3.4 1.26667 0.18716 
-3.4 1.33333 0.18133 
-3.4 1.4 0.141505 
-3.4 1.46667 0.150564 
-3.4 1.53333 0.134726 
-3.4 1.6 0.127704 
-3.4 1.66667 0.123067 
-3.4 1.73333 0.255164 
-3.4 1.8 0.136631 
-3.4 1.86667 0.224591 
-3.4 1.93333 0.100631 
-3.4 2 0.259695 
-3.33333 -2 1.09217e-07 
-3.33333 -1.93333 2.01785e-07 
-3.33333 -1.86667 3.72789e-07 
-3.33333 -1.8 6.88661e-07 
-3.33333 -1.73333 1.27205e-06 
-3.33333 -1.66667 2.34931e-06 
-3.33333 -1.6 4.33804e-06 
-3.33333 -1.53333 8.00822e-06 
-3.33333 -1.46667 1.47783e-05 
-3.33333 -1.4 2.72589e-05 
-3.33333 -1.33333 5.02469e-05 
-3.33333 -1.26667 9.25399e-05 
-3.33333 -1.2 0.000170228 
-3.33333 -1.13333 0.00031263 
-3.33333 -1.06667 0.000572903 
-3.33333 -1 0.00104675 
-3.33333 -0.933333 0.00190491 
-3.33333 -0.866667 0.00344798 
-3.33333 -0.8 0.00619613 
-3.33333 -0.733333 0.0110278 
-3.33333 -0.666667 0.0193774 
-3.33333 -0.6 0.0334808 
-3.33333 -0.533333 0.0565987 
-3.33333 -0.466667 0.0930481 
-3.33333 -0.4 0.14775 
-3.33333 -0.333333 0.224995 
-3.33333 -0.266667 0.326491 
-3.33333 -0.2 0.449491 
-3.33333 -0.133333 0.586311 
-3.33333 -0.0666667 0.725704 
-3.33333 -4.16334e-16 0.854971 
-3.33333 0.0666667 0.960831 
-3.33333 0.133333 1.0301 
-3.33333 0.2 1.05292 
-3.33333 0.266667 1.00652 
-3.33333 0.333333 0.88201 
-3.33333 0.4 0.726318 
-3.33333 0.466667 0.590217 
-3.33333 0.533333 0.522035 
-3.33333 0.6 0.569634 
-3.33333 0.666667 0.652378 
-3.33333 0.733333 0.643764 
-3.33333 0.8 0.515082 
-3.33333 0.866667 0.410756 
-3.33333 0.933333 0.333759 
-3.33333 1 0.244084 
-3.33333 1.06667 0.223104 
-3.33333 1.13333 0.287115 
-3.33333 1.2 0.208805 
-3.33333 1.26667 0.254259 
-3.33333 1.33333 0.246336 
-3.33333 1.4 0.19224 
-3.33333 1.46667 0.204536 
-3.33333 1.53333 0.183038 
-3.33333 1.6 0.1735 
-3.33333 1.66667 0.167212 
-3.33333 1.73333 0.346283 
-3.33333 1.8 0.185619 
-3.33333 1.86667 0.304881 
-3.33333 1.93333 0.136725 
-3.33333 2 0.35243 
-3.26667 -2 1.48464e-07 
-3.26667 -1.93333 2.74297e-07 
-3.26667 -1.86667 5.06752e-07 
-3.26667 -1.8 9.36132e-07 
-3.26667 -1.73333 1.72916e-06 
-3.26667 -1.66667 3.19352e-06 
-3.26667 -1.6 5.89689e-06 
-3.26667 -1.53333 1.08859e-05 
-3.26667 -1.46667 2.00886e-05 
-3.26667 -1.4 3.70536e-05 
-3.26667 -1.33333 6.83011e-05 
-3.26667 -1.26667 0.000125789 
-3.26667 -1.2 0.000231386 
-3.26667 -1.13333 0.00042494 
-3.26667 -1.06667 0.00077869 
-3.26667 -1 0.00142269 
-3.26667 -0.933333 0.00258891 
-3.26667 -0.866667 0.00468573 
-3.26667 -0.8 0.00841961 
-3.26667 -0.733333 0.0149832 
-3.26667 -0.666667 0.0263235 
-3.26667 -0.6 0.0454732 
-3.26667 -0.533333 0.0768523 
-3.26667 -0.466667 0.126307 
-3.26667 -0.4 0.200493 
-3.26667 -0.333333 0.305203 
-3.26667 -0.266667 0.442718 
-3.26667 -0.2 0.609287 
-3.26667 -0.133333 0.794467 
-3.26667 -0.0666667 0.982999 
-3.26667 -4.16334e-16 1.15768 
-3.26667 0.0666667 1.30051 
-3.26667 0.133333 1.39368 
-3.26667 0.2 1.42417 
-3.26667 0.266667 1.36166 
-3.26667 0.333333 1.19393 
-3.26667 0.4 0.983924 
-3.26667 0.466667 0.800124 
-3.26667 0.533333 0.707849 
-3.26667 0.6 0.771818 
-3.26667 0.666667 0.883421 
-3.26667 0.733333 0.872429 
-3.26667 0.8 0.699028 
-3.26667 0.866667 0.55759 
-3.26667 0.933333 0.453037 
-3.26667 1 0.331454 
-3.26667 1.06667 0.302995 
-3.26667 1.13333 0.389975 
-3.26667 1.2 0.283643 
-3.26667 1.26667 0.345332 
-3.26667 1.33333 0.334568 
-3.26667 1.4 0.261113 
-3.26667 1.46667 0.277795 
-3.26667 1.53333 0.248629 
-3.26667 1.6 0.235676 
-3.26667 1.66667 0.227155 
-3.26667 1.73333 0.469731 
-3.26667 1.8 0.252121 
-3.26667 1.86667 0.413719 
-3.26667 1.93333 0.185739 
-3.26667 2 0.478066 
-3.2 -2 2.01815e-07 
-3.2 -1.93333 3.72866e-07 
-3.2 -1.86667 6.88854e-07 
-3.2 -1.8 1.27253e-06 
-3.2 -1.73333 2.35052e-06 
-3.2 -1.66667 4.3411e-06 
-3.2 -1.6 8.01588e-06 
-3.2 -1.53333 1.47976e-05 
-3.2 -1.46667 2.73071e-05 
-3.2 -1.4 5.03676e-05 
-3.2 -1.33333 9.28419e-05 
-3.2 -1.26667 0.000170983 
-3.2 -1.2 0.000314513 
-3.2 -1.13333 0.000577589 
-3.2 -1.06667 0.00105838 
-3.2 -1 0.0019336 
-3.2 -0.933333 0.0035184 
-3.2 -0.866667 0.0063675 
-3.2 -0.8 0.0114402 
-3.2 -0.733333 0.0203556 
-3.2 -0.666667 0.0357552 
-3.2 -0.6 0.061751 
-3.2 -0.533333 0.104331 
-3.2 -0.466667 0.171404 
-3.2 -0.4 0.27196 
-3.2 -0.333333 0.413798 
-3.2 -0.266667 0.599948 
-3.2 -0.2 0.82526 
-3.2 -0.133333 1.07554 
-3.2 -0.0666667 1.3301 
-3.2 -4.16334e-16 1.56566 
-3.2 0.0666667 1.75792 
-3.2 0.133333 1.88284 
-3.2 0.2 1.92341 
-3.2 0.266667 1.83944 
-3.2 0.333333 1.6141 
-3.2 0.4 1.3315 
-3.2 0.466667 1.08376 
-3.2 0.533333 0.959068 
-3.2 0.6 1.04482 
-3.2 0.666667 1.19503 
-3.2 0.733333 1.18121 
-3.2 0.8 0.948068 
-3.2 0.866667 0.756528 
-3.2 0.933333 0.614655 
-3.2 1 0.449945 
-3.2 1.06667 0.411368 
-3.2 1.13333 0.529508 
-3.2 1.2 0.385203 
-3.2 1.26667 0.468877 
-3.2 1.33333 0.454261 
-3.2 1.4 0.354567 
-3.2 1.46667 0.377186 
-3.2 1.53333 0.337639 
-3.2 1.6 0.320059 
-3.2 1.66667 0.308518 
-3.2 1.73333 0.636819 
-3.2 1.8 0.342362 
-3.2 1.86667 0.561132 
-3.2 1.93333 0.252271 
-3.2 2 0.648109 
-3.13333 -2 2.74338e-07 
-3.13333 -1.93333 5.06856e-07 
-3.13333 -1.86667 9.36394e-07 
-3.13333 -1.8 1.72981e-06 
-3.13333 -1.73333 3.19518e-06 
-3.13333 -1.66667 5.90104e-06 
-3.13333 -1.6 1.08963e-05 
-3.13333 -1.53333 2.01148e-05 
-3.13333 -1.46667 3.71191e-05 
-3.13333 -1.4 6.84652e-05 
-3.13333 -1.33333 0.000126199 
-3.13333 -1.26667 0.000232412 
-3.13333 -1.2 0.0004275 
-3.13333 -1.13333 0.000785059 
-3.13333 -1.06667 0.00143849 
-3.13333 -1 0.0026279 
-3.13333 -0.933333 0.00478139 
-3.13333 -0.866667 0.00865238 
-3.13333 -0.8 0.0155433 
-3.13333 -0.733333 0.0276513 
-3.13333 -0.666667 0.0485591 
-3.13333 -0.6 0.0838388 
-3.13333 -0.533333 0.141595 
-3.13333 -0.466667 0.232518 
-3.13333 -0.4 0.368724 
-3.13333 -0.333333 0.560681 
-3.13333 -0.266667 0.812366 
-3.13333 -0.2 1.11668 
-3.13333 -0.133333 1.45431 
-3.13333 -0.0666667 1.79723 
-3.13333 -4.16334e-16 2.11403 
-3.13333 0.0666667 2.37198 
-3.13333 0.133333 2.53882 
-3.13333 0.2 2.59252 
-3.13333 0.266667 2.48013 
-3.13333 0.333333 2.17848 
-3.13333 0.4 1.79935 
-3.13333 0.466667 1.4663 
-3.13333 0.533333 1.29813 
-3.13333 0.6 1.41271 
-3.13333 0.666667 1.61436 
-3.13333 0.733333 1.59731 
-3.13333 0.8 1.28473 
-3.13333 0.866667 1.02573 
-3.13333 0.933333 0.833407 
-3.13333 1 0.610517 
-3.13333 1.06667 0.558271 
-3.13333 1.13333 0.718635 
-3.13333 1.2 0.522942 
-3.13333 1.26667 0.636347 
-3.13333 1.33333 0.616512 
-3.13333 1.4 0.481297 
-3.13333 1.46667 0.511941 
-3.13333 1.53333 0.458361 
-3.13333 1.6 0.434513 
-3.13333 1.66667 0.418899 
-3.13333 1.73333 0.862692 
-3.13333 1.8 0.46474 
-3.13333 1.86667 0.760579 
-3.13333 1.93333 0.342544 
-3.13333 2 0.877968 
-3.06667 -2 3.72923e-07 
-3.06667 -1.93333 6.88996e-07 
-3.06667 -1.86667 1.27289e-06 
-3.06667 -1.8 2.35142e-06 
-3.06667 -1.73333 4.34335e-06 
-3.06667 -1.66667 8.02152e-06 
-3.06667 -1.6 1.48117e-05 
-3.06667 -1.53333 2.73426e-05 
-3.06667 -1.46667 5.04566e-05 
-3.06667 -1.4 9.30649e-05 
-3.06667 -1.33333 0.000171541 
-3.06667 -1.26667 0.000315908 
-3.06667 -1.2 0.000581067 
-3.06667 -1.13333 0.00106703 
-3.06667 -1.06667 0.00195506 
-3.06667 -1 0.00357137 
-3.06667 -0.933333 0.00649745 
-3.06667 -0.866667 0.0117563 
-3.06667 -0.8 0.021116 
-3.06667 -0.733333 0.0375571 
-3.06667 -0.666667 0.0659364 
-3.06667 -0.6 0.1138 
-3.06667 -0.533333 0.192106 
-3.06667 -0.466667 0.315279 
-3.06667 -0.4 0.499614 
-3.06667 -0.333333 0.759095 
-3.06667 -0.266667 1.09886 
-3.06667 -0.2 1.50906 
-3.06667 -0.133333 1.96339 
-3.06667 -0.0666667 2.42392 
-3.06667 -4.16334e-16 2.84843 
-3.06667 0.0666667 3.19304 
-3.06667 0.133333 3.41474 
-3.06667 0.2 3.48536 
-3.06667 0.266667 3.33565 
-3.06667 0.333333 2.93372 
-3.06667 0.4 2.42716 
-3.06667 0.466667 1.98091 
-3.06667 0.533333 1.75472 
-3.06667 0.6 1.9072 
-3.06667 0.666667 2.17697 
-3.06667 0.733333 2.15647 
-3.06667 0.8 1.73893 
-3.06667 0.866667 1.38942 
-3.06667 0.933333 1.12907 
-3.06667 1 0.827888 
-3.06667 1.06667 0.757214 
-3.06667 1.13333 0.974699 
-3.06667 1.2 0.709591 
-3.06667 1.26667 0.863124 
-3.06667 1.33333 0.836231 
-3.06667 1.4 0.653011 
-3.06667 1.46667 0.694482 
-3.06667 1.53333 0.621966 
-3.06667 1.6 0.589642 
-3.06667 1.66667 0.56854 
-3.06667 1.73333 1.16753 
-3.06667 1.8 0.630569 
-3.06667 1.86667 1.03004 
-3.06667 1.93333 0.464955 
-3.06667 2 1.18817 
-3 -2 5.06933e-07 
-3 -1.93333 9.36588e-07 
-3 -1.86667 1.7303e-06 
-3 -1.8 3.19639e-06 
-3 -1.73333 5.9041e-06 
-3 -1.66667 1.0904e-05 
-3 -1.6 2.0134e-05 
-3 -1.53333 3.71674e-05 
-3 -1.46667 6.85862e-05 
-3 -1.4 0.000126503 
-3 -1.33333 0.000233171 
-3 -1.26667 0.000429395 
-3 -1.2 0.000789786 
-3 -1.13333 0.00145025 
-3 -1.06667 0.00265706 
-3 -1 0.00485336 
-3 -0.933333 0.00882888 
-3 -0.866667 0.0159726 
-3 -0.8 0.0286834 
-3 -0.733333 0.0510036 
-3 -0.666667 0.0895132 
-3 -0.6 0.154422 
-3 -0.533333 0.260529 
-3 -0.466667 0.427257 
-3 -0.4 0.67645 
-3 -0.333333 1.02668 
-3 -0.266667 1.48443 
-3 -0.2 2.03591 
-3 -0.133333 2.64525 
-3 -0.0666667 3.26122 
-3 -4.16334e-16 3.82729 
-3 0.0666667 4.28509 
-3 0.133333 4.57776 
-3 0.2 4.66983 
-3 0.266667 4.47166 
-3 0.333333 3.93939 
-3 0.4 3.26614 
-3 0.466667 2.67087 
-3 0.533333 2.36771 
-3 0.6 2.56962 
-3 0.666667 2.92892 
-3 0.733333 2.90512 
-3 0.8 2.34997 
-3 0.866667 1.87965 
-3 0.933333 1.52791 
-3 1 1.12174 
-3 1.06667 1.02629 
-3 1.13333 1.32086 
-3 1.2 0.962228 
-3 1.26667 1.16978 
-3 1.33333 1.13337 
-3 1.4 0.885419 
-3 1.46667 0.941463 
-3 1.53333 0.843454 
-3 1.6 0.799689 
-3 1.66667 0.771216 
-3 1.73333 1.57806 
-3 1.8 0.855033 
-3 1.86667 1.39341 
-3 1.93333 0.630808 
-3 2 1.60588 
-2.93333 -2 6.89101e-07 
-2.93333 -1.93333 1.27315e-06 
-2.93333 -1.86667 2.35208e-06 
-2.93333 -1.8 4.345e-06 
-2.93333 -1.73333 8.02568e-06 
-2.93333 -1.66667 1.48221e-05 
-2.93333 -1.6 2.73687e-05 
-2.93333 -1.53333 5.05222e-05 
-2.93333 -1.46667 9.32294e-05 
-2.93333 -1.4 0.000171953 
-2.93333 -1.33333 0.000316939 
-2.93333 -1.26667 0.000583643 
-2.93333 -1.2 0.00107346 
-2.93333 -1.13333 0.00197104 
-2.93333 -1.06667 0.00361099 
-2.93333 -1 0.00659521 
-2.93333 -0.933333 0.0119961 
-2.93333 -0.866667 0.0216988 
-2.93333 -0.8 0.0389577 
-2.93333 -0.733333 0.0692516 
-2.93333 -0.666667 0.121489 
-2.93333 -0.6 0.209468 
-2.93333 -0.533333 0.353142 
-2.93333 -0.466667 0.578597 
-2.93333 -0.4 0.914989 
-2.93333 -0.333333 1.38678 
-2.93333 -0.266667 2.00186 
-2.93333 -0.2 2.74073 
-2.93333 -0.133333 3.55439 
-2.93333 -0.0666667 4.37381 
-2.93333 -4.16334e-16 5.1238 
-2.93333 0.0666667 5.72749 
-2.93333 0.133333 6.11058 
-2.93333 0.2 6.22937 
-2.93333 0.266667 5.9692 
-2.93333 0.333333 5.26989 
-2.93333 0.4 4.38129 
-2.93333 0.466667 3.5918 
-2.93333 0.533333 3.18739 
-2.93333 0.6 3.4531 
-2.93333 0.666667 3.92893 
-2.93333 0.733333 3.90263 
-2.93333 0.8 3.16898 
-2.93333 0.866667 2.5385 
-2.93333 0.933333 2.06456 
-2.93333 1 1.51822 
-2.93333 1.06667 1.38958 
-2.93333 1.13333 1.78785 
-2.93333 1.2 1.30365 
-2.93333 1.26667 1.58368 
-2.93333 1.33333 1.53446 
-2.93333 1.4 1.19951 
-2.93333 1.46667 1.2751 
-2.93333 1.53333 1.14288 
-2.93333 1.6 1.08371 
-2.93333 1.66667 1.04537 
-2.93333 1.73333 2.12935 
-2.93333 1.8 1.15843 
-2.93333 1.86667 1.88221 
-2.93333 1.93333 0.855276 
-2.93333 2 2.16676 
-2.86667 -2 9.3673e-07 
-2.86667 -1.93333 1.73066e-06 
-2.86667 -1.86667 3.19729e-06 
-2.86667 -1.8 5.90635e-06 
-2.86667 -1.73333 1.09096e-05 
-2.86667 -1.66667 2.01482e-05 
-2.86667 -1.6 3.72029e-05 
-2.86667 -1.53333 6.86754e-05 
-2.86667 -1.46667 0.000126726 
-2.86667 -1.4 0.000233731 
-2.86667 -1.33333 0.000430796 
-2.86667 -1.26667 0.000793287 
-2.86667 -1.2 0.00145898 
-2.86667 -1.13333 0.00267878 
-2.86667 -1.06667 0.00490719 
-2.86667 -1 0.00896167 
-2.86667 -0.933333 0.016298 
-2.86667 -0.866667 0.0294744 
-2.86667 -0.8 0.0529037 
-2.86667 -0.733333 0.0940072 
-2.86667 -0.666667 0.164834 
-2.86667 -0.6 0.284009 
-2.86667 -0.533333 0.478374 
-2.86667 -0.466667 0.782848 
-2.86667 -0.4 1.23612 
-2.86667 -0.333333 1.87005 
-2.86667 -0.266667 2.69371 
-2.86667 -0.2 3.67917 
-2.86667 -0.133333 4.75938 
-2.86667 -0.0666667 5.84172 
-2.86667 -4.16334e-16 6.82703 
-2.86667 0.0666667 7.61543 
-2.86667 0.133333 8.11146 
-2.86667 0.2 8.26273 
-2.86667 0.266667 7.92478 
-2.86667 0.333333 7.01537 
-2.86667 0.4 5.85303 
-2.86667 0.466667 4.81383 
-2.86667 0.533333 4.27772 
-2.86667 0.6 4.62465 
-2.86667 0.666667 5.25019 
-2.86667 0.733333 5.22329 
-2.86667 0.8 4.26119 
-2.86667 0.866667 3.42035 
-2.86667 0.933333 2.78418 
-2.86667 1 2.05183 
-2.86667 1.06667 1.87895 
-2.86667 1.13333 2.41607 
-2.86667 1.2 1.7641 
-2.86667 1.26667 2.1409 
-2.86667 1.33333 2.07454 
-2.86667 1.4 1.62313 
-2.86667 1.46667 1.72483 
-2.86667 1.53333 1.5469 
-2.86667 1.6 1.46707 
-2.86667 1.66667 1.41557 
-2.86667 1.73333 2.86694 
-2.86667 1.8 1.56771 
-2.86667 1.86667 2.53758 
-2.86667 1.93333 1.15863 
-2.86667 2 2.91704 
-2.8 -2 1.27334e-06 
-2.8 -1.93333 2.35256e-06 
-2.8 -1.86667 4.34622e-06 
-2.8 -1.8 8.02874e-06 
-2.8 -1.73333 1.48298e-05 
-2.8 -1.66667 2.7388e-05 
-2.8 -1.6 5.05706e-05 
-2.8 -1.53333 9.33507e-05 
-2.8 -1.46667 0.000172257 
-2.8 -1.4 0.0003177 
-2.8 -1.33333 0.000585547 
-2.8 -1.26667 0.00107821 
-2.8 -1.2 0.00198291 
-2.8 -1.13333 0.0036405 
-2.8 -1.06667 0.00666833 
-2.8 -1 0.0121764 
-2.8 -0.933333 0.0221406 
-2.8 -0.866667 0.040031 
-2.8 -0.8 0.0718282 
-2.8 -0.733333 0.127577 
-2.8 -0.666667 0.223558 
-2.8 -0.6 0.384863 
-2.8 -0.533333 0.647504 
-2.8 -0.466667 1.05802 
-2.8 -0.4 1.66736 
-2.8 -0.333333 2.51636 
-2.8 -0.266667 3.61439 
-2.8 -0.2 4.92097 
-2.8 -0.133333 6.34425 
-2.8 -0.0666667 7.76059 
-2.8 -4.16334e-16 9.04087 
-2.8 0.0666667 10.0577 
-2.8 0.133333 10.6911 
-2.8 0.2 10.8807 
-2.8 0.266667 10.4477 
-2.8 0.333333 9.28044 
-2.8 0.4 7.77754 
-2.8 0.466667 6.42291 
-2.8 0.533333 5.71806 
-2.8 0.6 6.16661 
-2.8 0.666667 6.98132 
-2.8 0.733333 6.95729 
-2.8 0.8 5.70797 
-2.8 0.866667 4.5943 
-2.8 0.933333 3.74473 
-2.8 1 2.76758 
-2.8 1.06667 2.53611 
-2.8 1.13333 3.25795 
-2.8 1.2 2.38331 
-2.8 1.26667 2.88848 
-2.8 1.33333 2.79931 
-2.8 1.4 2.19295 
-2.8 1.46667 2.32932 
-2.8 1.53333 2.09067 
-2.8 1.6 1.98325 
-2.8 1.66667 1.91431 
-2.8 1.73333 3.84899 
-2.8 1.8 2.11839 
-2.8 1.86667 3.4125 
-2.8 1.93333 1.56779 
-2.8 2 3.91578 
-2.73333 -2 1.73092e-06 
-2.73333 -1.93333 3.19795e-06 
-2.73333 -1.86667 5.908e-06 
-2.73333 -1.8 1.09138e-05 
-2.73333 -1.73333 2.01586e-05 
-2.73333 -1.66667 3.72291e-05 
-2.73333 -1.6 6.87411e-05 
-2.73333 -1.53333 0.000126891 
-2.73333 -1.46667 0.000234144 
-2.73333 -1.4 0.000431831 
-2.73333 -1.33333 0.000795875 
-2.73333 -1.26667 0.00146544 
-2.73333 -1.2 0.0026949 
-2.73333 -1.13333 0.00494727 
-2.73333 -1.06667 0.00906098 
-2.73333 -1 0.0165429 
-2.73333 -0.933333 0.0300742 
-2.73333 -0.866667 0.0543596 
-2.73333 -0.8 0.0974994 
-2.73333 -0.733333 0.173078 
-2.73333 -0.666667 0.303057 
-2.73333 -0.6 0.521169 
-2.73333 -0.533333 0.875558 
-2.73333 -0.466667 1.42787 
-2.73333 -0.4 2.24455 
-2.73333 -0.333333 3.37678 
-2.73333 -0.266667 4.8321 
-2.73333 -0.2 6.55114 
-2.73333 -0.133333 8.40807 
-2.73333 -0.0666667 10.2392 
-2.73333 -4.16334e-16 11.8793 
-2.73333 0.0666667 13.17 
-2.73333 0.133333 13.965 
-2.73333 0.2 14.1981 
-2.73333 0.266667 13.6527 
-2.73333 0.333333 12.1791 
-2.73333 0.4 10.2642 
-2.73333 0.466667 8.52047 
-2.73333 0.533333 7.60364 
-2.73333 0.6 8.1766 
-2.73333 0.666667 9.22517 
-2.73333 0.733333 9.20955 
-2.73333 0.8 7.60734 
-2.73333 0.866667 6.14583 
-2.73333 0.933333 5.01918 
-2.73333 1 3.7233 
-2.73333 1.06667 3.41494 
-2.73333 1.13333 4.38037 
-2.73333 1.2 3.21283 
-2.73333 1.26667 3.88683 
-2.73333 1.33333 3.76758 
-2.73333 1.4 2.95668 
-2.73333 1.46667 3.13871 
-2.73333 1.53333 2.82 
-2.73333 1.6 2.67601 
-2.73333 1.66667 2.58412 
-2.73333 1.73333 5.14825 
-2.73333 1.8 2.85676 
-2.73333 1.86667 4.57395 
-2.73333 1.93333 2.1182 
-2.73333 2 5.23672 
-2.66667 -2 2.35292e-06 
-2.66667 -1.93333 4.34712e-06 
-2.66667 -1.86667 8.03099e-06 
-2.66667 -1.8 1.48355e-05 
-2.66667 -1.73333 2.74022e-05 
-2.66667 -1.66667 5.06062e-05 
-2.66667 -1.6 9.344e-05 
-2.66667 -1.53333 0.000172481 
-2.66667 -1.46667 0.000318261 
-2.66667 -1.4 0.000586953 
-2.66667 -1.33333 0.00108173 
-2.66667 -1.26667 0.00199169 
-2.66667 -1.2 0.0036624 
-2.66667 -1.13333 0.00672277 
-2.66667 -1.06667 0.0123112 
-2.66667 -1 0.022473 
-2.66667 -0.933333 0.0408448 
-2.66667 -0.866667 0.0738022 
-2.66667 -0.8 0.132308 
-2.66667 -0.733333 0.23471 
-2.66667 -0.666667 0.410582 
-2.66667 -0.6 0.705142 
-2.66667 -0.533333 1.18245 
-2.66667 -0.466667 1.92356 
-2.66667 -0.4 3.01388 
-2.66667 -0.333333 4.5156 
-2.66667 -0.266667 6.43004 
-2.66667 -0.2 8.66935 
-2.66667 -0.133333 11.0615 
-2.66667 -0.0666667 13.3927 
-2.66667 -4.16334e-16 15.4562 
-2.66667 0.0666667 17.0618 
-2.66667 0.133333 18.0383 
-2.66667 0.2 18.3183 
-2.66667 0.266667 17.6462 
-2.66667 0.333333 15.8237 
-2.66667 0.4 13.4288 
-2.66667 0.466667 11.2196 
-2.66667 0.533333 10.0434 
-2.66667 0.6 10.7645 
-2.66667 0.666667 12.094 
-2.66667 0.733333 12.0947 
-2.66667 0.8 10.0717 
-2.66667 0.866667 8.1768 
-2.66667 0.933333 6.69665 
-2.66667 1 4.99182 
-2.66667 1.06667 4.58372 
-2.66667 1.13333 5.8665 
-2.66667 1.2 4.31843 
-2.66667 1.26667 5.21185 
-2.66667 1.33333 5.05341 
-2.66667 1.4 3.9754 
-2.66667 1.46667 4.21695 
-2.66667 1.53333 3.79378 
-2.66667 1.6 3.60169 
-2.66667 1.66667 3.47992 
-2.66667 1.73333 6.85309 
-2.66667 1.8 3.84218 
-2.66667 1.86667 6.10441 
-2.66667 1.93333 2.85605 
-2.66667 2 6.96927 
-2.6 -2 3.19843e-06 
-2.6 -1.93333 5.90922e-06 
-2.6 -1.86667 1.09168e-05 
-2.6 -1.8 2.01663e-05 
-2.6 -1.73333 3.72484e-05 
-2.6 -1.66667 6.87895e-05 
-2.6 -1.6 0.000127012 
-2.6 -1.53333 0.000234448 
-2.6 -1.46667 0.000432594 
-2.6 -1.4 0.000797786 
-2.6 -1.33333 0.00147022 
-2.6 -1.26667 0.00270683 
-2.6 -1.2 0.00497702 
-2.6 -1.13333 0.00913493 
-2.6 -1.06667 0.016726 
-2.6 -1 0.0305253 
-2.6 -0.933333 0.0554634 
-2.6 -0.866667 0.100175 
-2.6 -0.8 0.179481 
-2.6 -0.733333 0.318128 
-2.6 -0.666667 0.555848 
-2.6 -0.6 0.953025 
-2.6 -0.533333 1.59439 
-2.6 -0.466667 2.58543 
-2.6 -0.4 4.03386 
-2.6 -0.333333 6.01167 
-2.6 -0.266667 8.50592 
-2.6 -0.2 11.3861 
-2.6 -0.133333 14.4185 
-2.6 -0.0666667 17.3289 
-2.6 -4.16334e-16 19.867 
-2.6 0.0666667 21.8154 
-2.6 0.133333 22.9839 
-2.6 0.2 23.3114 
-2.6 0.266667 22.5048 
-2.6 0.333333 20.3071 
-2.6 0.4 17.3795 
-2.6 0.466667 14.6358 
-2.6 0.533333 13.1534 
-2.6 0.6 14.0445 
-2.6 0.666667 15.6994 
-2.6 0.733333 15.7261 
-2.6 0.8 13.2205 
-2.6 0.866667 10.8022 
-2.6 0.933333 8.88171 
-2.6 1 6.66222 
-2.6 1.06667 6.1268 
-2.6 1.13333 7.81623 
-2.6 1.2 5.78192 
-2.6 1.26667 6.95606 
-2.6 1.33333 6.74734 
-2.6 1.4 5.32561 
-2.6 1.46667 5.64366 
-2.6 1.53333 5.08602 
-2.6 1.6 4.83148 
-2.6 1.66667 4.67126 
-2.6 1.73333 9.06647 
-2.6 1.8 5.1492 
-2.6 1.86667 8.10188 
-2.6 1.93333 3.84055 
-2.6 2 9.21735 
-2.53333 -2 4.34778e-06 
-2.53333 -1.93333 8.03265e-06 
-2.53333 -1.86667 1.48396e-05 
-2.53333 -1.8 2.74126e-05 
-2.53333 -1.73333 5.06324e-05 
-2.53333 -1.66667 9.35058e-05 
-2.53333 -1.6 0.000172646 
-2.53333 -1.53333 0.000318675 
-2.53333 -1.46667 0.00058799 
-2.53333 -1.4 0.00108433 
-2.53333 -1.33333 0.00199819 
-2.53333 -1.26667 0.00367861 
-2.53333 -1.2 0.00676319 
-2.53333 -1.13333 0.0124117 
-2.53333 -1.06667 0.0227216 
-2.53333 -1 0.0414569 
-2.53333 -0.933333 0.0752988 
-2.53333 -0.866667 0.135932 
-2.53333 -0.8 0.243371 
-2.53333 -0.733333 0.430925 
-2.53333 -0.666667 0.751817 
-2.53333 -0.6 1.2863 
-2.53333 -0.533333 2.14556 
-2.53333 -0.466667 3.465 
-2.53333 -0.4 5.37696 
-2.53333 -0.333333 7.95849 
-2.53333 -0.266667 11.1685 
-2.53333 -0.2 14.8137 
-2.53333 -0.133333 18.5809 
-2.53333 -0.0666667 22.1274 
-2.53333 -4.16334e-16 25.1645 
-2.53333 0.0666667 27.4586 
-2.53333 0.133333 28.8141 
-2.53333 0.2 29.1857 
-2.53333 0.266667 28.248 
-2.53333 0.333333 25.6768 
-2.53333 0.4 22.1958 
-2.53333 0.466667 18.871 
-2.53333 0.533333 17.0434 
-2.53333 0.6 18.121 
-2.53333 0.666667 20.1345 
-2.53333 0.733333 20.1978 
-2.53333 0.8 17.1659 
-2.53333 0.866667 14.1412 
-2.53333 0.933333 11.6898 
-2.53333 1 8.83914 
-2.53333 1.06667 8.14456 
-2.53333 1.13333 10.3434 
-2.53333 1.2 7.7017 
-2.53333 1.26667 9.22739 
-2.53333 1.33333 8.9556 
-2.53333 1.4 7.10018 
-2.53333 1.46667 7.51471 
-2.53333 1.53333 6.78712 
-2.53333 1.6 6.45277 
-2.53333 1.66667 6.24395 
-2.53333 1.73333 11.9014 
-2.53333 1.8 6.86871 
-2.53333 1.86667 10.6769 
-2.53333 1.93333 5.14605 
-2.53333 2 12.0945 
-2.46667 -2 5.91012e-06 
-2.46667 -1.93333 1.09191e-05 
-2.46667 -1.86667 2.0172e-05 
-2.46667 -1.8 3.72626e-05 
-2.46667 -1.73333 6.88251e-05 
-2.46667 -1.66667 0.000127102 
-2.46667 -1.6 0.000234672 
-2.46667 -1.53333 0.000433156 
-2.46667 -1.46667 0.000799195 
-2.46667 -1.4 0.00147375 
-2.46667 -1.33333 0.00271566 
-2.46667 -1.26667 0.00499905 
-2.46667 -1.2 0.00918982 
-2.46667 -1.13333 0.0168624 
-2.46667 -1.06667 0.0308627 
-2.46667 -1 0.0562936 
-2.46667 -0.933333 0.102203 
-2.46667 -0.866667 0.184386 
-2.46667 -0.8 0.32983 
-2.46667 -0.733333 0.583264 
-2.46667 -0.666667 1.01571 
-2.46667 -0.6 1.73315 
-2.46667 -0.533333 2.87999 
-2.46667 -0.466667 4.62684 
-2.46667 -0.4 7.13029 
-2.46667 -0.333333 10.4616 
-2.46667 -0.266667 14.5295 
-2.46667 -0.2 19.0511 
-2.46667 -0.133333 23.6159 
-2.46667 -0.0666667 27.8127 
-2.46667 -4.16334e-16 31.3288 
-2.46667 0.0666667 33.936 
-2.46667 0.133333 35.4528 
-2.46667 0.2 35.8606 
-2.46667 0.266667 34.8103 
-2.46667 0.333333 31.9062 
-2.46667 0.4 27.9006 
-2.46667 0.466667 23.9891 
-2.46667 0.533333 21.7961 
-2.46667 0.6 23.0664 
-2.46667 0.666667 25.45 
-2.46667 0.733333 25.5583 
-2.46667 0.8 21.9901 
-2.46667 0.866667 18.301 
-2.46667 0.933333 15.2367 
-2.46667 1 11.6382 
-2.46667 1.06667 10.7502 
-2.46667 1.13333 13.5681 
-2.46667 1.2 10.1903 
-2.46667 1.26667 12.1438 
-2.46667 1.33333 11.7952 
-2.46667 1.4 9.40694 
-2.46667 1.46667 9.94015 
-2.46667 1.53333 9.00294 
-2.46667 1.6 8.56878 
-2.46667 1.66667 8.29986 
-2.46667 1.73333 15.4705 
-2.46667 1.8 9.10685 
-2.46667 1.86667 13.9446 
-2.46667 1.93333 6.86313 
-2.46667 2 15.7132 
-2.4 -2 8.03386e-06 
-2.4 -1.93333 1.48427e-05 
-2.4 -1.86667 2.74203e-05 
-2.4 -1.8 5.06517e-05 
-2.4 -1.73333 9.35542e-05 
-2.4 -1.66667 0.000172767 
-2.4 -1.6 0.00031898 
-2.4 -1.53333 0.000588755 
-2.4 -1.46667 0.00108624 
-2.4 -1.4 0.00200298 
-2.4 -1.33333 0.0036906 
-2.4 -1.26667 0.00679312 
-2.4 -1.2 0.0124862 
-2.4 -1.13333 0.0229067 
-2.4 -1.06667 0.0419147 
-2.4 -1 0.0764245 
-2.4 -0.933333 0.138679 
-2.4 -0.866667 0.250004 
-2.4 -0.8 0.446716 
-2.4 -0.733333 0.788697 
-2.4 -0.666667 1.37024 
-2.4 -0.6 2.3302 
-2.4 -0.533333 3.85351 
-2.4 -0.466667 6.14983 
-2.4 -0.4 9.39429 
-2.4 -0.333333 13.632 
-2.4 -0.266667 18.6886 
-2.4 -0.2 24.1608 
-2.4 -0.133333 29.5284 
-2.4 -0.0666667 34.3252 
-2.4 -4.16334e-16 38.243 
-2.4 0.0666667 41.0888 
-2.4 0.133333 42.7188 
-2.4 0.2 43.1504 
-2.4 0.266667 42.0224 
-2.4 0.333333 38.8708 
-2.4 0.4 34.4318 
-2.4 0.466667 29.987 
-2.4 0.533333 27.4396 
-2.4 0.6 28.8932 
-2.4 0.666667 31.6258 
-2.4 0.733333 31.7816 
-2.4 0.8 27.7149 
-2.4 0.866667 23.3517 
-2.4 0.933333 19.6209 
-2.4 1 15.1758 
-2.4 1.06667 14.0614 
-2.4 1.13333 17.601 
-2.4 1.2 13.3668 
-2.4 1.26667 15.8215 
-2.4 1.33333 15.3831 
-2.4 1.4 12.363 
-2.4 1.46667 13.0375 
-2.4 1.53333 11.8499 
-2.4 1.6 11.2945 
-2.4 1.66667 10.9535 
-2.4 1.73333 19.8693 
-2.4 1.8 11.98 
-2.4 1.86667 18.0105 
-2.4 1.93333 9.0976 
-2.4 2 20.1671 
-2.33333 -2 1.09207e-05 
-2.33333 -1.93333 2.01761e-05 
-2.33333 -1.86667 3.72731e-05 
-2.33333 -1.8 6.88514e-05 
-2.33333 -1.73333 0.000127168 
-2.33333 -1.66667 0.000234838 
-2.33333 -1.6 0.00043357 
-2.33333 -1.53333 0.000800234 
-2.33333 -1.46667 0.00147635 
-2.33333 -1.4 0.00272217 
-2.33333 -1.33333 0.00501534 
-2.33333 -1.26667 0.00923047 
-2.33333 -1.2 0.0169636 
-2.33333 -1.13333 0.0311139 
-2.33333 -1.06667 0.0569145 
-2.33333 -1 0.103728 
-2.33333 -0.933333 0.188104 
-2.33333 -0.866667 0.338791 
-2.33333 -0.8 0.604539 
-2.33333 -0.733333 1.0652 
-2.33333 -0.666667 1.84517 
-2.33333 -0.6 3.12442 
-2.33333 -0.533333 5.13546 
-2.33333 -0.466667 8.12704 
-2.33333 -0.4 12.2779 
-2.33333 -0.333333 17.5734 
-2.33333 -0.266667 23.7126 
-2.33333 -0.2 30.1415 
-2.33333 -0.133333 36.234 
-2.33333 -0.0666667 41.5024 
-2.33333 -4.16334e-16 45.6844 
-2.33333 0.0666667 48.6557 
-2.33333 0.133333 50.3321 
-2.33333 0.2 50.772 
-2.33333 0.266667 49.6146 
-2.33333 0.333333 46.3407 
-2.33333 0.4 41.6233 
-2.33333 0.466667 36.768 
-2.33333 0.533333 33.9182 
-2.33333 0.6 35.5269 
-2.33333 0.666667 38.5457 
-2.33333 0.733333 38.7429 
-2.33333 0.8 34.2728 
-2.33333 0.866667 29.2954 
-2.33333 0.933333 24.8973 
-2.33333 1 19.5509 
-2.33333 1.06667 18.1845 
-2.33333 1.13333 22.5196 
-2.33333 1.2 17.3425 
-2.33333 1.26667 20.355 
-2.33333 1.33333 19.8172 
-2.33333 1.4 16.083 
-2.33333 1.46667 16.9183 
-2.33333 1.53333 15.4442 
-2.33333 1.6 14.7472 
-2.33333 1.66667 14.3228 
-2.33333 1.73333 25.1509 
-2.33333 1.8 15.6037 
-2.33333 1.86667 22.9478 
-2.33333 1.93333 11.9655 
-2.33333 2 25.5059 
-2.26667 -2 1.48449e-05 
-2.26667 -1.93333 2.7426e-05 
-2.26667 -1.86667 5.06659e-05 
-2.26667 -1.8 9.35898e-05 
-2.26667 -1.73333 0.000172857 
-2.26667 -1.66667 0.000319205 
-2.26667 -1.6 0.000589318 
-2.26667 -1.53333 0.00108765 
-2.26667 -1.46667 0.00200652 
-2.26667 -1.4 0.00369945 
-2.26667 -1.33333 0.00681524 
-2.26667 -1.26667 0.0125414 
-2.26667 -1.2 0.0230441 
-2.26667 -1.13333 0.0422555 
-2.26667 -1.06667 0.0772662 
-2.26667 -1 0.140744 
-2.26667 -0.933333 0.25503 
-2.26667 -0.866667 0.458805 
-2.26667 -0.8 0.817304 
-2.26667 -0.733333 1.43647 
-2.26667 -0.666667 2.47904 
-2.26667 -0.6 4.17503 
-2.26667 -0.533333 6.80953 
-2.26667 -0.466667 10.663 
-2.26667 -0.4 15.889 
-2.26667 -0.333333 22.363 
-2.26667 -0.266667 29.6077 
-2.26667 -0.2 36.9017 
-2.26667 -0.133333 43.5436 
-2.26667 -0.0666667 49.0798 
-2.26667 -4.16334e-16 53.3422 
-2.26667 0.0666667 56.3024 
-2.26667 0.133333 57.9498 
-2.26667 0.2 58.3811 
-2.26667 0.266667 57.2487 
-2.26667 0.333333 54.0007 
-2.26667 0.4 49.2071 
-2.26667 0.466667 44.1286 
-2.26667 0.533333 41.0724 
-2.26667 0.6 42.7884 
-2.26667 0.666667 45.9892 
-2.26667 0.733333 46.2116 
-2.26667 0.8 41.4879 
-2.26667 0.866667 36.0385 
-2.26667 0.933333 31.0474 
-2.26667 1 24.8191 
-2.26667 1.06667 23.1908 
-2.26667 1.13333 28.3379 
-2.26667 1.2 22.1977 
-2.26667 1.26667 25.7892 
-2.26667 1.33333 25.1494 
-2.26667 1.4 20.6585 
-2.26667 1.46667 21.6668 
-2.26667 1.53333 19.8828 
-2.26667 1.6 19.029 
-2.26667 1.66667 18.5131 
-2.26667 1.73333 31.2977 
-2.26667 1.8 20.0736 
-2.26667 1.86667 28.7696 
-2.26667 1.93333 15.5821 
-2.26667 2 31.7064 
-2.2 -2 2.01792e-05 
-2.2 -1.93333 3.72807e-05 
-2.2 -1.86667 6.88707e-05 
-2.2 -1.8 0.000127216 
-2.2 -1.73333 0.000234959 
-2.2 -1.66667 0.000433876 
-2.2 -1.6 0.000800999 
-2.2 -1.53333 0.00147827 
-2.2 -1.46667 0.00272698 
-2.2 -1.4 0.00502737 
-2.2 -1.33333 0.00926052 
-2.2 -1.26667 0.0170385 
-2.2 -1.2 0.0313004 
-2.2 -1.13333 0.0573768 
-2.2 -1.06667 0.104869 
-2.2 -1 0.190899 
-2.2 -0.933333 0.34558 
-2.2 -0.866667 0.620821 
-2.2 -0.8 1.10357 
-2.2 -0.733333 1.93346 
-2.2 -0.666667 3.3211 
-2.2 -0.6 5.55499 
-2.2 -0.533333 8.97286 
-2.2 -0.466667 13.867 
-2.2 -0.4 20.3177 
-2.2 -0.333333 28.0261 
-2.2 -0.266667 36.2938 
-2.2 -0.2 44.2461 
-2.2 -0.133333 51.1715 
-2.2 -0.0666667 56.722 
-2.2 -4.16334e-16 60.8639 
-2.2 0.0666667 63.6771 
-2.2 0.133333 65.2244 
-2.2 0.2 65.631 
-2.2 0.266667 64.5742 
-2.2 0.333333 61.4974 
-2.2 0.4 56.8461 
-2.2 0.466667 51.7714 
-2.2 0.533333 48.64 
-2.2 0.6 50.3999 
-2.2 0.666667 53.6472 
-2.2 0.733333 53.8715 
-2.2 0.8 49.0827 
-2.2 0.866667 43.378 
-2.2 0.933333 37.9539 
-2.2 1 30.9627 
-2.2 1.06667 29.0869 
-2.2 1.13333 34.9769 
-2.2 1.2 27.952 
-2.2 1.26667 32.0887 
-2.2 1.33333 31.355 
-2.2 1.4 26.1313 
-2.2 1.46667 27.3111 
-2.2 1.53333 25.2174 
-2.2 1.6 24.2017 
-2.2 1.66667 23.5918 
-2.2 1.73333 38.1964 
-2.2 1.8 25.439 
-2.2 1.86667 35.401 
-2.2 1.93333 20.0431 
-2.2 2 38.6481 
-2.13333 -2 2.74301e-05 
-2.13333 -1.93333 5.06763e-05 
-2.13333 -1.86667 9.36161e-05 
-2.13333 -1.8 0.000172923 
-2.13333 -1.73333 0.00031937 
-2.13333 -1.66667 0.000589732 
-2.13333 -1.6 0.00108869 
-2.13333 -1.53333 0.00200912 
-2.13333 -1.46667 0.00370598 
-2.13333 -1.4 0.00683157 
-2.13333 -1.33333 0.0125822 
-2.13333 -1.26667 0.0231459 
-2.13333 -1.2 0.0425085 
-2.13333 -1.13333 0.077893 
-2.13333 -1.06667 0.142289 
-2.13333 -1 0.25881 
-2.13333 -0.933333 0.467963 
-2.13333 -0.866667 0.83919 
-2.13333 -0.8 1.48778 
-2.13333 -0.733333 2.59622 
-2.13333 -0.666667 4.43317 
-2.13333 -0.6 7.35151 
-2.13333 -0.533333 11.7321 
-2.13333 -0.466667 17.8404 
-2.13333 -0.4 25.6142 
-2.13333 -0.333333 34.5089 
-2.13333 -0.266667 43.5881 
-2.13333 -0.2 51.8842 
-2.13333 -0.133333 58.7726 
-2.13333 -0.0666667 64.0774 
-2.13333 -4.16334e-16 67.9175 
-2.13333 0.0666667 70.4726 
-2.13333 0.133333 71.8647 
-2.13333 0.2 72.2339 
-2.13333 0.266667 71.2906 
-2.13333 0.333333 68.5028 
-2.13333 0.4 64.1893 
-2.13333 0.466667 59.3472 
-2.13333 0.533333 56.2864 
-2.13333 0.6 58.0194 
-2.13333 0.666667 61.1673 
-2.13333 0.733333 61.3695 
-2.13333 0.8 56.7151 
-2.13333 0.866667 51.0157 
-2.13333 0.933333 45.3922 
-2.13333 1 37.8647 
-2.13333 1.06667 35.7866 
-2.13333 1.13333 42.2481 
-2.13333 1.2 34.5345 
-2.13333 1.26667 39.1143 
-2.13333 1.33333 38.3077 
-2.13333 1.4 32.4627 
-2.13333 1.46667 33.7943 
-2.13333 1.53333 31.4232 
-2.13333 1.6 30.2565 
-2.13333 1.66667 29.559 
-2.13333 1.73333 45.628 
-2.13333 1.8 31.6722 
-2.13333 1.86667 42.6619 
-2.13333 1.93333 25.3983 
-2.13333 2 46.105 
-2.06667 -2 3.72864e-05 
-2.06667 -1.93333 6.88849e-05 
-2.06667 -1.86667 0.000127252 
-2.06667 -1.8 0.000235049 
-2.06667 -1.73333 0.0004341 
-2.06667 -1.66667 0.000801563 
-2.06667 -1.6 0.00147969 
-2.06667 -1.53333 0.00273052 
-2.06667 -1.46667 0.00503623 
-2.06667 -1.4 0.0092827 
-2.06667 -1.33333 0.0170939 
-2.06667 -1.26667 0.0314385 
-2.06667 -1.2 0.0577199 
-2.06667 -1.13333 0.105718 
-2.06667 -1.06667 0.19299 
-2.06667 -1 0.350685 
-2.06667 -0.933333 0.633154 
-2.06667 -0.866667 1.13292 
-2.06667 -0.8 2.00183 
-2.06667 -0.733333 3.47573 
-2.06667 -0.666667 5.89094 
-2.06667 -0.6 9.66444 
-2.06667 -0.533333 15.1949 
-2.06667 -0.466667 22.6582 
-2.06667 -0.4 31.7617 
-2.06667 -0.333333 41.6591 
-2.06667 -0.266667 51.2106 
-2.06667 -0.2 59.4692 
-2.06667 -0.133333 66.001 
-2.06667 -0.0666667 70.841 
-2.06667 -4.16334e-16 74.2482 
-2.06667 0.0666667 76.4744 
-2.06667 0.133333 77.679 
-2.06667 0.2 78.0026 
-2.06667 0.266667 77.1936 
-2.06667 0.333333 74.7684 
-2.06667 0.4 70.9349 
-2.06667 0.466667 66.5157 
-2.06667 0.533333 63.6598 
-2.06667 0.6 65.2983 
-2.06667 0.666667 68.2161 
-2.06667 0.733333 68.3779 
-2.06667 0.8 64.0371 
-2.06667 0.866667 58.6018 
-2.06667 0.933333 53.0496 
-2.06667 1 45.3006 
-2.06667 1.06667 43.096 
-2.06667 1.13333 49.8643 
-2.06667 1.2 41.7663 
-2.06667 1.26667 46.62 
-2.06667 1.33333 45.7734 
-2.06667 1.4 39.5107 
-2.06667 1.46667 40.9538 
-2.06667 1.53333 38.3748 
-2.06667 1.6 37.0876 
-2.06667 1.66667 36.3192 
-2.06667 1.73333 53.2846 
-2.06667 1.8 38.6447 
-2.06667 1.86667 50.2734 
-2.06667 1.93333 31.6214 
-2.06667 2 53.7642 
-2 -2 5.0684e-05 
-2 -1.93333 9.36354e-05 
-2 -1.86667 0.000172971 
-2 -1.8 0.000319491 
-2 -1.73333 0.000590038 
-2 -1.66667 0.00108946 
-2 -1.6 0.00201104 
-2 -1.53333 0.00371079 
-2 -1.46667 0.00684362 
-2 -1.4 0.0126124 
-2 -1.33333 0.0232211 
-2 -1.26667 0.0426958 
-2 -1.2 0.0783581 
-2 -1.13333 0.143439 
-2 -1.06667 0.261636 
-2 -1 0.474848 
-2 -0.933333 0.855764 
-2 -0.866667 1.52701 
-2 -0.8 2.68686 
-2 -0.733333 4.63577 
-2 -0.666667 7.78415 
-2 -0.6 12.6013 
-2 -0.533333 19.4555 
-2 -0.466667 28.3435 
-2 -0.4 38.6522 
-2 -0.333333 49.2228 
-2 -0.266667 58.8185 
-2 -0.2 66.6567 
-2 -0.133333 72.5711 
-2 -0.0666667 76.802 
-2 -4.16334e-16 79.7085 
-2 0.0666667 81.5791 
-2 0.133333 82.5866 
-2 0.2 82.8613 
-2 0.266667 82.1909 
-2 0.333333 80.1551 
-2 0.4 76.8758 
-2 0.466667 73.0044 
-2 0.533333 70.4539 
-2 0.6 71.9437 
-2 0.666667 74.5363 
-2 0.733333 74.6496 
-2 0.8 70.7556 
-2 0.866667 65.797 
-2 0.933333 60.5737 
-2 1 52.9578 
-2 1.06667 50.7245 
-2 1.13333 57.4792 
-2 1.2 49.3677 
-2 1.26667 54.2795 
-2 1.33333 53.4332 
-2 1.4 47.0274 
-2 1.46667 48.5244 
-2 1.53333 45.8395 
-2 1.6 44.4811 
-2 1.66667 43.6686 
-2 1.73333 60.8141 
-2 1.8 46.1209 
-2 1.86667 57.8929 
-2 1.93333 38.5855 
-2 2 61.2729 
-1.93333 -2 6.88953e-05 
-1.93333 -1.93333 0.000127278 
-1.93333 -1.86667 0.000235115 
-1.93333 -1.8 0.000434265 
-1.93333 -1.73333 0.000801977 
-1.93333 -1.66667 0.00148073 
-1.93333 -1.6 0.00273313 
-1.93333 -1.53333 0.00504277 
-1.93333 -1.46667 0.00929906 
-1.93333 -1.4 0.0171349 
-1.93333 -1.33333 0.0315405 
-1.93333 -1.26667 0.057974 
-1.93333 -1.2 0.106349 
-1.93333 -1.13333 0.194546 
-1.93333 -1.06667 0.354501 
-1.93333 -1 0.642424 
-1.93333 -0.933333 1.15513 
-1.93333 -0.866667 2.05405 
-1.93333 -0.8 3.59522 
-1.93333 -0.733333 6.15407 
-1.93333 -0.666667 10.2144 
-1.93333 -0.6 16.2675 
-1.93333 -0.533333 24.5736 
-1.93333 -0.466667 34.8419 
-1.93333 -0.4 46.0754 
-1.93333 -0.333333 56.8708 
-1.93333 -0.266667 66.0634 
-1.93333 -0.2 73.1662 
-1.93333 -0.133333 78.2996 
-1.93333 -0.0666667 81.8611 
-1.93333 -4.16334e-16 84.2587 
-1.93333 0.0666667 85.7832 
-1.93333 0.133333 86.6023 
-1.93333 0.2 86.829 
-1.93333 0.266667 86.289 
-1.93333 0.333333 84.6306 
-1.93333 0.4 81.9161 
-1.93333 0.466667 78.6449 
-1.93333 0.533333 76.4551 
-1.93333 0.6 77.7615 
-1.93333 0.666667 79.9791 
-1.93333 0.733333 80.0456 
-1.93333 0.8 76.674 
-1.93333 0.866667 72.3296 
-1.93333 0.933333 67.6339 
-1.93333 1 60.4837 
-1.93333 1.06667 58.325 
-1.93333 1.13333 64.7484 
-1.93333 1.2 56.9955 
-1.93333 1.26667 61.7395 
-1.93333 1.33333 60.9338 
-1.93333 1.4 54.6859 
-1.93333 1.46667 56.1696 
-1.93333 1.53333 53.4993 
-1.93333 1.6 52.1315 
-1.93333 1.66667 51.3087 
-1.93333 1.73333 67.8825 
-1.93333 1.8 53.781 
-1.93333 1.86667 65.1724 
-1.93333 1.93333 46.0568 
-1.93333 2 68.3006 
-1.86667 -2 9.36496e-05 
-1.86667 -1.93333 0.000173007 
-1.86667 -1.86667 0.000319581 
-1.86667 -1.8 0.000590262 
-1.86667 -1.73333 0.00109002 
-1.86667 -1.66667 0.00201246 
-1.86667 -1.6 0.00371434 
-1.86667 -1.53333 0.0068525 
-1.86667 -1.46667 0.0126346 
-1.86667 -1.4 0.0232766 
-1.86667 -1.33333 0.0428343 
-1.86667 -1.26667 0.0787026 
-1.86667 -1.2 0.144293 
-1.86667 -1.13333 0.26374 
-1.86667 -1.06667 0.479994 
-1.86667 -1 0.86822 
-1.86667 -0.933333 1.55669 
-1.86667 -0.866667 2.75607 
-1.86667 -0.8 4.79212 
-1.86667 -0.733333 8.12217 
-1.86667 -0.666667 13.2895 
-1.86667 -0.6 20.7499 
-1.86667 -0.533333 30.5487 
-1.86667 -0.466667 42.0011 
-1.86667 -0.4 53.7306 
-1.86667 -0.333333 64.2493 
-1.86667 -0.266667 72.6537 
-1.86667 -0.2 78.8213 
-1.86667 -0.133333 83.1147 
-1.86667 -0.0666667 86.0191 
-1.86667 -4.16334e-16 87.9429 
-1.86667 0.0666667 89.155 
-1.86667 0.133333 89.8057 
-1.86667 0.2 89.9885 
-1.86667 0.266667 89.5632 
-1.86667 0.333333 88.2449 
-1.86667 0.4 86.0583 
-1.86667 0.466667 83.3776 
-1.86667 0.533333 81.5602 
-1.86667 0.6 82.6693 
-1.86667 0.666667 84.505 
-1.86667 0.733333 84.5331 
-1.86667 0.8 81.7031 
-1.86667 0.866667 78.0297 
-1.86667 0.933333 73.9774 
-1.86667 1 67.5479 
-1.86667 1.06667 65.554 
-1.86667 1.13333 71.3885 
-1.86667 1.2 64.3024 
-1.86667 1.26667 68.6828 
-1.86667 1.33333 67.9503 
-1.86667 1.4 62.1329 
-1.86667 1.46667 63.5383 
-1.86667 1.53333 61.0008 
-1.86667 1.6 59.6875 
-1.86667 1.66667 58.8901 
-1.86667 1.73333 74.2309 
-1.86667 1.8 61.2719 
-1.86667 1.86667 71.8202 
-1.86667 1.93333 53.7168 
-1.86667 2 74.5954 
-1.8 -2 0.000127297 
-1.8 -1.93333 0.000235163 
-1.8 -1.86667 0.000434387 
-1.8 -1.8 0.000802283 
-1.8 -1.73333 0.00148149 
-1.8 -1.66667 0.00273505 
-1.8 -1.6 0.00504759 
-1.8 -1.53333 0.00931112 
-1.8 -1.46667 0.017165 
-1.8 -1.4 0.0316159 
-1.8 -1.33333 0.0581618 
-1.8 -1.26667 0.106815 
-1.8 -1.2 0.195701 
-1.8 -1.13333 0.357342 
-1.8 -1.06667 0.649353 
-1.8 -1 1.17183 
-1.8 -0.933333 2.09356 
-1.8 -0.866667 3.68636 
-1.8 -0.8 6.35679 
-1.8 -0.733333 10.6429 
-1.8 -0.666667 17.1122 
-1.8 -0.6 26.095 
-1.8 -0.533333 37.2949 
-1.8 -0.466667 49.5685 
-1.8 -0.4 61.267 
-1.8 -0.333333 71.0437 
-1.8 -0.266667 78.3992 
-1.8 -0.2 83.558 
-1.8 -0.133333 87.0393 
-1.8 -0.0666667 89.3475 
-1.8 -4.16334e-16 90.8575 
-1.8 0.0666667 91.8026 
-1.8 0.133333 92.3101 
-1.8 0.2 92.4547 
-1.8 0.266667 92.1256 
-1.8 0.333333 91.0976 
-1.8 0.4 89.3746 
-1.8 0.466667 87.2322 
-1.8 0.533333 85.7658 
-1.8 0.6 86.6814 
-1.8 0.666667 88.16 
-1.8 0.733333 88.161 
-1.8 0.8 85.8477 
-1.8 0.866667 82.8338 
-1.8 0.933333 79.4578 
-1.8 1 73.8975 
-1.8 1.06667 72.1317 
-1.8 1.13333 77.2148 
-1.8 1.2 70.9977 
-1.8 1.26667 74.8775 
-1.8 1.33333 74.239 
-1.8 1.4 69.0521 
-1.8 1.46667 70.327 
-1.8 1.53333 68.0184 
-1.8 1.6 66.8136 
-1.8 1.66667 66.0732 
-1.8 1.73333 79.708 
-1.8 1.8 68.2691 
-1.8 1.86667 77.643 
-1.8 1.93333 61.2123 
-1.8 2 80.0138 
-1.73333 -2 0.000173033 
-1.73333 -1.93333 0.000319647 
-1.73333 -1.86667 0.000590428 
-1.73333 -1.8 0.00109044 
-1.73333 -1.73333 0.0020135 
-1.73333 -1.66667 0.00371695 
-1.73333 -1.6 0.00685904 
-1.73333 -1.53333 0.012651 
-1.73333 -1.46667 0.0233176 
-1.73333 -1.4 0.0429366 
-1.73333 -1.33333 0.0789572 
-1.73333 -1.26667 0.144925 
-1.73333 -1.2 0.265301 
-1.73333 -1.13333 0.483825 
-1.73333 -1.06667 0.877528 
-1.73333 -1 1.57899 
-1.73333 -0.933333 2.80839 
-1.73333 -0.866667 4.91126 
-1.73333 -0.8 8.38211 
-1.73333 -0.733333 13.8237 
-1.73333 -0.666667 21.7631 
-1.73333 -0.6 32.2825 
-1.73333 -0.533333 44.6258 
-1.73333 -0.466667 57.2152 
-1.73333 -0.4 68.3447 
-1.73333 -0.333333 77.0315 
-1.73333 -0.266667 83.224 
-1.73333 -0.2 87.4056 
-1.73333 -0.133333 90.1588 
-1.73333 -0.0666667 91.9565 
-1.73333 -4.16334e-16 93.1216 
-1.73333 0.0666667 93.8474 
-1.73333 0.133333 94.2377 
-1.73333 0.2 94.3502 
-1.73333 0.266667 94.099 
-1.73333 0.333333 93.3092 
-1.73333 0.4 91.9747 
-1.73333 0.466667 90.2965 
-1.73333 0.533333 89.1399 
-1.73333 0.6 89.8782 
-1.73333 0.666667 91.0433 
-1.73333 0.733333 91.0275 
-1.73333 0.8 89.1779 
-1.73333 0.866667 86.7657 
-1.73333 0.933333 84.0341 
-1.73333 1 79.3857 
-1.73333 1.06667 77.8793 
-1.73333 1.13333 82.1498 
-1.73333 1.2 76.8874 
-1.73333 1.26667 80.1996 
-1.73333 1.33333 79.6628 
-1.73333 1.4 75.2136 
-1.73333 1.46667 76.3255 
-1.73333 1.53333 74.3071 
-1.73333 1.6 73.2472 
-1.73333 1.66667 72.5866 
-1.73333 1.73333 84.2714 
-1.73333 1.8 74.5306 
-1.73333 1.86667 82.5592 
-1.73333 1.93333 68.2179 
-1.73333 2 84.5198 
-1.66667 -2 0.000235199 
-1.66667 -1.93333 0.000434477 
-1.66667 -1.86667 0.000802508 
-1.66667 -1.8 0.00148206 
-1.66667 -1.73333 0.00273646 
-1.66667 -1.66667 0.00505113 
-1.66667 -1.6 0.00932001 
-1.66667 -1.53333 0.0171873 
-1.66667 -1.46667 0.0316715 
-1.66667 -1.4 0.0583005 
-1.66667 -1.33333 0.10716 
-1.66667 -1.26667 0.196556 
-1.66667 -1.2 0.35945 
-1.66667 -1.13333 0.65451 
-1.66667 -1.06667 1.1843 
-1.66667 -1 2.12323 
-1.66667 -0.933333 3.75523 
-1.66667 -0.866667 6.5111 
-1.66667 -0.8 10.9716 
-1.66667 -0.733333 17.7653 
-1.66667 -0.666667 27.2777 
-1.66667 -0.6 39.2018 
-1.66667 -0.533333 52.2595 
-1.66667 -0.466667 64.587 
-1.66667 -0.4 74.6955 
-1.66667 -0.333333 82.1046 
-1.66667 -0.266667 87.1496 
-1.66667 -0.2 90.4546 
-1.66667 -0.133333 92.5899 
-1.66667 -0.0666667 93.9683 
-1.66667 -4.16334e-16 94.8557 
-1.66667 0.0666667 95.4068 
-1.66667 0.133333 95.7036 
-1.66667 0.2 95.7901 
-1.66667 0.266667 95.6002 
-1.66667 0.333333 95.0005 
-1.66667 0.4 93.9804 
-1.66667 0.466667 92.6863 
-1.66667 0.533333 91.79 
-1.66667 0.6 92.374 
-1.66667 0.666667 93.2765 
-1.66667 0.733333 93.2522 
-1.66667 0.8 91.7995 
-1.66667 0.866667 89.907 
-1.66667 0.933333 87.7484 
-1.66667 1 83.9711 
-1.66667 1.06667 82.7263 
-1.66667 1.13333 86.2065 
-1.66667 1.2 81.8858 
-1.66667 1.26667 84.6254 
-1.66667 1.33333 84.1879 
-1.66667 1.4 80.4961 
-1.66667 1.46667 81.4329 
-1.66667 1.53333 79.7288 
-1.66667 1.6 78.8303 
-1.66667 1.66667 78.2616 
-1.66667 1.73333 87.9642 
-1.66667 1.8 79.9215 
-1.66667 1.86667 86.5824 
-1.66667 1.93333 74.4895 
-1.66667 2 88.1608 
-1.6 -2 0.000319695 
-1.6 -1.93333 0.000590549 
-1.6 -1.86667 0.00109074 
-1.6 -1.8 0.00201427 
-1.6 -1.73333 0.00371887 
-1.6 -1.66667 0.00686386 
-1.6 -1.6 0.012663 
-1.6 -1.53333 0.0233477 
-1.6 -1.46667 0.043012 
-1.6 -1.4 0.0791452 
-1.6 -1.33333 0.145392 
-1.6 -1.26667 0.266457 
-1.6 -1.2 0.486668 
-1.6 -1.13333 0.884456 
-1.6 -1.06667 1.59565 
-1.6 -1 2.84766 
-1.6 -0.933333 5.00122 
-1.6 -0.866667 8.57968 
-1.6 -0.8 14.2326 
-1.6 -0.733333 22.543 
-1.6 -0.666667 33.6197 
-1.6 -0.6 46.6408 
-1.6 -0.533333 59.852 
-1.6 -0.466667 71.368 
-1.6 -0.4 80.1603 
-1.6 -0.333333 86.2609 
-1.6 -0.266667 90.263 
-1.6 -0.2 92.8242 
-1.6 -0.133333 94.4558 
-1.6 -0.0666667 95.5005 
-1.6 -4.16334e-16 96.1698 
-1.6 0.0666667 96.5847 
-1.6 0.133333 96.8086 
-1.6 0.2 96.8744 
-1.6 0.266667 96.732 
-1.6 0.333333 96.2803 
-1.6 0.4 95.5084 
-1.6 0.466667 94.5223 
-1.6 0.533333 93.8373 
-1.6 0.6 94.2921 
-1.6 0.666667 94.9819 
-1.6 0.733333 94.9549 
-1.6 0.8 93.8302 
-1.6 0.866667 92.3686 
-1.6 0.933333 90.694 
-1.6 1 87.6948 
-1.6 1.06667 86.693 
-1.6 1.13333 89.4597 
-1.6 1.2 85.9999 
-1.6 1.26667 88.2075 
-1.6 1.33333 87.8595 
-1.6 1.4 84.8796 
-1.6 1.46667 85.646 
-1.6 1.53333 84.2494 
-1.6 1.6 83.5113 
-1.6 1.66667 83.0367 
-1.6 1.73333 90.8829 
-1.6 1.8 84.4106 
-1.6 1.86667 89.792 
-1.6 1.93333 79.8906 
-1.6 2 91.0355 
-1.53333 -2 0.000434543 
-1.53333 -1.93333 0.000802673 
-1.53333 -1.86667 0.00148247 
-1.53333 -1.8 0.0027375 
-1.53333 -1.73333 0.00505375 
-1.53333 -1.66667 0.00932655 
-1.53333 -1.6 0.0172036 
-1.53333 -1.53333 0.0317124 
-1.53333 -1.46667 0.0584028 
-1.53333 -1.4 0.107415 
-1.53333 -1.33333 0.197188 
-1.53333 -1.26667 0.361011 
-1.53333 -1.2 0.658337 
-1.53333 -1.13333 1.19358 
-1.53333 -1.06667 2.14539 
-1.53333 -1 3.8069 
-1.53333 -0.933333 6.6275 
-1.53333 -0.866667 11.2211 
-1.53333 -0.8 18.2636 
-1.53333 -0.733333 28.1831 
-1.53333 -0.666667 40.6596 
-1.53333 -0.6 54.2981 
-1.53333 -0.533333 67.0545 
-1.53333 -0.466667 77.3346 
-1.53333 -0.4 84.6945 
-1.53333 -0.333333 89.5739 
-1.53333 -0.266667 92.6832 
-1.53333 -0.2 94.6385 
-1.53333 -0.133333 95.8716 
-1.53333 -0.0666667 96.6565 
-1.53333 -4.16334e-16 97.1577 
-1.53333 0.0666667 97.468 
-1.53333 0.133333 97.6359 
-1.53333 0.2 97.6856 
-1.53333 0.266667 97.5794 
-1.53333 0.333333 97.2414 
-1.53333 0.4 96.6617 
-1.53333 0.466667 95.9171 
-1.53333 0.533333 95.3989 
-1.53333 0.6 95.7488 
-1.53333 0.666667 96.2707 
-1.53333 0.733333 96.2446 
-1.53333 0.8 95.3836 
-1.53333 0.866667 94.2684 
-1.53333 0.933333 92.9876 
-1.53333 1 90.6496 
-1.53333 1.06667 89.8602 
-1.53333 1.13333 92.017 
-1.53333 1.2 89.3019 
-1.53333 1.26667 91.0435 
-1.53333 1.33333 90.772 
-1.53333 1.4 88.4197 
-1.53333 1.46667 89.0318 
-1.53333 1.53333 87.9148 
-1.53333 1.6 87.3238 
-1.53333 1.66667 86.938 
-1.53333 1.73333 93.1477 
-1.53333 1.8 88.0463 
-1.53333 1.86667 92.301 
-1.53333 1.93333 84.3888 
-1.53333 2 93.2643 
-1.46667 -2 0.000590639 
-1.46667 -1.93333 0.00109097 
-1.46667 -1.86667 0.00201483 
-1.46667 -1.8 0.00372029 
-1.46667 -1.73333 0.00686741 
-1.46667 -1.66667 0.0126719 
-1.46667 -1.6 0.02337 
-1.46667 -1.53333 0.0430676 
-1.46667 -1.46667 0.0792838 
-1.46667 -1.4 0.145737 
-1.46667 -1.33333 0.267312 
-1.46667 -1.26667 0.488773 
-1.46667 -1.2 0.889596 
-1.46667 -1.13333 1.60804 
-1.46667 -1.06667 2.87699 
-1.46667 -1 5.06867 
-1.46667 -0.933333 8.72855 
-1.46667 -0.866667 14.5422 
-1.46667 -0.8 23.1358 
-1.46667 -0.733333 34.6373 
-1.46667 -0.666667 48.1667 
-1.46667 -0.6 61.8223 
-1.46667 -0.533333 73.5767 
-1.46667 -0.466667 82.3793 
-1.46667 -0.4 88.3442 
-1.46667 -0.333333 92.1583 
-1.46667 -0.266667 94.536 
-1.46667 -0.2 96.0123 
-1.46667 -0.133333 96.9366 
-1.46667 -0.0666667 97.5226 
-1.46667 -4.16334e-16 97.896 
-1.46667 0.0666667 98.127 
-1.46667 0.133333 98.2522 
-1.46667 0.2 98.2896 
-1.46667 0.266667 98.2106 
-1.46667 0.333333 97.9589 
-1.46667 0.4 97.526 
-1.46667 0.466667 96.9676 
-1.46667 0.533333 96.5786 
-1.46667 0.6 96.8452 
-1.46667 0.666667 97.2372 
-1.46667 0.733333 97.2138 
-1.46667 0.8 96.5604 
-1.46667 0.866667 95.7174 
-1.46667 0.933333 94.7483 
-1.46667 1 92.9516 
-1.46667 1.06667 92.3399 
-1.46667 1.13333 93.9959 
-1.46667 1.2 91.8986 
-1.46667 1.26667 93.2498 
-1.46667 1.33333 93.0412 
-1.46667 1.4 91.2166 
-1.46667 1.46667 91.696 
-1.46667 1.53333 90.8201 
-1.46667 1.6 90.3565 
-1.46667 1.66667 90.0495 
-1.46667 1.73333 94.8803 
-1.46667 1.8 90.925 
-1.46667 1.86667 94.2319 
-1.46667 1.93333 88.0317 
-1.46667 2 94.9684 
-1.4 -2 0.000802795 
-1.4 -1.93333 0.00148278 
-1.4 -1.86667 0.00273827 
-1.4 -1.8 0.00505567 
-1.4 -1.73333 0.00933137 
-1.4 -1.66667 0.0172157 
-1.4 -1.6 0.0317426 
-1.4 -1.53333 0.0584782 
-1.4 -1.46667 0.107603 
-1.4 -1.4 0.197655 
-1.4 -1.33333 0.362165 
-1.4 -1.26667 0.66117 
-1.4 -1.2 1.20047 
-1.4 -1.13333 2.16187 
-1.4 -1.06667 3.84546 
-1.4 -1 6.71472 
-1.4 -0.933333 11.4088 
-1.4 -0.866667 18.6401 
-1.4 -0.8 28.8687 
-1.4 -0.733333 41.7615 
-1.4 -0.666667 55.8262 
-1.4 -0.6 68.8734 
-1.4 -0.533333 79.2325 
-1.4 -0.466667 86.5019 
-1.4 -0.4 91.2119 
-1.4 -0.333333 94.1413 
-1.4 -0.266667 95.9383 
-1.4 -0.2 97.044 
-1.4 -0.133333 97.7327 
-1.4 -0.0666667 98.1682 
-1.4 -4.16334e-16 98.4453 
-1.4 0.0666667 98.6167 
-1.4 0.133333 98.7098 
-1.4 0.2 98.7377 
-1.4 0.266667 98.6792 
-1.4 0.333333 98.4924 
-1.4 0.4 98.1704 
-1.4 0.466667 97.7538 
-1.4 0.533333 97.4635 
-1.4 0.6 97.665 
-1.4 0.666667 97.9578 
-1.4 0.733333 97.9378 
-1.4 0.8 97.4454 
-1.4 0.866667 96.8126 
-1.4 0.933333 96.0852 
-1.4 1 94.7197 
-1.4 1.06667 94.2516 
-1.4 1.13333 95.5085 
-1.4 1.2 93.9082 
-1.4 1.26667 94.9429 
-1.4 1.33333 94.7845 
-1.4 1.4 93.3882 
-1.4 1.46667 93.7581 
-1.4 1.53333 93.0817 
-1.4 1.6 92.7238 
-1.4 1.66667 92.4838 
-1.4 1.73333 96.1916 
-1.4 1.8 93.164 
-1.4 1.86667 95.7001 
-1.4 1.93333 90.9157 
-1.4 2 96.2577 
-1.33333 -2 0.00109113 
-1.33333 -1.93333 0.00201524 
-1.33333 -1.86667 0.00372133 
-1.33333 -1.8 0.00687002 
-1.33333 -1.73333 0.0126784 
-1.33333 -1.66667 0.0233864 
-1.33333 -1.6 0.0431085 
-1.33333 -1.53333 0.079386 
-1.33333 -1.46667 0.145991 
-1.33333 -1.4 0.267943 
-1.33333 -1.33333 0.490329 
-1.33333 -1.26667 0.893401 
-1.33333 -1.2 1.61724 
-1.33333 -1.13333 2.8988 
-1.33333 -1.06667 5.119 
-1.33333 -1 8.84002 
-1.33333 -0.933333 14.7749 
-1.33333 -0.866667 23.5825 
-1.33333 -0.8 35.4042 
-1.33333 -0.733333 49.3117 
-1.33333 -0.666667 63.2839 
-1.33333 -0.6 75.1839 
-1.33333 -0.533333 83.9532 
-1.33333 -0.466667 89.779 
-1.33333 -0.4 93.4236 
-1.33333 -0.333333 95.6442 
-1.33333 -0.266667 96.9907 
-1.33333 -0.2 97.814 
-1.33333 -0.133333 98.3251 
-1.33333 -0.0666667 98.6476 
-1.33333 -4.16334e-16 98.8527 
-1.33333 0.0666667 98.9796 
-1.33333 0.133333 99.0486 
-1.33333 0.2 99.0694 
-1.33333 0.266667 99.0262 
-1.33333 0.333333 98.8878 
-1.33333 0.4 98.6491 
-1.33333 0.466667 98.3394 
-1.33333 0.533333 98.1236 
-1.33333 0.6 98.2751 
-1.33333 0.666667 98.4929 
-1.33333 0.733333 98.4764 
-1.33333 0.8 98.1072 
-1.33333 0.866667 97.6347 
-1.33333 0.933333 97.092 
-1.33333 1 96.0627 
-1.33333 1.06667 95.7082 
-1.33333 1.13333 96.6539 
-1.33333 1.2 95.4442 
-1.33333 1.26667 96.2286 
-1.33333 1.33333 96.1094 
-1.33333 1.4 95.0519 
-1.33333 1.46667 95.3339 
-1.33333 1.53333 94.8177 
-1.33333 1.6 94.5449 
-1.33333 1.66667 94.3598 
-1.33333 1.73333 97.1763 
-1.33333 1.8 94.8815 
-1.33333 1.86667 96.8066 
-1.33333 1.93333 93.1584 
-1.33333 2 97.2255 
-1.26667 -2 0.001483 
-1.26667 -1.93333 0.00273883 
-1.26667 -1.86667 0.00505708 
-1.26667 -1.8 0.00933491 
-1.26667 -1.73333 0.0172246 
-1.26667 -1.66667 0.0317648 
-1.26667 -1.6 0.0585337 
-1.26667 -1.53333 0.107741 
-1.26667 -1.46667 0.197999 
-1.26667 -1.4 0.363017 
-1.26667 -1.33333 0.663264 
-1.26667 -1.26667 1.20556 
-1.26667 -1.2 2.1741 
-1.26667 -1.13333 3.87414 
-1.26667 -1.06667 6.77977 
-1.26667 -1 11.5492 
-1.26667 -0.933333 18.9225 
-1.26667 -0.866667 29.3836 
-1.26667 -0.8 42.5879 
-1.26667 -0.733333 56.9641 
-1.26667 -0.666667 70.209 
-1.26667 -0.6 80.5976 
-1.26667 -0.533333 87.7691 
-1.26667 -0.466667 92.3281 
-1.26667 -0.4 95.1057 
-1.26667 -0.333333 96.7729 
-1.26667 -0.266667 97.7757 
-1.26667 -0.2 98.3862 
-1.26667 -0.133333 98.7643 
-1.26667 -0.0666667 99.0027 
-1.26667 -4.16334e-16 99.1541 
-1.26667 0.0666667 99.2479 
-1.26667 0.133333 99.2989 
-1.26667 0.2 99.3144 
-1.26667 0.266667 99.2825 
-1.26667 0.333333 99.1803 
-1.26667 0.4 99.0036 
-1.26667 0.466667 98.7741 
-1.26667 0.533333 98.6142 
-1.26667 0.6 98.7276 
-1.26667 0.666667 98.889 
-1.26667 0.733333 98.8757 
-1.26667 0.8 98.6002 
-1.26667 0.866667 98.2487 
-1.26667 0.933333 97.8454 
-1.26667 1 97.0746 
-1.26667 1.06667 96.808 
-1.26667 1.13333 97.515 
-1.26667 1.2 96.607 
-1.26667 1.26667 97.1972 
-1.26667 1.33333 97.108 
-1.26667 1.4 96.3133 
-1.26667 1.46667 96.5264 
-1.26667 1.53333 96.1361 
-1.26667 1.6 95.93 
-1.26667 1.66667 95.7888 
-1.26667 1.73333 97.9113 
-1.26667 1.8 96.1849 
-1.26667 1.86667 97.6348 
-1.26667 1.93333 94.8783 
-1.26667 2 97.9478 
-1.2 -2 0.00201555 
-1.2 -1.93333 0.00372209 
-1.2 -1.86667 0.00687194 
-1.2 -1.8 0.0126833 
-1.2 -1.73333 0.0233984 
-1.2 -1.66667 0.0431387 
-1.2 -1.6 0.0794613 
-1.2 -1.53333 0.146179 
-1.2 -1.46667 0.268408 
-1.2 -1.4 0.491477 
-1.2 -1.33333 0.896213 
-1.2 -1.26667 1.62404 
-1.2 -1.2 2.91497 
-1.2 -1.13333 5.15641 
-1.2 -1.06667 8.9231 
-1.2 -1 14.9487 
-1.2 -0.933333 23.917 
-1.2 -0.866667 35.9784 
-1.2 -0.8 50.1656 
-1.2 -0.733333 64.3638 
-1.2 -0.666667 76.3528 
-1.2 -0.6 85.0739 
-1.2 -0.533333 90.7755 
-1.2 -0.466667 94.2788 
-1.2 -0.4 96.372 
-1.2 -0.333333 97.6152 
-1.2 -0.266667 98.3588 
-1.2 -0.2 98.8101 
-1.2 -0.133333 99.0892 
-1.2 -0.0666667 99.2651 
-1.2 -4.16334e-16 99.3768 
-1.2 0.0666667 99.446 
-1.2 0.133333 99.4837 
-1.2 0.2 99.4952 
-1.2 0.266667 99.4716 
-1.2 0.333333 99.3962 
-1.2 0.4 99.2657 
-1.2 0.466667 99.0959 
-1.2 0.533333 98.9777 
-1.2 0.6 99.0622 
-1.2 0.666667 99.1817 
-1.2 0.733333 99.1712 
-1.2 0.8 98.9661 
-1.2 0.866667 98.7055 
-1.2 0.933333 98.4068 
-1.2 1 97.8321 
-1.2 1.06667 97.6328 
-1.2 1.13333 98.1589 
-1.2 1.2 97.4809 
-1.2 1.26667 97.9224 
-1.2 1.33333 97.856 
-1.2 1.4 97.2622 
-1.2 1.46667 97.4221 
-1.2 1.53333 97.1291 
-1.2 1.6 96.9746 
-1.2 1.66667 96.8676 
-1.2 1.73333 98.4577 
-1.2 1.8 97.1661 
-1.2 1.86667 98.2517 
-1.2 1.93333 96.1832 
-1.2 2 98.4847 
-1.13333 -2 0.00273925 
-1.13333 -1.93333 0.00505812 
-1.13333 -1.86667 0.00933752 
-1.13333 -1.8 0.0172311 
-1.13333 -1.73333 0.0317812 
-1.13333 -1.66667 0.0585746 
-1.13333 -1.6 0.107843 
-1.13333 -1.53333 0.198252 
-1.13333 -1.46667 0.363645 
-1.13333 -1.4 0.66481 
-1.13333 -1.33333 1.20933 
-1.13333 -1.26667 2.18314 
-1.13333 -1.2 3.8954 
-1.13333 -1.13333 6.8281 
-1.13333 -1.06667 11.6538 
-1.13333 -1 19.1333 
-1.13333 -0.933333 29.7683 
-1.13333 -0.866667 43.2042 
-1.13333 -0.8 57.8079 
-1.13333 -0.733333 71.1882 
-1.13333 -0.666667 81.5819 
-1.13333 -0.6 88.664 
-1.13333 -0.533333 93.0977 
-1.13333 -0.466667 95.7534 
-1.13333 -0.4 97.3182 
-1.13333 -0.333333 98.2407 
-1.13333 -0.266667 98.7904 
-1.13333 -0.2 99.1234 
-1.13333 -0.133333 99.3292 
-1.13333 -0.0666667 99.4588 
-1.13333 -4.16334e-16 99.5411 
-1.13333 0.0666667 99.592 
-1.13333 0.133333 99.6199 
-1.13333 0.2 99.6284 
-1.13333 0.266667 99.6111 
-1.13333 0.333333 99.5554 
-1.13333 0.4 99.4592 
-1.13333 0.466667 99.3338 
-1.13333 0.533333 99.2465 
-1.13333 0.6 99.3094 
-1.13333 0.666667 99.3976 
-1.13333 0.733333 99.3894 
-1.13333 0.8 99.2371 
-1.13333 0.866667 99.0443 
-1.13333 0.933333 98.8236 
-1.13333 1 98.3966 
-1.13333 1.06667 98.2483 
-1.13333 1.13333 98.6384 
-1.13333 1.2 98.1341 
-1.13333 1.26667 98.463 
-1.13333 1.33333 98.4137 
-1.13333 1.4 97.972 
-1.13333 1.46667 98.0914 
-1.13333 1.53333 97.8725 
-1.13333 1.6 97.7572 
-1.13333 1.66667 97.6768 
-1.13333 1.73333 98.8625 
-1.13333 1.8 97.9004 
-1.13333 1.86667 98.7096 
-1.13333 1.93333 97.1654 
-1.13333 2 98.8824 
-1.06667 -2 0.00372266 
-1.06667 -1.93333 0.00687335 
-1.06667 -1.86667 0.0126868 
-1.06667 -1.8 0.0234073 
-1.06667 -1.73333 0.0431609 
-1.06667 -1.66667 0.0795167 
-1.06667 -1.6 0.146317 
-1.06667 -1.53333 0.268751 
-1.06667 -1.46667 0.492324 
-1.06667 -1.4 0.898289 
-1.06667 -1.33333 1.62907 
-1.06667 -1.26667 2.92694 
-1.06667 -1.2 5.18414 
-1.06667 -1.13333 8.9848 
-1.06667 -1.06667 15.0781 
-1.06667 -1 24.1662 
-1.06667 -0.933333 36.4062 
-1.06667 -0.866667 50.7999 
-1.06667 -0.8 65.1599 
-1.06667 -0.733333 77.2038 
-1.06667 -0.666667 85.8762 
-1.06667 -0.6 91.4745 
-1.06667 -0.533333 94.8649 
-1.06667 -0.466667 96.8584 
-1.06667 -0.4 98.0215 
-1.06667 -0.333333 98.7037 
-1.06667 -0.266667 99.1092 
-1.06667 -0.2 99.3546 
-1.06667 -0.133333 99.5061 
-1.06667 -0.0666667 99.6015 
-1.06667 -4.16334e-16 99.6622 
-1.06667 0.0666667 99.6997 
-1.06667 0.133333 99.7203 
-1.06667 0.2 99.7265 
-1.06667 0.266667 99.7138 
-1.06667 0.333333 99.6728 
-1.06667 0.4 99.6018 
-1.06667 0.466667 99.5093 
-1.06667 0.533333 99.4449 
-1.06667 0.6 99.4916 
-1.06667 0.666667 99.5567 
-1.06667 0.733333 99.5504 
-1.06667 0.8 99.4376 
-1.06667 0.866667 99.2951 
-1.06667 0.933333 99.1322 
-1.06667 1 98.8159 
-1.06667 1.06667 98.7057 
-1.06667 1.13333 98.9943 
-1.06667 1.2 98.6204 
-1.06667 1.26667 98.8646 
-1.06667 1.33333 98.8281 
-1.06667 1.4 98.5005 
-1.06667 1.46667 98.5893 
-1.06667 1.53333 98.4264 
-1.06667 1.6 98.3407 
-1.06667 1.66667 98.2806 
-1.06667 1.73333 99.1618 
-1.06667 1.8 98.4473 
-1.06667 1.86667 99.0485 
-1.06667 1.93333 97.9002 
-1.06667 2 99.1765 
-1 -2 0.00505889 
-1 -1.93333 0.00933944 
-1 -1.86667 0.0172359 
-1 -1.8 0.0317933 
-1 -1.73333 0.0586047 
-1 -1.66667 0.107918 
-1 -1.6 0.198439 
-1 -1.53333 0.364108 
-1 -1.46667 0.66595 
-1 -1.4 1.21211 
-1 -1.33333 2.18983 
-1 -1.26667 3.91113 
-1 -1.2 6.86391 
-1 -1.13333 11.7314 
-1 -1.06667 19.29 
-1 -1 30.0545 
-1 -0.933333 43.6621 
-1 -0.866667 58.4319 
-1 -0.8 71.9061 
-1 -0.733333 82.2941 
-1 -0.666667 89.3008 
-1 -0.6 93.6347 
-1 -0.533333 96.1954 
-1 -0.466667 97.6812 
-1 -0.4 98.5423 
-1 -0.333333 99.0457 
-1 -0.266667 99.3444 
-1 -0.2 99.525 
-1 -0.133333 99.6365 
-1 -0.0666667 99.7067 
-1 -4.16334e-16 99.7514 
-1 0.0666667 99.779 
-1 0.133333 99.7941 
-1 0.2 99.7988 
-1 0.266667 99.7894 
-1 0.333333 99.7592 
-1 0.4 99.707 
-1 0.466667 99.6387 
-1 0.533333 99.5913 
-1 0.6 99.6259 
-1 0.666667 99.6739 
-1 0.733333 99.669 
-1 0.8 99.5856 
-1 0.866667 99.4804 
-1 0.933333 99.3604 
-1 1 99.1264 
-1 1.06667 99.0449 
-1 1.13333 99.2579 
-1 1.2 98.9812 
-1 1.26667 99.1621 
-1 1.33333 99.1352 
-1 1.4 98.8928 
-1 1.46667 98.9587 
-1 1.53333 98.8378 
-1 1.6 98.7743 
-1 1.66667 98.7295 
-1 1.73333 99.3827 
-1 1.8 98.8534 
-1 1.86667 99.299 
-1 1.93333 98.4474 
-1 2 99.3935 
-0.933333 -2 0.00687439 
-0.933333 -1.93333 0.0126894 
-0.933333 -1.86667 0.0234138 
-0.933333 -1.8 0.0431772 
-0.933333 -1.73333 0.0795576 
-0.933333 -1.66667 0.146418 
-0.933333 -1.6 0.269003 
-0.933333 -1.53333 0.492948 
-0.933333 -1.46667 0.89982 
-0.933333 -1.4 1.63278 
-0.933333 -1.33333 2.93578 
-0.933333 -1.26667 5.20465 
-0.933333 -1.2 9.03051 
-0.933333 -1.13333 15.174 
-0.933333 -1.06667 24.3512 
-0.933333 -1 36.7238 
-0.933333 -0.933333 51.2697 
-0.933333 -0.866667 65.7461 
-0.933333 -0.8 77.8244 
-0.933333 -0.733333 86.4536 
-0.933333 -0.666667 91.9696 
-0.933333 -0.6 95.2723 
-0.933333 -0.533333 97.1892 
-0.933333 -0.466667 98.2913 
-0.933333 -0.4 98.927 
-0.933333 -0.333333 99.2978 
-0.933333 -0.266667 99.5176 
-0.933333 -0.2 99.6505 
-0.933333 -0.133333 99.7325 
-0.933333 -0.0666667 99.7842 
-0.933333 -4.16334e-16 99.817 
-0.933333 0.0666667 99.8374 
-0.933333 0.133333 99.8485 
-0.933333 0.2 99.852 
-0.933333 0.266667 99.8451 
-0.933333 0.333333 99.8228 
-0.933333 0.4 99.7844 
-0.933333 0.466667 99.7341 
-0.933333 0.533333 99.6992 
-0.933333 0.6 99.7247 
-0.933333 0.666667 99.7601 
-0.933333 0.733333 99.7564 
-0.933333 0.8 99.6947 
-0.933333 0.866667 99.6172 
-0.933333 0.933333 99.5288 
-0.933333 1 99.356 
-0.933333 1.06667 99.2958 
-0.933333 1.13333 99.4529 
-0.933333 1.2 99.2485 
-0.933333 1.26667 99.3822 
-0.933333 1.33333 99.3623 
-0.933333 1.4 99.1833 
-0.933333 1.46667 99.2321 
-0.933333 1.53333 99.1426 
-0.933333 1.6 99.0956 
-0.933333 1.66667 99.0623 
-0.933333 1.73333 99.5456 
-0.933333 1.8 99.1542 
-0.933333 1.86667 99.4838 
-0.933333 1.93333 98.8537 
-0.933333 2 99.5536 
-0.866667 -2 0.00934086 
-0.866667 -1.93333 0.0172395 
-0.866667 -1.86667 0.0318021 
-0.866667 -1.8 0.0586268 
-0.866667 -1.73333 0.107974 
-0.866667 -1.66667 0.198577 
-0.866667 -1.6 0.364449 
-0.866667 -1.53333 0.66679 
-0.866667 -1.46667 1.21416 
-0.866667 -1.4 2.19476 
-0.866667 -1.33333 3.92276 
-0.866667 -1.26667 6.89041 
-0.866667 -1.2 11.7889 
-0.866667 -1.13333 19.4061 
-0.866667 -1.06667 30.2667 
-0.866667 -1 44.0013 
-0.866667 -0.933333 58.8927 
-0.866667 -0.866667 72.4325 
-0.866667 -0.8 82.8112 
-0.866667 -0.733333 89.7571 
-0.866667 -0.666667 94.0136 
-0.866667 -0.6 96.5016 
-0.866667 -0.533333 97.9275 
-0.866667 -0.466667 98.7421 
-0.866667 -0.4 99.2106 
-0.866667 -0.333333 99.4835 
-0.866667 -0.266667 99.6452 
-0.866667 -0.2 99.7429 
-0.866667 -0.133333 99.8032 
-0.866667 -0.0666667 99.8412 
-0.866667 -4.16334e-16 99.8654 
-0.866667 0.0666667 99.8804 
-0.866667 0.133333 99.8886 
-0.866667 0.2 99.8911 
-0.866667 0.266667 99.886 
-0.866667 0.333333 99.8697 
-0.866667 0.4 99.8413 
-0.866667 0.466667 99.8043 
-0.866667 0.533333 99.7786 
-0.866667 0.6 99.7975 
-0.866667 0.666667 99.8235 
-0.866667 0.733333 99.8208 
-0.866667 0.8 99.7752 
-0.866667 0.866667 99.7181 
-0.866667 0.933333 99.653 
-0.866667 1 99.5256 
-0.866667 1.06667 99.4811 
-0.866667 1.13333 99.5968 
-0.866667 1.2 99.446 
-0.866667 1.26667 99.5447 
-0.866667 1.33333 99.5301 
-0.866667 1.4 99.398 
-0.866667 1.46667 99.434 
-0.866667 1.53333 99.3679 
-0.866667 1.6 99.3332 
-0.866667 1.66667 99.3085 
-0.866667 1.73333 99.6656 
-0.866667 1.8 99.3765 
-0.866667 1.86667 99.62 
-0.866667 1.93333 99.1545 
-0.866667 2 99.6715 
-0.8 -2 0.0126913 
-0.8 -1.93333 0.0234186 
-0.8 -1.86667 0.0431892 
-0.8 -1.8 0.0795876 
-0.8 -1.73333 0.146493 
-0.8 -1.66667 0.269189 
-0.8 -1.6 0.493408 
-0.8 -1.53333 0.900949 
-0.8 -1.46667 1.63552 
-0.8 -1.4 2.94231 
-0.8 -1.33333 5.21981 
-0.8 -1.26667 9.06431 
-0.8 -1.2 15.2451 
-0.8 -1.13333 24.4883 
-0.8 -1.06667 36.9591 
-0.8 -1 51.617 
-0.8 -0.933333 66.1776 
-0.8 -0.866667 78.2778 
-0.8 -0.8 86.8712 
-0.8 -0.733333 92.3232 
-0.8 -0.666667 95.559 
-0.8 -0.6 97.4179 
-0.8 -0.533333 98.4739 
-0.8 -0.466667 99.0747 
-0.8 -0.4 99.4195 
-0.8 -0.333333 99.6202 
-0.8 -0.266667 99.739 
-0.8 -0.2 99.8109 
-0.8 -0.133333 99.8552 
-0.8 -0.0666667 99.8832 
-0.8 -4.16334e-16 99.901 
-0.8 0.0666667 99.912 
-0.8 0.133333 99.918 
-0.8 0.2 99.9199 
-0.8 0.266667 99.9161 
-0.8 0.333333 99.9041 
-0.8 0.4 99.8833 
-0.8 0.466667 99.856 
-0.8 0.533333 99.8371 
-0.8 0.6 99.8511 
-0.8 0.666667 99.8702 
-0.8 0.733333 99.8681 
-0.8 0.8 99.8345 
-0.8 0.866667 99.7924 
-0.8 0.933333 99.7446 
-0.8 1 99.6506 
-0.8 1.06667 99.6178 
-0.8 1.13333 99.703 
-0.8 1.2 99.5918 
-0.8 1.26667 99.6647 
-0.8 1.33333 99.6539 
-0.8 1.4 99.5565 
-0.8 1.46667 99.5831 
-0.8 1.53333 99.5343 
-0.8 1.6 99.5087 
-0.8 1.66667 99.4904 
-0.8 1.73333 99.754 
-0.8 1.8 99.5407 
-0.8 1.86667 99.7203 
-0.8 1.93333 99.3768 
-0.8 2 99.7583 
-0.733333 -2 0.0172421 
-0.733333 -1.93333 0.0318086 
-0.733333 -1.86667 0.0586432 
-0.733333 -1.8 0.108014 
-0.733333 -1.73333 0.198678 
-0.733333 -1.66667 0.3647 
-0.733333 -1.6 0.667409 
-0.733333 -1.53333 1.21567 
-0.733333 -1.46667 2.1984 
-0.733333 -1.4 3.93133 
-0.733333 -1.33333 6.90997 
-0.733333 -1.26667 11.8314 
-0.733333 -1.2 19.492 
-0.733333 -1.13333 30.4238 
-0.733333 -1.06667 44.2522 
-0.733333 -1 59.2324 
-0.733333 -0.933333 72.8187 
-0.733333 -0.866667 83.1876 
-0.733333 -0.8 90.0861 
-0.733333 -0.733333 94.2835 
-0.733333 -0.666667 96.7167 
-0.733333 -0.6 98.0975 
-0.733333 -0.533333 98.8773 
-0.733333 -0.466667 99.3196 
-0.733333 -0.4 99.5732 
-0.733333 -0.333333 99.7207 
-0.733333 -0.266667 99.8081 
-0.733333 -0.2 99.8609 
-0.733333 -0.133333 99.8935 
-0.733333 -0.0666667 99.9141 
-0.733333 -4.16334e-16 99.9271 
-0.733333 0.0666667 99.9352 
-0.733333 0.133333 99.9397 
-0.733333 0.2 99.9411 
-0.733333 0.266667 99.9383 
-0.733333 0.333333 99.9295 
-0.733333 0.4 99.9141 
-0.733333 0.466667 99.8941 
-0.733333 0.533333 99.8801 
-0.733333 0.6 99.8904 
-0.733333 0.666667 99.9046 
-0.733333 0.733333 99.903 
-0.733333 0.8 99.8782 
-0.733333 0.866667 99.8472 
-0.733333 0.933333 99.812 
-0.733333 1 99.7428 
-0.733333 1.06667 99.7186 
-0.733333 1.13333 99.7813 
-0.733333 1.2 99.6994 
-0.733333 1.26667 99.7531 
-0.733333 1.33333 99.7451 
-0.733333 1.4 99.6734 
-0.733333 1.46667 99.693 
-0.733333 1.53333 99.657 
-0.733333 1.6 99.6382 
-0.733333 1.66667 99.6247 
-0.733333 1.73333 99.819 
-0.733333 1.8 99.6618 
-0.733333 1.86667 99.7942 
-0.733333 1.93333 99.5409 
-0.733333 2 99.8222 
-0.666667 -2 0.0234222 
-0.666667 -1.93333 0.0431981 
-0.666667 -1.86667 0.0796097 
-0.666667 -1.8 0.146548 
-0.666667 -1.73333 0.269326 
-0.666667 -1.66667 0.493747 
-0.666667 -1.6 0.90178 
-0.666667 -1.53333 1.63754 
-0.666667 -1.46667 2.94712 
-0.666667 -1.4 5.23099 
-0.666667 -1.33333 9.08927 
-0.666667 -1.26667 15.2976 
-0.666667 -1.2 24.5897 
-0.666667 -1.13333 37.133 
-0.666667 -1.06667 51.8734 
-0.666667 -1 66.495 
-0.666667 -0.933333 78.6094 
-0.666667 -0.866667 87.1743 
-0.666667 -0.8 92.5774 
-0.666667 -0.733333 95.7627 
-0.666667 -0.666667 97.5782 
-0.666667 -0.6 98.5998 
-0.666667 -0.533333 99.1744 
-0.666667 -0.466667 99.4998 
-0.666667 -0.4 99.6862 
-0.666667 -0.333333 99.7946 
-0.666667 -0.266667 99.8589 
-0.666667 -0.2 99.8977 
-0.666667 -0.133333 99.9217 
-0.666667 -0.0666667 99.9368 
-0.666667 -4.16334e-16 99.9464 
-0.666667 0.0666667 99.9524 
-0.666667 0.133333 99.9556 
-0.666667 0.2 99.9567 
-0.666667 0.266667 99.9546 
-0.666667 0.333333 99.9481 
-0.666667 0.4 99.9368 
-0.666667 0.466667 99.9221 
-0.666667 0.533333 99.9118 
-0.666667 0.6 99.9194 
-0.666667 0.666667 99.9298 
-0.666667 0.733333 99.9286 
-0.666667 0.8 99.9104 
-0.666667 0.866667 99.8876 
-0.666667 0.933333 99.8617 
-0.666667 1 99.8107 
-0.666667 1.06667 99.7929 
-0.666667 1.13333 99.839 
-0.666667 1.2 99.7787 
-0.666667 1.26667 99.8182 
-0.666667 1.33333 99.8124 
-0.666667 1.4 99.7596 
-0.666667 1.46667 99.774 
-0.666667 1.53333 99.7475 
-0.666667 1.6 99.7336 
-0.666667 1.66667 99.7236 
-0.666667 1.73333 99.8669 
-0.666667 1.8 99.751 
-0.666667 1.86667 99.8486 
-0.666667 1.93333 99.6619 
-0.666667 2 99.8692 
-0.6 -2 0.0318134 
-0.6 -1.93333 0.0586552 
-0.6 -1.86667 0.108044 
-0.6 -1.8 0.198753 
-0.6 -1.73333 0.364885 
-0.6 -1.66667 0.667864 
-0.6 -1.6 1.21679 
-0.6 -1.53333 2.20109 
-0.6 -1.46667 3.93766 
-0.6 -1.4 6.92441 
-0.6 -1.33333 11.8628 
-0.6 -1.26667 19.5555 
-0.6 -1.2 30.5398 
-0.6 -1.13333 44.4374 
-0.6 -1.06667 59.4828 
-0.6 -1 73.1022 
-0.6 -0.933333 83.4623 
-0.6 -0.866667 90.3243 
-0.6 -0.8 94.4772 
-0.6 -0.733333 96.8692 
-0.6 -0.666667 98.2165 
-0.6 -0.6 98.9703 
-0.6 -0.533333 99.3931 
-0.6 -0.466667 99.6323 
-0.6 -0.4 99.7693 
-0.6 -0.333333 99.849 
-0.6 -0.266667 99.8962 
-0.6 -0.2 99.9247 
-0.6 -0.133333 99.9424 
-0.6 -0.0666667 99.9535 
-0.6 -4.16334e-16 99.9606 
-0.6 0.0666667 99.9649 
-0.6 0.133333 99.9674 
-0.6 0.2 99.9681 
-0.6 0.266667 99.9666 
-0.6 0.333333 99.9618 
-0.6 0.4 99.9535 
-0.6 0.466667 99.9427 
-0.6 0.533333 99.9351 
-0.6 0.6 99.9407 
-0.6 0.666667 99.9484 
-0.6 0.733333 99.9475 
-0.6 0.8 99.934 
-0.6 0.866667 99.9173 
-0.6 0.933333 99.8982 
-0.6 1 99.8607 
-0.6 1.06667 99.8475 
-0.6 1.13333 99.8815 
-0.6 1.2 99.8371 
-0.6 1.26667 99.8662 
-0.6 1.33333 99.8619 
-0.6 1.4 99.823 
-0.6 1.46667 99.8337 
-0.6 1.53333 99.8141 
-0.6 1.6 99.8039 
-0.6 1.66667 99.7965 
-0.6 1.73333 99.9021 
-0.6 1.8 99.8167 
-0.6 1.86667 99.8886 
-0.6 1.93333 99.7511 
-0.6 2 99.9038 
-0.533333 -2 0.0432046 
-0.533333 -1.93333 0.079626 
-0.533333 -1.86667 0.146589 
-0.533333 -1.8 0.269427 
-0.533333 -1.73333 0.493996 
-0.533333 -1.66667 0.902392 
-0.533333 -1.6 1.63902 
-0.533333 -1.53333 2.95067 
-0.533333 -1.46667 5.23923 
-0.533333 -1.4 9.10769 
-0.533333 -1.33333 15.3363 
-0.533333 -1.26667 24.6645 
-0.533333 -1.2 37.2614 
-0.533333 -1.13333 52.0625 
-0.533333 -1.06667 66.7285 
-0.533333 -1 78.8524 
-0.533333 -0.933333 87.3951 
-0.533333 -0.866667 92.7613 
-0.533333 -0.8 95.9087 
-0.533333 -0.733333 97.6918 
-0.533333 -0.666667 98.6879 
-0.533333 -0.6 99.2431 
-0.533333 -0.533333 99.554 
-0.533333 -0.466667 99.7298 
-0.533333 -0.4 99.8304 
-0.533333 -0.333333 99.889 
-0.533333 -0.266667 99.9237 
-0.533333 -0.2 99.9446 
-0.533333 -0.133333 99.9576 
-0.533333 -0.0666667 99.9658 
-0.533333 -4.16334e-16 99.971 
-0.533333 0.0666667 99.9742 
-0.533333 0.133333 99.976 
-0.533333 0.2 99.9765 
-0.533333 0.266667 99.9754 
-0.533333 0.333333 99.9719 
-0.533333 0.4 99.9658 
-0.533333 0.466667 99.9578 
-0.533333 0.533333 99.9523 
-0.533333 0.6 99.9564 
-0.533333 0.666667 99.962 
-0.533333 0.733333 99.9614 
-0.533333 0.8 99.9515 
-0.533333 0.866667 99.9391 
-0.533333 0.933333 99.9251 
-0.533333 1 99.8975 
-0.533333 1.06667 99.8878 
-0.533333 1.13333 99.9128 
-0.533333 1.2 99.8801 
-0.533333 1.26667 99.9015 
-0.533333 1.33333 99.8984 
-0.533333 1.4 99.8698 
-0.533333 1.46667 99.8776 
-0.533333 1.53333 99.8632 
-0.533333 1.6 99.8557 
-0.533333 1.66667 99.8503 
-0.533333 1.73333 99.928 
-0.533333 1.8 99.8651 
-0.533333 1.86667 99.9181 
-0.533333 1.93333 99.8168 
-0.533333 2 99.9292 
-0.466667 -2 0.058664 
-0.466667 -1.93333 0.108066 
-0.466667 -1.86667 0.198808 
-0.466667 -1.8 0.365021 
-0.466667 -1.73333 0.6682 
-0.466667 -1.66667 1.21761 
-0.466667 -1.6 2.20306 
-0.466667 -1.53333 3.94232 
-0.466667 -1.46667 6.93505 
-0.466667 -1.4 11.8859 
-0.466667 -1.33333 19.6024 
-0.466667 -1.26667 30.6255 
-0.466667 -1.2 44.5741 
-0.466667 -1.13333 59.6673 
-0.466667 -1.06667 73.3104 
-0.466667 -1 83.6631 
-0.466667 -0.933333 90.4976 
-0.466667 -0.866667 94.617 
-0.466667 -0.8 96.9785 
-0.466667 -0.733333 98.3008 
-0.466667 -0.666667 99.0353 
-0.466667 -0.6 99.4437 
-0.466667 -0.533333 99.6722 
-0.466667 -0.466667 99.8014 
-0.466667 -0.4 99.8753 
-0.466667 -0.333333 99.9184 
-0.466667 -0.266667 99.9439 
-0.466667 -0.2 99.9593 
-0.466667 -0.133333 99.9688 
-0.466667 -0.0666667 99.9748 
-0.466667 -4.16334e-16 99.9787 
-0.466667 0.0666667 99.981 
-0.466667 0.133333 99.9823 
-0.466667 0.2 99.9827 
-0.466667 0.266667 99.9819 
-0.466667 0.333333 99.9793 
-0.466667 0.4 99.9749 
-0.466667 0.466667 99.969 
-0.466667 0.533333 99.9649 
-0.466667 0.6 99.9679 
-0.466667 0.666667 99.9721 
-0.466667 0.733333 99.9716 
-0.466667 0.8 99.9643 
-0.466667 0.866667 99.9552 
-0.466667 0.933333 99.9449 
-0.466667 1 99.9246 
-0.466667 1.06667 99.9175 
-0.466667 1.13333 99.9358 
-0.466667 1.2 99.9117 
-0.466667 1.26667 99.9275 
-0.466667 1.33333 99.9252 
-0.466667 1.4 99.9042 
-0.466667 1.46667 99.9099 
-0.466667 1.53333 99.8993 
-0.466667 1.6 99.8938 
-0.466667 1.66667 99.8898 
-0.466667 1.73333 99.947 
-0.466667 1.8 99.9007 
-0.466667 1.86667 99.9397 
-0.466667 1.93333 99.8652 
-0.466667 2 99.9479 
-0.4 -2 0.079638 
-0.4 -1.93333 0.146619 
-0.4 -1.86667 0.269501 
-0.4 -1.8 0.494179 
-0.4 -1.73333 0.902842 
-0.4 -1.66667 1.64012 
-0.4 -1.6 2.95328 
-0.4 -1.53333 5.24531 
-0.4 -1.46667 9.12126 
-0.4 -1.4 15.3649 
-0.4 -1.33333 24.7197 
-0.4 -1.26667 37.3561 
-0.4 -1.2 52.2018 
-0.4 -1.13333 66.9003 
-0.4 -1.06667 79.0306 
-0.4 -1 87.5563 
-0.4 -0.933333 92.8948 
-0.4 -0.866667 96.0141 
-0.4 -0.8 97.7731 
-0.4 -0.733333 98.7502 
-0.4 -0.666667 99.291 
-0.4 -0.6 99.5912 
-0.4 -0.533333 99.7591 
-0.4 -0.466667 99.854 
-0.4 -0.4 99.9083 
-0.4 -0.333333 99.94 
-0.4 -0.266667 99.9587 
-0.4 -0.2 99.97 
-0.4 -0.133333 99.9771 
-0.4 -0.0666667 99.9815 
-0.4 -4.16334e-16 99.9843 
-0.4 0.0666667 99.986 
-0.4 0.133333 99.987 
-0.4 0.2 99.9873 
-0.4 0.266667 99.9867 
-0.4 0.333333 99.9848 
-0.4 0.4 99.9815 
-0.4 0.466667 99.9772 
-0.4 0.533333 99.9742 
-0.4 0.6 99.9764 
-0.4 0.666667 99.9795 
-0.4 0.733333 99.9791 
-0.4 0.8 99.9737 
-0.4 0.866667 99.967 
-0.4 0.933333 99.9595 
-0.4 1 99.9445 
-0.4 1.06667 99.9393 
-0.4 1.13333 99.9528 
-0.4 1.2 99.9351 
-0.4 1.26667 99.9467 
-0.4 1.33333 99.945 
-0.4 1.4 99.9295 
-0.4 1.46667 99.9337 
-0.4 1.53333 99.9259 
-0.4 1.6 99.9219 
-0.4 1.66667 99.9189 
-0.4 1.73333 99.961 
-0.4 1.8 99.927 
-0.4 1.86667 99.9557 
-0.4 1.93333 99.9008 
-0.4 2 99.9617 
-0.333333 -2 0.108083 
-0.333333 -1.93333 0.198848 
-0.333333 -1.86667 0.365121 
-0.333333 -1.8 0.668447 
-0.333333 -1.73333 1.21821 
-0.333333 -1.66667 2.20452 
-0.333333 -1.6 3.94575 
-0.333333 -1.53333 6.94289 
-0.333333 -1.46667 11.903 
-0.333333 -1.4 19.6369 
-0.333333 -1.33333 30.6886 
-0.333333 -1.26667 44.6748 
-0.333333 -1.2 59.8031 
-0.333333 -1.13333 73.4634 
-0.333333 -1.06667 83.8102 
-0.333333 -1 90.6239 
-0.333333 -0.933333 94.7185 
-0.333333 -0.866667 97.0572 
-0.333333 -0.8 98.361 
-0.333333 -0.733333 99.0813 
-0.333333 -0.666667 99.479 
-0.333333 -0.6 99.6996 
-0.333333 -0.533333 99.823 
-0.333333 -0.466667 99.8927 
-0.333333 -0.4 99.9326 
-0.333333 -0.333333 99.9562 
-0.333333 -0.266667 99.9696 
-0.333333 -0.2 99.978 
-0.333333 -0.133333 99.9831 
-0.333333 -0.0666667 99.9864 
-0.333333 -4.16334e-16 99.9884 
-0.333333 0.0666667 99.9897 
-0.333333 0.133333 99.9904 
-0.333333 0.2 99.9907 
-0.333333 0.266667 99.9902 
-0.333333 0.333333 99.9888 
-0.333333 0.4 99.9864 
-0.333333 0.466667 99.9832 
-0.333333 0.533333 99.981 
-0.333333 0.6 99.9826 
-0.333333 0.666667 99.9849 
-0.333333 0.733333 99.9846 
-0.333333 0.8 99.9807 
-0.333333 0.866667 99.9757 
-0.333333 0.933333 99.9702 
-0.333333 1 99.9592 
-0.333333 1.06667 99.9553 
-0.333333 1.13333 99.9653 
-0.333333 1.2 99.9522 
-0.333333 1.26667 99.9608 
-0.333333 1.33333 99.9595 
-0.333333 1.4 99.9481 
-0.333333 1.46667 99.9513 
-0.333333 1.53333 99.9455 
-0.333333 1.6 99.9425 
-0.333333 1.66667 99.9403 
-0.333333 1.73333 99.9713 
-0.333333 1.8 99.9463 
-0.333333 1.86667 99.9674 
-0.333333 1.93333 99.927 
-0.333333 2 99.9718 
-0.266667 -2 0.146641 
-0.266667 -1.93333 0.269556 
-0.266667 -1.86667 0.494314 
-0.266667 -1.8 0.903174 
-0.266667 -1.73333 1.64092 
-0.266667 -1.66667 2.95521 
-0.266667 -1.6 5.24978 
-0.266667 -1.53333 9.13126 
-0.266667 -1.46667 15.386 
-0.266667 -1.4 24.7604 
-0.266667 -1.33333 37.4259 
-0.266667 -1.26667 52.3044 
-0.266667 -1.2 67.0266 
-0.266667 -1.13333 79.1613 
-0.266667 -1.06667 87.6742 
-0.266667 -1 92.992 
-0.266667 -0.933333 96.0904 
-0.266667 -0.866667 97.8317 
-0.266667 -0.8 98.7947 
-0.266667 -0.733333 99.3249 
-0.266667 -0.666667 99.6172 
-0.266667 -0.6 99.7793 
-0.266667 -0.533333 99.8699 
-0.266667 -0.466667 99.9211 
-0.266667 -0.4 99.9504 
-0.266667 -0.333333 99.9675 
-0.266667 -0.266667 99.9777 
-0.266667 -0.2 99.9838 
-0.266667 -0.133333 99.9876 
-0.266667 -0.0666667 99.99 
-0.266667 -4.16334e-16 99.9915 
-0.266667 0.0666667 99.9924 
-0.266667 0.133333 99.993 
-0.266667 0.2 99.9931 
-0.266667 0.266667 99.9928 
-0.266667 0.333333 99.9918 
-0.266667 0.4 99.99 
-0.266667 0.466667 99.9877 
-0.266667 0.533333 99.986 
-0.266667 0.6 99.9872 
-0.266667 0.666667 99.9889 
-0.266667 0.733333 99.9887 
-0.266667 0.8 99.9858 
-0.266667 0.866667 99.9822 
-0.266667 0.933333 99.9781 
-0.266667 1 99.97 
-0.266667 1.06667 99.9671 
-0.266667 1.13333 99.9744 
-0.266667 1.2 99.9648 
-0.266667 1.26667 99.9711 
-0.266667 1.33333 99.9702 
-0.266667 1.4 99.9618 
-0.266667 1.46667 99.9641 
-0.266667 1.53333 99.9599 
-0.266667 1.6 99.9577 
-0.266667 1.66667 99.9561 
-0.266667 1.73333 99.9789 
-0.266667 1.8 99.9605 
-0.266667 1.86667 99.976 
-0.266667 1.93333 99.9463 
-0.266667 2 99.9793 
-0.2 -2 0.198878 
-0.2 -1.93333 0.365195 
-0.2 -1.86667 0.668629 
-0.2 -1.8 1.21865 
-0.2 -1.73333 2.20559 
-0.2 -1.66667 3.94828 
-0.2 -1.6 6.94867 
-0.2 -1.53333 11.9156 
-0.2 -1.46667 19.6624 
-0.2 -1.4 30.7351 
-0.2 -1.33333 44.749 
-0.2 -1.26667 59.903 
-0.2 -1.2 73.5758 
-0.2 -1.13333 83.9181 
-0.2 -1.06667 90.7163 
-0.2 -1 94.7924 
-0.2 -0.933333 97.1143 
-0.2 -0.866667 98.4044 
-0.2 -0.8 99.1142 
-0.2 -0.733333 99.504 
-0.2 -0.666667 99.7187 
-0.2 -0.6 99.8378 
-0.2 -0.533333 99.9043 
-0.2 -0.466667 99.942 
-0.2 -0.4 99.9636 
-0.2 -0.333333 99.9763 
-0.2 -0.266667 99.9836 
-0.2 -0.2 99.9881 
-0.2 -0.133333 99.9909 
-0.2 -0.0666667 99.9926 
-0.2 -4.16334e-16 99.9937 
-0.2 0.0666667 99.9944 
-0.2 0.133333 99.9948 
-0.2 0.2 99.9949 
-0.2 0.266667 99.9947 
-0.2 0.333333 99.994 
-0.2 0.4 99.9926 
-0.2 0.466667 99.9909 
-0.2 0.533333 99.9897 
-0.2 0.6 99.9906 
-0.2 0.666667 99.9918 
-0.2 0.733333 99.9917 
-0.2 0.8 99.9895 
-0.2 0.866667 99.9869 
-0.2 0.933333 99.9839 
-0.2 1 99.9779 
-0.2 1.06667 99.9758 
-0.2 1.13333 99.9812 
-0.2 1.2 99.9741 
-0.2 1.26667 99.9788 
-0.2 1.33333 99.9781 
-0.2 1.4 99.9719 
-0.2 1.46667 99.9736 
-0.2 1.53333 99.9705 
-0.2 1.6 99.9689 
-0.2 1.66667 99.9677 
-0.2 1.73333 99.9845 
-0.2 1.8 99.9709 
-0.2 1.86667 99.9823 
-0.2 1.93333 99.9605 
-0.2 2 99.9848 
-0.133333 -2 0.269596 
-0.133333 -1.93333 0.494414 
-0.133333 -1.86667 0.903418 
-0.133333 -1.8 1.64152 
-0.133333 -1.73333 2.95662 
-0.133333 -1.66667 5.25308 
-0.133333 -1.6 9.13863 
-0.133333 -1.53333 15.4015 
-0.133333 -1.46667 24.7904 
-0.133333 -1.4 37.4773 
-0.133333 -1.33333 52.38 
-0.133333 -1.26667 67.1195 
-0.133333 -1.2 79.2573 
-0.133333 -1.13333 87.7606 
-0.133333 -1.06667 93.063 
-0.133333 -1 96.146 
-0.133333 -0.933333 97.8741 
-0.133333 -0.866667 98.8268 
-0.133333 -0.8 99.3491 
-0.133333 -0.733333 99.6356 
-0.133333 -0.666667 99.7933 
-0.133333 -0.6 99.8808 
-0.133333 -0.533333 99.9297 
-0.133333 -0.466667 99.9573 
-0.133333 -0.4 99.9732 
-0.133333 -0.333333 99.9824 
-0.133333 -0.266667 99.9879 
-0.133333 -0.2 99.9912 
-0.133333 -0.133333 99.9933 
-0.133333 -0.0666667 99.9946 
-0.133333 -4.16334e-16 99.9954 
-0.133333 0.0666667 99.9959 
-0.133333 0.133333 99.9962 
-0.133333 0.2 99.9963 
-0.133333 0.266667 99.9961 
-0.133333 0.333333 99.9955 
-0.133333 0.4 99.9946 
-0.133333 0.466667 99.9933 
-0.133333 0.533333 99.9924 
-0.133333 0.6 99.9931 
-0.133333 0.666667 99.994 
-0.133333 0.733333 99.9939 
-0.133333 0.8 99.9923 
-0.133333 0.866667 99.9903 
-0.133333 0.933333 99.9881 
-0.133333 1 99.9837 
-0.133333 1.06667 99.9822 
-0.133333 1.13333 99.9862 
-0.133333 1.2 99.981 
-0.133333 1.26667 99.9844 
-0.133333 1.33333 99.9839 
-0.133333 1.4 99.9793 
-0.133333 1.46667 99.9806 
-0.133333 1.53333 99.9783 
-0.133333 1.6 99.9771 
-0.133333 1.66667 99.9762 
-0.133333 1.73333 99.9886 
-0.133333 1.8 99.9786 
-0.133333 1.86667 99.987 
-0.133333 1.93333 99.9709 
-0.133333 2 99.9888 
-0.0666667 -2 0.365249 
-0.0666667 -1.93333 0.668762 
-0.0666667 -1.86667 1.21898 
-0.0666667 -1.8 2.20637 
-0.0666667 -1.73333 3.95014 
-0.0666667 -1.66667 6.95292 
-0.0666667 -1.6 11.9248 
-0.0666667 -1.53333 19.6811 
-0.0666667 -1.46667 30.7694 
-0.0666667 -1.4 44.8036 
-0.0666667 -1.33333 59.9766 
-0.0666667 -1.26667 73.6584 
-0.0666667 -1.2 83.9972 
-0.0666667 -1.13333 90.7839 
-0.0666667 -1.06667 94.8463 
-0.0666667 -1 97.1557 
-0.0666667 -0.933333 98.4358 
-0.0666667 -0.866667 99.1378 
-0.0666667 -0.8 99.5218 
-0.0666667 -0.733333 99.7323 
-0.0666667 -0.666667 99.8481 
-0.0666667 -0.6 99.9124 
-0.0666667 -0.533333 99.9483 
-0.0666667 -0.466667 99.9686 
-0.0666667 -0.4 99.9803 
-0.0666667 -0.333333 99.9871 
-0.0666667 -0.266667 99.9911 
-0.0666667 -0.2 99.9935 
-0.0666667 -0.133333 99.995 
-0.0666667 -0.0666667 99.996 
-0.0666667 -4.16334e-16 99.9966 
-0.0666667 0.0666667 99.997 
-0.0666667 0.133333 99.9972 
-0.0666667 0.2 99.9973 
-0.0666667 0.266667 99.9971 
-0.0666667 0.333333 99.9967 
-0.0666667 0.4 99.996 
-0.0666667 0.466667 99.9951 
-0.0666667 0.533333 99.9944 
-0.0666667 0.6 99.9949 
-0.0666667 0.666667 99.9956 
-0.0666667 0.733333 99.9955 
-0.0666667 0.8 99.9943 
-0.0666667 0.866667 99.9929 
-0.0666667 0.933333 99.9913 
-0.0666667 1 99.988 
-0.0666667 1.06667 99.9869 
-0.0666667 1.13333 99.9898 
-0.0666667 1.2 99.986 
-0.0666667 1.26667 99.9885 
-0.0666667 1.33333 99.9881 
-0.0666667 1.4 99.9848 
-0.0666667 1.46667 99.9857 
-0.0666667 1.53333 99.984 
-0.0666667 1.6 99.9832 
-0.0666667 1.66667 99.9825 
-0.0666667 1.73333 99.9916 
-0.0666667 1.8 99.9843 
-0.0666667 1.86667 99.9904 
-0.0666667 1.93333 99.9786 
-0.0666667 2 99.9917 
