-4 -2 6.95135e-11 
-4 -1.93333 1.30259e-10 
-4 -1.86667 2.56215e-10 
-4 -1.8 4.71159e-10 
-4 -1.73333 8.90195e-10 
-4 -1.66667 1.64562e-09 
-4 -1.6 3.04318e-09 
-4 -1.53333 5.63007e-09 
-4 -1.46667 1.03952e-08 
-4 -1.4 1.91793e-08 
-4 -1.33333 3.53473e-08 
-4 -1.26667 6.50576e-08 
-4 -1.2 1.19577e-07 
-4 -1.13333 2.19324e-07 
-4 -1.06667 4.01222e-07 
-4 -1 7.31309e-07 
-4 -0.933333 1.32641e-06 
-4 -0.866667 2.38979e-06 
-4 -0.8 4.26694e-06 
-4 -0.733333 7.52594e-06 
-4 -0.666667 1.30564e-05 
-4 -0.6 2.2152e-05 
-4 -0.533333 3.64781e-05 
-4 -0.466667 5.77291e-05 
-4 -0.4 8.6722e-05 
-4 -0.333333 0.000121886 
-4 -0.266667 0.000158006 
-4 -0.2 0.000187454 
-4 -0.133333 0.000205475 
-4 -0.0666667 0.000214364 
-4 -4.16334e-16 0.000217003 
-4 0.0666667 0.000212204 
-4 0.133333 0.000211084 
-4 0.2 0.000222595 
-4 0.266667 0.000242395 
-4 0.333333 0.000279411 
-4 0.4 0.000293989 
-4 0.466667 0.000294302 
-4 0.533333 0.000265029 
-4 0.6 0.000239477 
-4 0.666667 0.000229214 
-4 0.733333 0.000199969 
-4 0.8 0.000182557 
-4 0.866667 0.000169408 
-4 0.933333 0.000134891 
-4 1 0.000113107 
-4 1.06667 9.65146e-05 
-4 1.13333 8.87045e-05 
-4 1.2 5.44103e-05 
-4 1.26667 7.16792e-05 
-4 1.33333 7.76876e-05 
-4 1.4 5.78478e-05 
-4 1.46667 7.23756e-05 
-4 1.53333 6.80503e-05 
-4 1.6 7.5677e-05 
-4 1.66667 8.67968e-05 
-4 1.73333 0.000119014 
-4 1.8 9.10986e-05 
-4 1.86667 0.000123865 
-4 1.93333 4.31279e-05 
-4 2 9.42077e-05 
-3.93333 -2 1.00839e-10 
-3.93333 -1.93333 1.72571e-10 
-3.93333 -1.86667 3.50346e-10 
-3.93333 -1.8 6.48815e-10 
-3.93333 -1.73333 1.20651e-09 
-3.93333 -1.66667 2.23775e-09 
-3.93333 -1.6 4.147e-09 
-3.93333 -1.53333 7.65737e-09 
-3.93333 -1.46667 1.41389e-08 
-3.93333 -1.4 2.60746e-08 
-3.93333 -1.33333 4.8052e-08 
-3.93333 -1.26667 8.84405e-08 
-3.93333 -1.2 1.62544e-07 
-3.93333 -1.13333 2.98144e-07 
-3.93333 -1.06667 5.45405e-07 
-3.93333 -1 9.94109e-07 
-3.93333 -0.933333 1.80307e-06 
-3.93333 -0.866667 3.24858e-06 
-3.93333 -0.8 5.80031e-06 
-3.93333 -0.733333 1.02305e-05 
-3.93333 -0.666667 1.77484e-05 
-3.93333 -0.6 3.01127e-05 
-3.93333 -0.533333 4.9587e-05 
-3.93333 -0.466667 7.84751e-05 
-3.93333 -0.4 0.000117887 
-3.93333 -0.333333 0.000165689 
-3.93333 -0.266667 0.000214789 
-3.93333 -0.2 0.000254821 
-3.93333 -0.133333 0.000279319 
-3.93333 -0.0666667 0.000291402 
-3.93333 -4.16334e-16 0.000294989 
-3.93333 0.0666667 0.000288467 
-3.93333 0.133333 0.000286944 
-3.93333 0.2 0.000302592 
-3.93333 0.266667 0.000329508 
-3.93333 0.333333 0.000379827 
-3.93333 0.4 0.000399644 
-3.93333 0.466667 0.000400068 
-3.93333 0.533333 0.000360275 
-3.93333 0.6 0.000325539 
-3.93333 0.666667 0.000311588 
-3.93333 0.733333 0.000271833 
-3.93333 0.8 0.000248164 
-3.93333 0.866667 0.000230289 
-3.93333 0.933333 0.000183369 
-3.93333 1 0.000153755 
-3.93333 1.06667 0.0001312 
-3.93333 1.13333 0.000120583 
-3.93333 1.2 7.39643e-05 
-3.93333 1.26667 9.74389e-05 
-3.93333 1.33333 0.000105607 
-3.93333 1.4 7.86371e-05 
-3.93333 1.46667 9.83857e-05 
-3.93333 1.53333 9.25062e-05 
-3.93333 1.6 0.000102874 
-3.93333 1.66667 0.00011799 
-3.93333 1.73333 0.000161785 
-3.93333 1.8 0.000123837 
-3.93333 1.86667 0.00016838 
-3.93333 1.93333 5.8627e-05 
-3.93333 2 0.000128064 
-3.86667 -2 1.30582e-10 
-3.86667 -1.93333 2.52329e-10 
-3.86667 -1.86667 4.80908e-10 
-3.86667 -1.8 8.84964e-10 
-3.86667 -1.73333 1.64413e-09 
-3.86667 -1.66667 3.05625e-09 
-3.86667 -1.6 5.63917e-09 
-3.86667 -1.53333 1.04113e-08 
-3.86667 -1.46667 1.92258e-08 
-3.86667 -1.4 3.54475e-08 
-3.86667 -1.33333 6.53233e-08 
-3.86667 -1.26667 1.20236e-07 
-3.86667 -1.2 2.20963e-07 
-3.86667 -1.13333 4.05297e-07 
-3.86667 -1.06667 7.41412e-07 
-3.86667 -1 1.35136e-06 
-3.86667 -0.933333 2.45102e-06 
-3.86667 -0.866667 4.416e-06 
-3.86667 -0.8 7.88472e-06 
-3.86667 -0.733333 1.39069e-05 
-3.86667 -0.666667 2.41265e-05 
-3.86667 -0.6 4.09341e-05 
-3.86667 -0.533333 6.74069e-05 
-3.86667 -0.466667 0.000106677 
-3.86667 -0.4 0.000160253 
-3.86667 -0.333333 0.000225233 
-3.86667 -0.266667 0.000291979 
-3.86667 -0.2 0.000346398 
-3.86667 -0.133333 0.0003797 
-3.86667 -0.0666667 0.000396127 
-3.86667 -4.16334e-16 0.000401005 
-3.86667 0.0666667 0.000392138 
-3.86667 0.133333 0.000390069 
-3.86667 0.2 0.00041134 
-3.86667 0.266667 0.00044793 
-3.86667 0.333333 0.000516332 
-3.86667 0.4 0.000543271 
-3.86667 0.466667 0.000543847 
-3.86667 0.533333 0.000489752 
-3.86667 0.6 0.000442532 
-3.86667 0.666667 0.000423567 
-3.86667 0.733333 0.000369525 
-3.86667 0.8 0.00033735 
-3.86667 0.866667 0.00031305 
-3.86667 0.933333 0.000249268 
-3.86667 1 0.000209011 
-3.86667 1.06667 0.000178351 
-3.86667 1.13333 0.000163919 
-3.86667 1.2 0.000100546 
-3.86667 1.26667 0.000132456 
-3.86667 1.33333 0.000143561 
-3.86667 1.4 0.000106898 
-3.86667 1.46667 0.000133744 
-3.86667 1.53333 0.000125751 
-3.86667 1.6 0.000139844 
-3.86667 1.66667 0.000160393 
-3.86667 1.73333 0.000219928 
-3.86667 1.8 0.000168342 
-3.86667 1.86667 0.000228894 
-3.86667 1.93333 7.96963e-05 
-3.86667 2 0.000174088 
-3.8 -2 1.77993e-10 
-3.8 -1.93333 3.40356e-10 
-3.8 -1.86667 6.48919e-10 
-3.8 -1.8 1.20611e-09 
-3.8 -1.73333 2.23866e-09 
-3.8 -1.66667 4.14598e-09 
-3.8 -1.6 7.66707e-09 
-3.8 -1.53333 1.41614e-08 
-3.8 -1.46667 2.61312e-08 
-3.8 -1.4 4.81891e-08 
-3.8 -1.33333 8.87983e-08 
-3.8 -1.26667 1.63443e-07 
-3.8 -1.2 3.00382e-07 
-3.8 -1.13333 5.50941e-07 
-3.8 -1.06667 1.00784e-06 
-3.8 -1 1.83698e-06 
-3.8 -0.933333 3.33182e-06 
-3.8 -0.866667 6.00294e-06 
-3.8 -0.8 1.07182e-05 
-3.8 -0.733333 1.89045e-05 
-3.8 -0.666667 3.27967e-05 
-3.8 -0.6 5.56444e-05 
-3.8 -0.533333 9.16308e-05 
-3.8 -0.466667 0.000145013 
-3.8 -0.4 0.000217843 
-3.8 -0.333333 0.000306176 
-3.8 -0.266667 0.000396911 
-3.8 -0.2 0.000470888 
-3.8 -0.133333 0.000516159 
-3.8 -0.0666667 0.000538491 
-3.8 -4.16334e-16 0.000545122 
-3.8 0.0666667 0.00053307 
-3.8 0.133333 0.000530258 
-3.8 0.2 0.000559174 
-3.8 0.266667 0.000608914 
-3.8 0.333333 0.000701898 
-3.8 0.4 0.000738518 
-3.8 0.466667 0.0007393 
-3.8 0.533333 0.000665762 
-3.8 0.6 0.000601572 
-3.8 0.666667 0.000575791 
-3.8 0.733333 0.000502328 
-3.8 0.8 0.000458588 
-3.8 0.866667 0.000425556 
-3.8 0.933333 0.000338852 
-3.8 1 0.000284127 
-3.8 1.06667 0.000242447 
-3.8 1.13333 0.000222829 
-3.8 1.2 0.000136681 
-3.8 1.26667 0.000180058 
-3.8 1.33333 0.000195155 
-3.8 1.4 0.000145316 
-3.8 1.46667 0.000181809 
-3.8 1.53333 0.000170945 
-3.8 1.6 0.000190103 
-3.8 1.66667 0.000218035 
-3.8 1.73333 0.000298968 
-3.8 1.8 0.000228841 
-3.8 1.86667 0.000311156 
-3.8 1.93333 0.000108338 
-3.8 2 0.000236653 
-3.73333 -2 2.53207e-10 
-3.73333 -1.93333 4.73816e-10 
-3.73333 -1.86667 8.89852e-10 
-3.73333 -1.8 1.64386e-09 
-3.73333 -1.73333 3.04134e-09 
-3.73333 -1.66667 5.64561e-09 
-3.73333 -1.6 1.0428e-08 
-3.73333 -1.53333 1.92503e-08 
-3.73333 -1.46667 3.55268e-08 
-3.73333 -1.4 6.55135e-08 
-3.73333 -1.33333 1.20718e-07 
-3.73333 -1.26667 2.22168e-07 
-3.73333 -1.2 4.08317e-07 
-3.73333 -1.13333 7.48931e-07 
-3.73333 -1.06667 1.37002e-06 
-3.73333 -1 2.49712e-06 
-3.73333 -0.933333 4.52915e-06 
-3.73333 -0.866667 8.16015e-06 
-3.73333 -0.8 1.45699e-05 
-3.73333 -0.733333 2.56981e-05 
-3.73333 -0.666667 4.45827e-05 
-3.73333 -0.6 7.56411e-05 
-3.73333 -0.533333 0.00012456 
-3.73333 -0.466667 0.000197127 
-3.73333 -0.4 0.000296131 
-3.73333 -0.333333 0.00041621 
-3.73333 -0.266667 0.000539554 
-3.73333 -0.2 0.000640119 
-3.73333 -0.133333 0.000701662 
-3.73333 -0.0666667 0.000732021 
-3.73333 -4.16334e-16 0.000741038 
-3.73333 0.0666667 0.000724656 
-3.73333 0.133333 0.000720833 
-3.73333 0.2 0.000760143 
-3.73333 0.266667 0.000827759 
-3.73333 0.333333 0.00095416 
-3.73333 0.4 0.00100394 
-3.73333 0.466667 0.001005 
-3.73333 0.533333 0.000905033 
-3.73333 0.6 0.000817772 
-3.73333 0.666667 0.000782724 
-3.73333 0.733333 0.00068286 
-3.73333 0.8 0.000623401 
-3.73333 0.866667 0.000578497 
-3.73333 0.933333 0.000460634 
-3.73333 1 0.00038624 
-3.73333 1.06667 0.00032958 
-3.73333 1.13333 0.000302912 
-3.73333 1.2 0.000185803 
-3.73333 1.26667 0.000244768 
-3.73333 1.33333 0.000265293 
-3.73333 1.4 0.000197541 
-3.73333 1.46667 0.000247148 
-3.73333 1.53333 0.000232381 
-3.73333 1.6 0.000258424 
-3.73333 1.66667 0.000296395 
-3.73333 1.73333 0.000406416 
-3.73333 1.8 0.000311084 
-3.73333 1.86667 0.000422984 
-3.73333 1.93333 0.000147273 
-3.73333 2 0.000321705 
-3.66667 -2 3.3288e-10 
-3.66667 -1.93333 6.46653e-10 
-3.66667 -1.86667 1.21391e-09 
-3.66667 -1.8 2.24215e-09 
-3.66667 -1.73333 4.15119e-09 
-3.66667 -1.66667 7.67517e-09 
-3.66667 -1.6 1.41778e-08 
-3.66667 -1.53333 2.61688e-08 
-3.66667 -1.46667 4.82969e-08 
-3.66667 -1.4 8.90604e-08 
-3.66667 -1.33333 1.64092e-07 
-3.66667 -1.26667 3.02017e-07 
-3.66667 -1.2 5.55052e-07 
-3.66667 -1.13333 1.01807e-06 
-3.66667 -1.06667 1.86235e-06 
-3.66667 -1 3.39449e-06 
-3.66667 -0.933333 6.15673e-06 
-3.66667 -0.866667 1.10926e-05 
-3.66667 -0.8 1.98057e-05 
-3.66667 -0.733333 3.4933e-05 
-3.66667 -0.666667 6.06041e-05 
-3.66667 -0.6 0.000102824 
-3.66667 -0.533333 0.000169324 
-3.66667 -0.466667 0.00026797 
-3.66667 -0.4 0.000402555 
-3.66667 -0.333333 0.00056579 
-3.66667 -0.266667 0.000733463 
-3.66667 -0.2 0.000870172 
-3.66667 -0.133333 0.000953836 
-3.66667 -0.0666667 0.00099511 
-3.66667 -4.16334e-16 0.00100737 
-3.66667 0.0666667 0.000985102 
-3.66667 0.133333 0.000979908 
-3.66667 0.2 0.00103335 
-3.66667 0.266667 0.00112526 
-3.66667 0.333333 0.00129709 
-3.66667 0.4 0.00136476 
-3.66667 0.466667 0.0013662 
-3.66667 0.533333 0.0012303 
-3.66667 0.6 0.00111168 
-3.66667 0.666667 0.00106403 
-3.66667 0.733333 0.000928277 
-3.66667 0.8 0.000847449 
-3.66667 0.866667 0.000786406 
-3.66667 0.933333 0.000626185 
-3.66667 1 0.000525054 
-3.66667 1.06667 0.00044803 
-3.66667 1.13333 0.000411779 
-3.66667 1.2 0.000252581 
-3.66667 1.26667 0.000332736 
-3.66667 1.33333 0.00036064 
-3.66667 1.4 0.000268537 
-3.66667 1.46667 0.000335972 
-3.66667 1.53333 0.000315899 
-3.66667 1.6 0.0003513 
-3.66667 1.66667 0.000402917 
-3.66667 1.73333 0.000552484 
-3.66667 1.8 0.000422886 
-3.66667 1.86667 0.000575005 
-3.66667 1.93333 0.000200202 
-3.66667 2 0.000437326 
-3.6 -2 4.74295e-10 
-3.6 -1.93333 8.8475e-10 
-3.6 -1.86667 1.64602e-09 
-3.6 -1.8 3.05655e-09 
-3.6 -1.73333 5.64803e-09 
-3.6 -1.66667 1.0431e-08 
-3.6 -1.6 1.92764e-08 
-3.6 -1.53333 3.55811e-08 
-3.6 -1.46667 6.56605e-08 
-3.6 -1.4 1.21074e-07 
-3.6 -1.33333 2.23066e-07 
-3.6 -1.26667 4.1055e-07 
-3.6 -1.2 7.54513e-07 
-3.6 -1.13333 1.38393e-06 
-3.6 -1.06667 2.53159e-06 
-3.6 -1 4.61432e-06 
-3.6 -0.933333 8.36923e-06 
-3.6 -0.866667 1.50788e-05 
-3.6 -0.8 2.69232e-05 
-3.6 -0.733333 4.74867e-05 
-3.6 -0.666667 8.23833e-05 
-3.6 -0.6 0.000139776 
-3.6 -0.533333 0.000230174 
-3.6 -0.466667 0.000364272 
-3.6 -0.4 0.000547227 
-3.6 -0.333333 0.000769128 
-3.6 -0.266667 0.000997065 
-3.6 -0.2 0.00118291 
-3.6 -0.133333 0.00129665 
-3.6 -0.0666667 0.00135276 
-3.6 -4.16334e-16 0.00136943 
-3.6 0.0666667 0.00133916 
-3.6 0.133333 0.0013321 
-3.6 0.2 0.00140475 
-3.6 0.266667 0.0015297 
-3.6 0.333333 0.00176329 
-3.6 0.4 0.00185527 
-3.6 0.466667 0.00185722 
-3.6 0.533333 0.00167248 
-3.6 0.6 0.00151122 
-3.6 0.666667 0.00144645 
-3.6 0.733333 0.0012619 
-3.6 0.8 0.00115202 
-3.6 0.866667 0.00106904 
-3.6 0.933333 0.00085124 
-3.6 1 0.000713761 
-3.6 1.06667 0.000609052 
-3.6 1.13333 0.000559775 
-3.6 1.2 0.000343361 
-3.6 1.26667 0.000452319 
-3.6 1.33333 0.000490258 
-3.6 1.4 0.000365051 
-3.6 1.46667 0.00045672 
-3.6 1.53333 0.000429435 
-3.6 1.6 0.000477558 
-3.6 1.66667 0.000547726 
-3.6 1.73333 0.000751052 
-3.6 1.8 0.000574871 
-3.6 1.86667 0.000781667 
-3.6 1.93333 0.000272153 
-3.6 2 0.000594505 
-3.53333 -2 6.4913e-10 
-3.53333 -1.93333 1.20962e-09 
-3.53333 -1.86667 2.24693e-09 
-3.53333 -1.8 4.14912e-09 
-3.53333 -1.73333 7.68384e-09 
-3.53333 -1.66667 1.41975e-08 
-3.53333 -1.6 2.62008e-08 
-3.53333 -1.53333 4.83742e-08 
-3.53333 -1.46667 8.92591e-08 
-3.53333 -1.4 1.64579e-07 
-3.53333 -1.33333 3.03233e-07 
-3.53333 -1.26667 5.58097e-07 
-3.53333 -1.2 1.02566e-06 
-3.53333 -1.13333 1.88124e-06 
-3.53333 -1.06667 3.44136e-06 
-3.53333 -1 6.27252e-06 
-3.53333 -0.933333 1.13768e-05 
-3.53333 -0.866667 2.04976e-05 
-3.53333 -0.8 3.65984e-05 
-3.53333 -0.733333 6.45519e-05 
-3.53333 -0.666667 0.000111989 
-3.53333 -0.6 0.000190008 
-3.53333 -0.533333 0.000312894 
-3.53333 -0.466667 0.000495186 
-3.53333 -0.4 0.000743894 
-3.53333 -0.333333 0.00104555 
-3.53333 -0.266667 0.00135541 
-3.53333 -0.2 0.00160805 
-3.53333 -0.133333 0.00176268 
-3.53333 -0.0666667 0.00183896 
-3.53333 -4.16334e-16 0.00186163 
-3.53333 0.0666667 0.00182049 
-3.53333 0.133333 0.0018109 
-3.53333 0.2 0.00190966 
-3.53333 0.266667 0.00207952 
-3.53333 0.333333 0.00239706 
-3.53333 0.4 0.00252209 
-3.53333 0.466667 0.00252474 
-3.53333 0.533333 0.00227359 
-3.53333 0.6 0.00205437 
-3.53333 0.666667 0.00196631 
-3.53333 0.733333 0.00171545 
-3.53333 0.8 0.00156607 
-3.53333 0.866667 0.00145327 
-3.53333 0.933333 0.00115719 
-3.53333 1 0.000970295 
-3.53333 1.06667 0.000827952 
-3.53333 1.13333 0.000760966 
-3.53333 1.2 0.000466771 
-3.53333 1.26667 0.000614883 
-3.53333 1.33333 0.000666466 
-3.53333 1.4 0.000496255 
-3.53333 1.46667 0.000620867 
-3.53333 1.53333 0.00058378 
-3.53333 1.6 0.000649197 
-3.53333 1.66667 0.000744582 
-3.53333 1.73333 0.00102099 
-3.53333 1.8 0.000781483 
-3.53333 1.86667 0.00106261 
-3.53333 1.93333 0.000369966 
-3.53333 2 0.000808179 
-3.46667 -2 8.87197e-10 
-3.46667 -1.93333 1.6467e-09 
-3.46667 -1.86667 3.04998e-09 
-3.46667 -1.8 5.64699e-09 
-3.46667 -1.73333 1.0443e-08 
-3.46667 -1.66667 1.92915e-08 
-3.46667 -1.6 3.56275e-08 
-3.46667 -1.53333 6.57633e-08 
-3.46667 -1.46667 1.21338e-07 
-3.46667 -1.4 2.23736e-07 
-3.46667 -1.33333 4.12207e-07 
-3.46667 -1.26667 7.58654e-07 
-3.46667 -1.2 1.39424e-06 
-3.46667 -1.13333 2.5573e-06 
-3.46667 -1.06667 4.67805e-06 
-3.46667 -1 8.52662e-06 
-3.46667 -0.933333 1.54652e-05 
-3.46667 -0.866667 2.78637e-05 
-3.46667 -0.8 4.97506e-05 
-3.46667 -0.733333 8.77498e-05 
-3.46667 -0.666667 0.000152235 
-3.46667 -0.6 0.000258292 
-3.46667 -0.533333 0.000425342 
-3.46667 -0.466667 0.000673149 
-3.46667 -0.4 0.00101125 
-3.46667 -0.333333 0.00142132 
-3.46667 -0.266667 0.00184256 
-3.46667 -0.2 0.00218601 
-3.46667 -0.133333 0.00239621 
-3.46667 -0.0666667 0.00249993 
-3.46667 -4.16334e-16 0.00253076 
-3.46667 0.0666667 0.00247485 
-3.46667 0.133333 0.00246181 
-3.46667 0.2 0.00259607 
-3.46667 0.266667 0.00282698 
-3.46667 0.333333 0.00325864 
-3.46667 0.4 0.00342862 
-3.46667 0.466667 0.0034322 
-3.46667 0.533333 0.00309077 
-3.46667 0.6 0.00279275 
-3.46667 0.666667 0.00267305 
-3.46667 0.733333 0.00233201 
-3.46667 0.8 0.00212895 
-3.46667 0.866667 0.0019756 
-3.46667 0.933333 0.00157311 
-3.46667 1 0.00131904 
-3.46667 1.06667 0.00112553 
-3.46667 1.13333 0.00103448 
-3.46667 1.2 0.00063454 
-3.46667 1.26667 0.000835877 
-3.46667 1.33333 0.000906014 
-3.46667 1.4 0.000674621 
-3.46667 1.46667 0.000844016 
-3.46667 1.53333 0.000793605 
-3.46667 1.6 0.00088253 
-3.46667 1.66667 0.0010122 
-3.46667 1.73333 0.00138797 
-3.46667 1.8 0.00106236 
-3.46667 1.86667 0.00144455 
-3.46667 1.93333 0.000502937 
-3.46667 2 0.00109866 
-3.4 -2 1.21051e-09 
-3.4 -1.93333 2.24802e-09 
-3.4 -1.86667 4.15595e-09 
-3.4 -1.8 7.68562e-09 
-3.4 -1.73333 1.41984e-08 
-3.4 -1.66667 2.62298e-08 
-3.4 -1.6 4.84353e-08 
-3.4 -1.53333 8.9402e-08 
-3.4 -1.46667 1.64946e-07 
-3.4 -1.4 3.04137e-07 
-3.4 -1.33333 5.60348e-07 
-3.4 -1.26667 1.03128e-06 
-3.4 -1.2 1.89528e-06 
-3.4 -1.13333 3.47628e-06 
-3.4 -1.06667 6.35915e-06 
-3.4 -1 1.15907e-05 
-3.4 -0.933333 2.10228e-05 
-3.4 -0.866667 3.78769e-05 
-3.4 -0.8 6.76293e-05 
-3.4 -0.733333 0.000119284 
-3.4 -0.666667 0.000206945 
-3.4 -0.6 0.000351117 
-3.4 -0.533333 0.000578204 
-3.4 -0.466667 0.000915074 
-3.4 -0.4 0.00137469 
-3.4 -0.333333 0.00193216 
-3.4 -0.266667 0.0025048 
-3.4 -0.2 0.00297171 
-3.4 -0.133333 0.00325749 
-3.4 -0.0666667 0.0033985 
-3.4 -4.16334e-16 0.00344043 
-3.4 0.0666667 0.00336443 
-3.4 0.133333 0.00334672 
-3.4 0.2 0.00352924 
-3.4 0.266667 0.00384315 
-3.4 0.333333 0.00442996 
-3.4 0.4 0.00466102 
-3.4 0.466667 0.00466587 
-3.4 0.533333 0.0042017 
-3.4 0.6 0.00379655 
-3.4 0.666667 0.00363382 
-3.4 0.733333 0.00317021 
-3.4 0.8 0.00289416 
-3.4 0.866667 0.00268568 
-3.4 0.933333 0.00213854 
-3.4 1 0.00179315 
-3.4 1.06667 0.00153008 
-3.4 1.13333 0.0014063 
-3.4 1.2 0.000862618 
-3.4 1.26667 0.0011363 
-3.4 1.33333 0.00123167 
-3.4 1.4 0.000917103 
-3.4 1.46667 0.00114737 
-3.4 1.53333 0.00107885 
-3.4 1.6 0.00119974 
-3.4 1.66667 0.00137601 
-3.4 1.73333 0.00188687 
-3.4 1.8 0.0014442 
-3.4 1.86667 0.00196378 
-3.4 1.93333 0.000683703 
-3.4 2 0.00149356 
-3.33333 -2 1.64811e-09 
-3.33333 -1.93333 3.04522e-09 
-3.33333 -1.86667 5.65502e-09 
-3.33333 -1.8 1.04435e-08 
-3.33333 -1.73333 1.9305e-08 
-3.33333 -1.66667 3.56537e-08 
-3.33333 -1.6 6.58427e-08 
-3.33333 -1.53333 1.21533e-07 
-3.33333 -1.46667 2.24216e-07 
-3.33333 -1.4 4.13433e-07 
-3.33333 -1.33333 7.61712e-07 
-3.33333 -1.26667 1.40188e-06 
-3.33333 -1.2 2.57636e-06 
-3.33333 -1.13333 4.72552e-06 
-3.33333 -1.06667 8.64439e-06 
-3.33333 -1 1.5756e-05 
-3.33333 -0.933333 2.85776e-05 
-3.33333 -0.866667 5.14885e-05 
-3.33333 -0.8 9.19331e-05 
-3.33333 -0.733333 0.000162152 
-3.33333 -0.666667 0.000281316 
-3.33333 -0.6 0.000477303 
-3.33333 -0.533333 0.000786005 
-3.33333 -0.466667 0.00124395 
-3.33333 -0.4 0.00186876 
-3.33333 -0.333333 0.0026266 
-3.33333 -0.266667 0.00340509 
-3.33333 -0.2 0.00403984 
-3.33333 -0.133333 0.00442836 
-3.33333 -0.0666667 0.00462009 
-3.33333 -4.16334e-16 0.00467712 
-3.33333 0.0666667 0.00457383 
-3.33333 0.133333 0.00454977 
-3.33333 0.2 0.0047979 
-3.33333 0.266667 0.00522465 
-3.33333 0.333333 0.00602238 
-3.33333 0.4 0.00633647 
-3.33333 0.466667 0.00634303 
-3.33333 0.533333 0.00571199 
-3.33333 0.6 0.00516119 
-3.33333 0.666667 0.00493996 
-3.33333 0.733333 0.00430973 
-3.33333 0.8 0.00393444 
-3.33333 0.866667 0.00365102 
-3.33333 0.933333 0.00290723 
-3.33333 1 0.00243768 
-3.33333 1.06667 0.00208005 
-3.33333 1.13333 0.0019118 
-3.33333 1.2 0.00117269 
-3.33333 1.26667 0.00154472 
-3.33333 1.33333 0.00167441 
-3.33333 1.4 0.00124675 
-3.33333 1.46667 0.00155978 
-3.33333 1.53333 0.00146665 
-3.33333 1.6 0.00163097 
-3.33333 1.66667 0.00187059 
-3.33333 1.73333 0.00256511 
-3.33333 1.8 0.0019633 
-3.33333 1.86667 0.00266966 
-3.33333 1.93333 0.000929447 
-3.33333 2 0.00203042 
-3.26667 -2 2.24336e-09 
-3.26667 -1.93333 4.15826e-09 
-3.26667 -1.86667 7.68309e-09 
-3.26667 -1.8 1.41999e-08 
-3.26667 -1.73333 2.62494e-08 
-3.26667 -1.66667 4.84822e-08 
-3.26667 -1.6 8.95071e-08 
-3.26667 -1.53333 1.65205e-07 
-3.26667 -1.46667 3.04802e-07 
-3.26667 -1.4 5.62003e-07 
-3.26667 -1.33333 1.03544e-06 
-3.26667 -1.26667 1.90567e-06 
-3.26667 -1.2 3.50221e-06 
-3.26667 -1.13333 6.4237e-06 
-3.26667 -1.06667 1.17508e-05 
-3.26667 -1 2.14181e-05 
-3.26667 -0.933333 3.88474e-05 
-3.26667 -0.866667 6.99918e-05 
-3.26667 -0.8 0.000124971 
-3.26667 -0.733333 0.000220425 
-3.26667 -0.666667 0.000382415 
-3.26667 -0.6 0.00064884 
-3.26667 -0.533333 0.00106849 
-3.26667 -0.466667 0.00169103 
-3.26667 -0.4 0.00254042 
-3.26667 -0.333333 0.00357068 
-3.26667 -0.266667 0.004629 
-3.26667 -0.2 0.00549195 
-3.26667 -0.133333 0.00602016 
-3.26667 -0.0666667 0.00628086 
-3.26667 -4.16334e-16 0.00635842 
-3.26667 0.0666667 0.00621806 
-3.26667 0.133333 0.00618537 
-3.26667 0.2 0.0065227 
-3.26667 0.266667 0.00710285 
-3.26667 0.333333 0.00818732 
-3.26667 0.4 0.00861428 
-3.26667 0.466667 0.00862316 
-3.26667 0.533333 0.00776523 
-3.26667 0.6 0.00701642 
-3.26667 0.666667 0.00671565 
-3.26667 0.733333 0.00585889 
-3.26667 0.8 0.0053487 
-3.26667 0.866667 0.0049634 
-3.26667 0.933333 0.00395228 
-3.26667 1 0.00331393 
-3.26667 1.06667 0.00282774 
-3.26667 1.13333 0.00259902 
-3.26667 1.2 0.00159423 
-3.26667 1.26667 0.00209996 
-3.26667 1.33333 0.00227631 
-3.26667 1.4 0.00169491 
-3.26667 1.46667 0.00212044 
-3.26667 1.53333 0.00199385 
-3.26667 1.6 0.00221723 
-3.26667 1.66667 0.00254298 
-3.26667 1.73333 0.0034872 
-3.26667 1.8 0.002669 
-3.26667 1.86667 0.00362933 
-3.26667 1.93333 0.00126353 
-3.26667 2 0.00276029 
-3.2 -2 3.05044e-09 
-3.2 -1.93333 5.64995e-09 
-3.2 -1.86667 1.04461e-08 
-3.2 -1.8 1.93164e-08 
-3.2 -1.73333 3.56822e-08 
-3.2 -1.66667 6.58953e-08 
-3.2 -1.6 1.21673e-07 
-3.2 -1.53333 2.24582e-07 
-3.2 -1.46667 4.14337e-07 
-3.2 -1.4 7.6397e-07 
-3.2 -1.33333 1.40754e-06 
-3.2 -1.26667 2.59049e-06 
-3.2 -1.2 4.76077e-06 
-3.2 -1.13333 8.73211e-06 
-3.2 -1.06667 1.59736e-05 
-3.2 -1 2.9115e-05 
-3.2 -0.933333 5.28078e-05 
-3.2 -0.866667 9.51447e-05 
-3.2 -0.8 0.000169882 
-3.2 -0.733333 0.000299641 
-3.2 -0.666667 0.000519849 
-3.2 -0.6 0.000882028 
-3.2 -0.533333 0.00145251 
-3.2 -0.466667 0.00229882 
-3.2 -0.4 0.00345352 
-3.2 -0.333333 0.00485412 
-3.2 -0.266667 0.0062929 
-3.2 -0.2 0.00746609 
-3.2 -0.133333 0.00818424 
-3.2 -0.0666667 0.00853873 
-3.2 -4.16334e-16 0.00864425 
-3.2 0.0666667 0.00845348 
-3.2 0.133333 0.00840908 
-3.2 0.2 0.0088677 
-3.2 0.266667 0.0096564 
-3.2 0.333333 0.0111307 
-3.2 0.4 0.0117111 
-3.2 0.466667 0.0117231 
-3.2 0.533333 0.0105567 
-3.2 0.6 0.00953865 
-3.2 0.666667 0.00912974 
-3.2 0.733333 0.00796502 
-3.2 0.8 0.00727141 
-3.2 0.866667 0.0067476 
-3.2 0.933333 0.00537305 
-3.2 1 0.00450521 
-3.2 1.06667 0.00384423 
-3.2 1.13333 0.00353332 
-3.2 1.2 0.00216733 
-3.2 1.26667 0.00285479 
-3.2 1.33333 0.00309462 
-3.2 1.4 0.0023042 
-3.2 1.46667 0.00288266 
-3.2 1.53333 0.00271061 
-3.2 1.6 0.00301427 
-3.2 1.66667 0.0034571 
-3.2 1.73333 0.00474082 
-3.2 1.8 0.00362841 
-3.2 1.86667 0.00493404 
-3.2 1.93333 0.00171772 
-3.2 2 0.00375257 
-3.13333 -2 4.15487e-09 
-3.13333 -1.93333 7.68984e-09 
-3.13333 -1.86667 1.42087e-08 
-3.13333 -1.8 2.62616e-08 
-3.13333 -1.73333 4.85037e-08 
-3.13333 -1.66667 8.95884e-08 
-3.13333 -1.6 1.65399e-07 
-3.13333 -1.53333 3.05287e-07 
-3.13333 -1.46667 5.63233e-07 
-3.13333 -1.4 1.03851e-06 
-3.13333 -1.33333 1.91335e-06 
-3.13333 -1.26667 3.52142e-06 
-3.13333 -1.2 6.4716e-06 
-3.13333 -1.13333 1.18701e-05 
-3.13333 -1.06667 2.1714e-05 
-3.13333 -1 3.95779e-05 
-3.13333 -0.933333 7.17851e-05 
-3.13333 -0.866667 0.000129337 
-3.13333 -0.8 0.000230934 
-3.13333 -0.733333 0.000407326 
-3.13333 -0.666667 0.000706677 
-3.13333 -0.6 0.00119903 
-3.13333 -0.533333 0.00197456 
-3.13333 -0.466667 0.00312506 
-3.13333 -0.4 0.00469485 
-3.13333 -0.333333 0.00659894 
-3.13333 -0.266667 0.00855498 
-3.13333 -0.2 0.01015 
-3.13333 -0.133333 0.0111264 
-3.13333 -0.0666667 0.0116085 
-3.13333 -4.16334e-16 0.011752 
-3.13333 0.0666667 0.0114928 
-3.13333 0.133333 0.0114325 
-3.13333 0.2 0.012056 
-3.13333 0.266667 0.0131282 
-3.13333 0.333333 0.0151325 
-3.13333 0.4 0.0159215 
-3.13333 0.466667 0.0159376 
-3.13333 0.533333 0.0143518 
-3.13333 0.6 0.0129677 
-3.13333 0.666667 0.0124118 
-3.13333 0.733333 0.0108284 
-3.13333 0.8 0.00988543 
-3.13333 0.866667 0.0091733 
-3.13333 0.933333 0.00730467 
-3.13333 1 0.00612482 
-3.13333 1.06667 0.00522619 
-3.13333 1.13333 0.00480356 
-3.13333 1.2 0.00294651 
-3.13333 1.26667 0.003881 
-3.13333 1.33333 0.00420719 
-3.13333 1.4 0.00313257 
-3.13333 1.46667 0.00391892 
-3.13333 1.53333 0.00368508 
-3.13333 1.6 0.00409787 
-3.13333 1.66667 0.00469987 
-3.13333 1.73333 0.00644522 
-3.13333 1.8 0.00493277 
-3.13333 1.86667 0.00670788 
-3.13333 1.93333 0.0023352 
-3.13333 2 0.00510164 
-3.06667 -2 5.64899e-09 
-3.06667 -1.93333 1.04512e-08 
-3.06667 -1.86667 1.93222e-08 
-3.06667 -1.8 3.56919e-08 
-3.06667 -1.73333 6.59388e-08 
-3.06667 -1.66667 1.21782e-07 
-3.06667 -1.6 2.24846e-07 
-3.06667 -1.53333 4.14999e-07 
-3.06667 -1.46667 7.65634e-07 
-3.06667 -1.4 1.41171e-06 
-3.06667 -1.33333 2.60094e-06 
-3.06667 -1.26667 4.78687e-06 
-3.06667 -1.2 8.79724e-06 
-3.06667 -1.13333 1.61357e-05 
-3.06667 -1.06667 2.95172e-05 
-3.06667 -1 5.38009e-05 
-3.06667 -0.933333 9.75825e-05 
-3.06667 -0.866667 0.000175817 
-3.06667 -0.8 0.000313927 
-3.06667 -0.733333 0.000553714 
-3.06667 -0.666667 0.000960653 
-3.06667 -0.6 0.00162997 
-3.06667 -0.533333 0.00268425 
-3.06667 -0.466667 0.00424832 
-3.06667 -0.4 0.00638242 
-3.06667 -0.333333 0.00897106 
-3.06667 -0.266667 0.0116304 
-3.06667 -0.2 0.0137989 
-3.06667 -0.133333 0.0151265 
-3.06667 -0.0666667 0.015782 
-3.06667 -4.16334e-16 0.0159774 
-3.06667 0.0666667 0.0156251 
-3.06667 0.133333 0.0155432 
-3.06667 0.2 0.016391 
-3.06667 0.266667 0.0178487 
-3.06667 0.333333 0.0205735 
-3.06667 0.4 0.021646 
-3.06667 0.466667 0.0216678 
-3.06667 0.533333 0.0195117 
-3.06667 0.6 0.0176299 
-3.06667 0.666667 0.016874 
-3.06667 0.733333 0.0147214 
-3.06667 0.8 0.0134394 
-3.06667 0.866667 0.0124712 
-3.06667 0.933333 0.00993089 
-3.06667 1 0.00832681 
-3.06667 1.06667 0.00710506 
-3.06667 1.13333 0.00653057 
-3.06667 1.2 0.00400587 
-3.06667 1.26667 0.00527616 
-3.06667 1.33333 0.00571984 
-3.06667 1.4 0.0042588 
-3.06667 1.46667 0.00532777 
-3.06667 1.53333 0.00500996 
-3.06667 1.6 0.00557111 
-3.06667 1.66667 0.00638951 
-3.06667 1.73333 0.00876254 
-3.06667 1.8 0.00670611 
-3.06667 1.86667 0.00911962 
-3.06667 1.93333 0.00317469 
-3.06667 2 0.00693583 
-3 -2 7.68453e-09 
-3 -1.93333 1.4209e-08 
-3 -1.86667 2.62649e-08 
-3 -1.8 4.85284e-08 
-3 -1.73333 8.9638e-08 
-3 -1.66667 1.65551e-07 
-3 -1.6 3.05645e-07 
-3 -1.53333 5.64131e-07 
-3 -1.46667 1.04077e-06 
-3 -1.4 1.91903e-06 
-3 -1.33333 3.53561e-06 
-3 -1.26667 6.50708e-06 
-3 -1.2 1.19586e-05 
-3 -1.13333 2.19343e-05 
-3 -1.06667 4.01246e-05 
-3 -1 7.31352e-05 
-3 -0.933333 0.000132651 
-3 -0.866667 0.000239001 
-3 -0.8 0.000426746 
-3 -0.733333 0.000752713 
-3 -0.666667 0.00130591 
-3 -0.6 0.0022158 
-3 -0.533333 0.00364905 
-3 -0.466667 0.00577537 
-3 -0.4 0.00867669 
-3 -0.333333 0.012196 
-3 -0.266667 0.0158115 
-3 -0.2 0.0187599 
-3 -0.133333 0.0205651 
-3 -0.0666667 0.0214566 
-3 -4.16334e-16 0.0217225 
-3 0.0666667 0.0212438 
-3 0.133333 0.0211326 
-3 0.2 0.0222852 
-3 0.266667 0.0242671 
-3 0.333333 0.0279716 
-3 0.4 0.0294294 
-3 0.466667 0.0294588 
-3 0.533333 0.0265271 
-3 0.6 0.0239686 
-3 0.666667 0.0229408 
-3 0.733333 0.0200144 
-3 0.8 0.0182714 
-3 0.866667 0.0169551 
-3 0.933333 0.0135016 
-3 1 0.0113207 
-3 1.06667 0.0096596 
-3 1.13333 0.00887867 
-3 1.2 0.00544623 
-3 1.26667 0.00717299 
-3 1.33333 0.00777653 
-3 1.4 0.00579007 
-3 1.46667 0.00724324 
-3 1.53333 0.00681132 
-3 1.6 0.00757414 
-3 1.66667 0.00868673 
-3 1.73333 0.0119133 
-3 1.8 0.00911715 
-3 1.86667 0.0123987 
-3 1.93333 0.00431605 
-3 2 0.00942968 
-2.93333 -2 1.04481e-08 
-2.93333 -1.93333 1.93222e-08 
-2.93333 -1.86667 3.57126e-08 
-2.93333 -1.8 6.59664e-08 
-2.93333 -1.73333 1.21853e-07 
-2.93333 -1.66667 2.25038e-07 
-2.93333 -1.6 4.15484e-07 
-2.93333 -1.53333 7.6686e-07 
-2.93333 -1.46667 1.4148e-06 
-2.93333 -1.4 2.60865e-06 
-2.93333 -1.33333 4.80616e-06 
-2.93333 -1.26667 8.84547e-06 
-2.93333 -1.2 1.62561e-05 
-2.93333 -1.13333 2.98167e-05 
-2.93333 -1.06667 5.4544e-05 
-2.93333 -1 9.94177e-05 
-2.93333 -0.933333 0.000180322 
-2.93333 -0.866667 0.000324893 
-2.93333 -0.8 0.000580113 
-2.93333 -0.733333 0.00102323 
-2.93333 -0.666667 0.00177527 
-2.93333 -0.6 0.00301221 
-2.93333 -0.533333 0.00496067 
-2.93333 -0.466667 0.00785141 
-2.93333 -0.4 0.0117958 
-2.93333 -0.333333 0.0165806 
-2.93333 -0.266667 0.0214963 
-2.93333 -0.2 0.025505 
-2.93333 -0.133333 0.0279597 
-2.93333 -0.0666667 0.0291723 
-2.93333 -4.16334e-16 0.0295342 
-2.93333 0.0666667 0.0288838 
-2.93333 0.133333 0.0287328 
-2.93333 0.2 0.0303 
-2.93333 0.266667 0.0329945 
-2.93333 0.333333 0.038031 
-2.93333 0.4 0.0400127 
-2.93333 0.466667 0.0400521 
-2.93333 0.533333 0.0360659 
-2.93333 0.6 0.0325871 
-2.93333 0.666667 0.0311897 
-2.93333 0.733333 0.0272111 
-2.93333 0.8 0.0248413 
-2.93333 0.866667 0.0230516 
-2.93333 0.933333 0.0183566 
-2.93333 1 0.0153914 
-2.93333 1.06667 0.0131329 
-2.93333 1.13333 0.0120713 
-2.93333 1.2 0.00740467 
-2.93333 1.26667 0.00975191 
-2.93333 1.33333 0.010573 
-2.93333 1.4 0.00787209 
-2.93333 1.46667 0.00984756 
-2.93333 1.53333 0.00926059 
-2.93333 1.6 0.0102976 
-2.93333 1.66667 0.0118101 
-2.93333 1.73333 0.0161974 
-2.93333 1.8 0.0123953 
-2.93333 1.86667 0.0168574 
-2.93333 1.93333 0.00586787 
-2.93333 2 0.0128205 
-2.86667 -2 1.42159e-08 
-2.86667 -1.93333 2.62688e-08 
-2.86667 -1.86667 4.85458e-08 
-2.86667 -1.8 8.96869e-08 
-2.86667 -1.73333 1.65659e-07 
-2.86667 -1.66667 3.05909e-07 
-2.86667 -1.6 5.64802e-07 
-2.86667 -1.53333 1.04245e-06 
-2.86667 -1.46667 1.92321e-06 
-2.86667 -1.4 3.5461e-06 
-2.86667 -1.33333 6.53332e-06 
-2.86667 -1.26667 1.20242e-05 
-2.86667 -1.2 2.20979e-05 
-2.86667 -1.13333 4.05318e-05 
-2.86667 -1.06667 7.41453e-05 
-2.86667 -1 0.000135145 
-2.86667 -0.933333 0.000245125 
-2.86667 -0.866667 0.000441654 
-2.86667 -0.8 0.0007886 
-2.86667 -0.733333 0.00139099 
-2.86667 -0.666667 0.00241333 
-2.86667 -0.6 0.0040949 
-2.86667 -0.533333 0.00674382 
-2.86667 -0.466667 0.0106738 
-2.86667 -0.4 0.0160365 
-2.86667 -0.333333 0.0225419 
-2.86667 -0.266667 0.0292254 
-2.86667 -0.2 0.0346762 
-2.86667 -0.133333 0.0380142 
-2.86667 -0.0666667 0.0396636 
-2.86667 -4.16334e-16 0.0401563 
-2.86667 0.0666667 0.0392726 
-2.86667 0.133333 0.0390678 
-2.86667 0.2 0.0411988 
-2.86667 0.266667 0.0448622 
-2.86667 0.333333 0.0517097 
-2.86667 0.4 0.0544037 
-2.86667 0.466667 0.0544565 
-2.86667 0.533333 0.049036 
-2.86667 0.6 0.0443057 
-2.86667 0.666667 0.0424056 
-2.86667 0.733333 0.0369966 
-2.86667 0.8 0.0337744 
-2.86667 0.866667 0.031341 
-2.86667 0.933333 0.0249581 
-2.86667 1 0.0209263 
-2.86667 1.06667 0.0178555 
-2.86667 1.13333 0.0164125 
-2.86667 1.2 0.0100676 
-2.86667 1.26667 0.0132583 
-2.86667 1.33333 0.0143756 
-2.86667 1.4 0.0107031 
-2.86667 1.46667 0.0133886 
-2.86667 1.53333 0.0125909 
-2.86667 1.6 0.0140006 
-2.86667 1.66667 0.016057 
-2.86667 1.73333 0.0220228 
-2.86667 1.8 0.0168525 
-2.86667 1.86667 0.02292 
-2.86667 1.93333 0.00797782 
-2.86667 2 0.0174312 
-2.8 -2 1.93272e-08 
-2.8 -1.93333 3.57169e-08 
-2.8 -1.86667 6.59964e-08 
-2.8 -1.8 1.21919e-07 
-2.8 -1.73333 2.25182e-07 
-2.8 -1.66667 4.15848e-07 
-2.8 -1.6 7.67764e-07 
-2.8 -1.53333 1.41706e-06 
-2.8 -1.46667 2.61434e-06 
-2.8 -1.4 4.82041e-06 
-2.8 -1.33333 8.88114e-06 
-2.8 -1.26667 1.63452e-05 
-2.8 -1.2 3.00391e-05 
-2.8 -1.13333 5.50975e-05 
-2.8 -1.06667 0.000100791 
-2.8 -1 0.000183713 
-2.8 -0.933333 0.000333218 
-2.8 -0.866667 0.000600379 
-2.8 -0.8 0.00107202 
-2.8 -0.733333 0.00189092 
-2.8 -0.666667 0.00328074 
-2.8 -0.6 0.0055668 
-2.8 -0.533333 0.00916804 
-2.8 -0.466667 0.0145111 
-2.8 -0.4 0.0218022 
-2.8 -0.333333 0.0306472 
-2.8 -0.266667 0.0397347 
-2.8 -0.2 0.0471464 
-2.8 -0.133333 0.0516859 
-2.8 -0.0666667 0.0539297 
-2.8 -4.16334e-16 0.0546007 
-2.8 0.0666667 0.0534003 
-2.8 0.133333 0.0531224 
-2.8 0.2 0.0560201 
-2.8 0.266667 0.0610012 
-2.8 0.333333 0.0703112 
-2.8 0.4 0.0739733 
-2.8 0.466667 0.0740438 
-2.8 0.533333 0.0666727 
-2.8 0.6 0.0602404 
-2.8 0.666667 0.0576566 
-2.8 0.733333 0.0503026 
-2.8 0.8 0.0459213 
-2.8 0.866667 0.0426127 
-2.8 0.933333 0.0339348 
-2.8 1 0.0284527 
-2.8 1.06667 0.0242771 
-2.8 1.13333 0.0223156 
-2.8 1.2 0.0136888 
-2.8 1.26667 0.018026 
-2.8 1.33333 0.0195465 
-2.8 1.4 0.0145526 
-2.8 1.46667 0.0182034 
-2.8 1.53333 0.0171196 
-2.8 1.6 0.0190359 
-2.8 1.66667 0.0218316 
-2.8 1.73333 0.0299444 
-2.8 1.8 0.0229132 
-2.8 1.86667 0.0311642 
-2.8 1.93333 0.0108468 
-2.8 2 0.0237009 
-2.73333 -2 2.62787e-08 
-2.73333 -1.93333 4.85558e-08 
-2.73333 -1.86667 8.97149e-08 
-2.73333 -1.8 1.65729e-07 
-2.73333 -1.73333 3.0611e-07 
-2.73333 -1.66667 5.65291e-07 
-2.73333 -1.6 1.04367e-06 
-2.73333 -1.53333 1.9263e-06 
-2.73333 -1.46667 3.55382e-06 
-2.73333 -1.4 6.55268e-06 
-2.73333 -1.33333 1.20727e-05 
-2.73333 -1.26667 2.22191e-05 
-2.73333 -1.2 4.08341e-05 
-2.73333 -1.13333 7.48978e-05 
-2.73333 -1.06667 0.000137012 
-2.73333 -1 0.000249735 
-2.73333 -0.933333 0.000452971 
-2.73333 -0.866667 0.00081615 
-2.73333 -0.8 0.00145731 
-2.73333 -0.733333 0.00257056 
-2.73333 -0.666667 0.00445997 
-2.73333 -0.6 0.00756786 
-2.73333 -0.533333 0.0124639 
-2.73333 -0.466667 0.0197282 
-2.73333 -0.4 0.0296414 
-2.73333 -0.333333 0.0416679 
-2.73333 -0.266667 0.0540245 
-2.73333 -0.2 0.0641032 
-2.73333 -0.133333 0.0702771 
-2.73333 -0.0666667 0.0733299 
-2.73333 -4.16334e-16 0.0742441 
-2.73333 0.0666667 0.0726134 
-2.73333 0.133333 0.0722365 
-2.73333 0.2 0.0761771 
-2.73333 0.266667 0.0829499 
-2.73333 0.333333 0.0956084 
-2.73333 0.4 0.100587 
-2.73333 0.466667 0.100681 
-2.73333 0.533333 0.0906562 
-2.73333 0.6 0.0819091 
-2.73333 0.666667 0.0783953 
-2.73333 0.733333 0.0683967 
-2.73333 0.8 0.0624391 
-2.73333 0.866667 0.0579401 
-2.73333 0.933333 0.0461419 
-2.73333 1 0.0386873 
-2.73333 1.06667 0.0330094 
-2.73333 1.13333 0.0303431 
-2.73333 1.2 0.0186132 
-2.73333 1.26667 0.0245088 
-2.73333 1.33333 0.0265784 
-2.73333 1.4 0.0197875 
-2.73333 1.46667 0.0247506 
-2.73333 1.53333 0.0232779 
-2.73333 1.6 0.025883 
-2.73333 1.66667 0.029684 
-2.73333 1.73333 0.040717 
-2.73333 1.8 0.0311544 
-2.73333 1.86667 0.0423754 
-2.73333 1.93333 0.0147479 
-2.73333 2 0.0322268 
-2.66667 -2 3.57247e-08 
-2.66667 -1.93333 6.60182e-08 
-2.66667 -1.86667 1.21958e-07 
-2.66667 -1.8 2.25288e-07 
-2.66667 -1.73333 4.16116e-07 
-2.66667 -1.66667 7.68431e-07 
-2.66667 -1.6 1.41873e-06 
-2.66667 -1.53333 2.61853e-06 
-2.66667 -1.46667 4.83093e-06 
-2.66667 -1.4 8.90746e-06 
-2.66667 -1.33333 1.64111e-05 
-2.66667 -1.26667 3.02038e-05 
-2.66667 -1.2 5.55085e-05 
-2.66667 -1.13333 0.000101814 
-2.66667 -1.06667 0.000186251 
-2.66667 -1 0.000339485 
-2.66667 -0.933333 0.000615763 
-2.66667 -0.866667 0.00110947 
-2.66667 -0.8 0.00198108 
-2.66667 -0.733333 0.00349449 
-2.66667 -0.666667 0.00606311 
-2.66667 -0.6 0.0102884 
-2.66667 -0.533333 0.0169448 
-2.66667 -0.466667 0.0268216 
-2.66667 -0.4 0.0403004 
-2.66667 -0.333333 0.0566532 
-2.66667 -0.266667 0.0734559 
-2.66667 -0.2 0.087162 
-2.66667 -0.133333 0.0955594 
-2.66667 -0.0666667 0.0997136 
-2.66667 -4.16334e-16 0.100959 
-2.66667 0.0666667 0.0987446 
-2.66667 0.133333 0.0982336 
-2.66667 0.2 0.103593 
-2.66667 0.266667 0.112802 
-2.66667 0.333333 0.130014 
-2.66667 0.4 0.136781 
-2.66667 0.466667 0.136906 
-2.66667 0.533333 0.123272 
-2.66667 0.6 0.111377 
-2.66667 0.666667 0.106598 
-2.66667 0.733333 0.0930032 
-2.66667 0.8 0.0849018 
-2.66667 0.866667 0.0787839 
-2.66667 0.933333 0.062743 
-2.66667 1 0.0526058 
-2.66667 1.06667 0.0448844 
-2.66667 1.13333 0.0412602 
-2.66667 1.2 0.0253101 
-2.66667 1.26667 0.0333242 
-2.66667 1.33333 0.0361418 
-2.66667 1.4 0.0269066 
-2.66667 1.46667 0.0336539 
-2.66667 1.53333 0.0316529 
-2.66667 1.6 0.0351944 
-2.66667 1.66667 0.0403623 
-2.66667 1.73333 0.0553678 
-2.66667 1.8 0.0423615 
-2.66667 1.86667 0.0576227 
-2.66667 1.93333 0.0200528 
-2.66667 2 0.0438219 
-2.6 -2 4.85709e-08 
-2.6 -1.93333 8.97389e-08 
-2.6 -1.86667 1.65785e-07 
-2.6 -1.8 3.0625e-07 
-2.6 -1.73333 5.65654e-07 
-2.6 -1.66667 1.04458e-06 
-2.6 -1.6 1.92857e-06 
-2.6 -1.53333 3.55953e-06 
-2.6 -1.46667 6.56697e-06 
-2.6 -1.4 1.21085e-05 
-2.6 -1.33333 2.23087e-05 
-2.6 -1.26667 4.1058e-05 
-2.6 -1.2 7.54564e-05 
-2.6 -1.13333 0.000138403 
-2.6 -1.06667 0.000253185 
-2.6 -1 0.00046149 
-2.6 -0.933333 0.000837063 
-2.6 -0.866667 0.00150822 
-2.6 -0.8 0.00269312 
-2.6 -0.733333 0.00475055 
-2.6 -0.666667 0.00824261 
-2.6 -0.6 0.013987 
-2.6 -0.533333 0.0230372 
-2.6 -0.466667 0.0364662 
-2.6 -0.4 0.0547938 
-2.6 -0.333333 0.0770305 
-2.6 -0.266667 0.0998803 
-2.6 -0.2 0.118521 
-2.6 -0.133333 0.129943 
-2.6 -0.0666667 0.135597 
-2.6 -4.16334e-16 0.137296 
-2.6 0.0666667 0.134288 
-2.6 0.133333 0.133595 
-2.6 0.2 0.140884 
-2.6 0.266667 0.153408 
-2.6 0.333333 0.176812 
-2.6 0.4 0.186011 
-2.6 0.466667 0.186176 
-2.6 0.533333 0.167632 
-2.6 0.6 0.151453 
-2.6 0.666667 0.144954 
-2.6 0.733333 0.126469 
-2.6 0.8 0.115451 
-2.6 0.866667 0.107131 
-2.6 0.933333 0.0853214 
-2.6 1 0.0715352 
-2.6 1.06667 0.0610343 
-2.6 1.13333 0.0561079 
-2.6 1.2 0.0344186 
-2.6 1.26667 0.0453122 
-2.6 1.33333 0.0491492 
-2.6 1.4 0.036589 
-2.6 1.46667 0.0457619 
-2.6 1.53333 0.0430434 
-2.6 1.6 0.0478579 
-2.6 1.66667 0.0548844 
-2.6 1.73333 0.0752946 
-2.6 1.8 0.0576027 
-2.6 1.86667 0.0783604 
-2.6 1.93333 0.0272671 
-2.6 2 0.0595919 
-2.53333 -2 6.60231e-08 
-2.53333 -1.93333 1.21992e-07 
-2.53333 -1.86667 2.25367e-07 
-2.53333 -1.8 4.16301e-07 
-2.53333 -1.73333 7.68921e-07 
-2.53333 -1.66667 1.41996e-06 
-2.53333 -1.6 2.62162e-06 
-2.53333 -1.53333 4.83867e-06 
-2.53333 -1.46667 8.92689e-06 
-2.53333 -1.4 1.64598e-05 
-2.53333 -1.33333 3.03256e-05 
-2.53333 -1.26667 5.58128e-05 
-2.53333 -1.2 0.000102573 
-2.53333 -1.13333 0.000188141 
-2.53333 -1.06667 0.000344174 
-2.53333 -1 0.000627344 
-2.53333 -0.933333 0.0011379 
-2.53333 -0.866667 0.0020503 
-2.53333 -0.8 0.00366112 
-2.53333 -0.733333 0.00645816 
-2.53333 -0.666667 0.0112057 
-2.53333 -0.6 0.0190157 
-2.53333 -0.533333 0.0313207 
-2.53333 -0.466667 0.0495804 
-2.53333 -0.4 0.0745022 
-2.53333 -0.333333 0.104742 
-2.53333 -0.266667 0.135817 
-2.53333 -0.2 0.161169 
-2.53333 -0.133333 0.176709 
-2.53333 -0.0666667 0.184406 
-2.53333 -4.16334e-16 0.186722 
-2.53333 0.0666667 0.182638 
-2.53333 0.133333 0.1817 
-2.53333 0.2 0.191615 
-2.53333 0.266667 0.208645 
-2.53333 0.333333 0.240472 
-2.53333 0.4 0.252977 
-2.53333 0.466667 0.253193 
-2.53333 0.533333 0.227968 
-2.53333 0.6 0.205962 
-2.53333 0.666667 0.197121 
-2.53333 0.733333 0.171986 
-2.53333 0.8 0.157002 
-2.53333 0.866667 0.145687 
-2.53333 0.933333 0.116032 
-2.53333 1 0.0972818 
-2.53333 1.06667 0.0829998 
-2.53333 1.13333 0.0763034 
-2.53333 1.2 0.0468078 
-2.53333 1.26667 0.0616157 
-2.53333 1.33333 0.0668422 
-2.53333 1.4 0.0497586 
-2.53333 1.46667 0.0622293 
-2.53333 1.53333 0.0585364 
-2.53333 1.6 0.0650815 
-2.53333 1.66667 0.0746356 
-2.53333 1.73333 0.1024 
-2.53333 1.8 0.0783316 
-2.53333 1.86667 0.106568 
-2.53333 1.93333 0.0370786 
-2.53333 2 0.0810422 
-2.46667 -2 8.97483e-08 
-2.46667 -1.93333 1.65828e-07 
-2.46667 -1.86667 3.0636e-07 
-2.46667 -1.8 5.65919e-07 
-2.46667 -1.73333 1.04525e-06 
-2.46667 -1.66667 1.93024e-06 
-2.46667 -1.6 3.56372e-06 
-2.46667 -1.53333 6.57751e-06 
-2.46667 -1.46667 1.21349e-05 
-2.46667 -1.4 2.23748e-05 
-2.46667 -1.33333 4.12235e-05 
-2.46667 -1.26667 7.58701e-05 
-2.46667 -1.2 0.000139435 
-2.46667 -1.13333 0.000255754 
-2.46667 -1.06667 0.000467865 
-2.46667 -1 0.000852807 
-2.46667 -0.933333 0.00154687 
-2.46667 -0.866667 0.00278722 
-2.46667 -0.8 0.00497708 
-2.46667 -0.733333 0.00877969 
-2.46667 -0.666667 0.0152343 
-2.46667 -0.6 0.0258529 
-2.46667 -0.533333 0.0425838 
-2.46667 -0.466667 0.0674129 
-2.46667 -0.4 0.101303 
-2.46667 -0.333333 0.142428 
-2.46667 -0.266667 0.184692 
-2.46667 -0.2 0.219178 
-2.46667 -0.133333 0.240322 
-2.46667 -0.0666667 0.250801 
-2.46667 -4.16334e-16 0.253963 
-2.46667 0.0666667 0.248419 
-2.46667 0.133333 0.247149 
-2.46667 0.2 0.260635 
-2.46667 0.266667 0.283798 
-2.46667 0.333333 0.32708 
-2.46667 0.4 0.344079 
-2.46667 0.466667 0.344361 
-2.46667 0.533333 0.310043 
-2.46667 0.6 0.280108 
-2.46667 0.666667 0.268081 
-2.46667 0.733333 0.233901 
-2.46667 0.8 0.21352 
-2.46667 0.866667 0.198131 
-2.46667 0.933333 0.157807 
-2.46667 1 0.132304 
-2.46667 1.06667 0.112878 
-2.46667 1.13333 0.103775 
-2.46667 1.2 0.0636613 
-2.46667 1.26667 0.0837896 
-2.46667 1.33333 0.0909116 
-2.46667 1.4 0.0676731 
-2.46667 1.46667 0.0846276 
-2.46667 1.53333 0.0796115 
-2.46667 1.6 0.0885097 
-2.46667 1.66667 0.101501 
-2.46667 1.73333 0.139273 
-2.46667 1.8 0.106527 
-2.46667 1.86667 0.144941 
-2.46667 1.93333 0.0504237 
-2.46667 2 0.110222 
-2.4 -2 1.22013e-07 
-2.4 -1.93333 2.2542e-07 
-2.4 -1.86667 4.16457e-07 
-2.4 -1.8 7.69284e-07 
-2.4 -1.73333 1.42088e-06 
-2.4 -1.66667 2.62389e-06 
-2.4 -1.6 4.84438e-06 
-2.4 -1.53333 8.9412e-06 
-2.4 -1.46667 1.64957e-05 
-2.4 -1.4 3.04155e-05 
-2.4 -1.33333 5.60378e-05 
-2.4 -1.26667 0.000103136 
-2.4 -1.2 0.000189544 
-2.4 -1.13333 0.000347667 
-2.4 -1.06667 0.000636009 
-2.4 -1 0.0011593 
-2.4 -0.933333 0.00210284 
-2.4 -0.866667 0.00378903 
-2.4 -0.8 0.00676613 
-2.4 -0.733333 0.0119359 
-2.4 -0.666667 0.0207115 
-2.4 -0.6 0.0351492 
-2.4 -0.533333 0.057899 
-2.4 -0.466667 0.0916628 
-2.4 -0.4 0.137752 
-2.4 -0.333333 0.193685 
-2.4 -0.266667 0.251172 
-2.4 -0.2 0.298086 
-2.4 -0.133333 0.326859 
-2.4 -0.0666667 0.341131 
-2.4 -4.16334e-16 0.345449 
-2.4 0.0666667 0.337925 
-2.4 0.133333 0.336207 
-2.4 0.2 0.354555 
-2.4 0.266667 0.386059 
-2.4 0.333333 0.444924 
-2.4 0.4 0.468032 
-2.4 0.466667 0.468396 
-2.4 0.533333 0.421702 
-2.4 0.6 0.380976 
-2.4 0.666667 0.364613 
-2.4 0.733333 0.31813 
-2.4 0.8 0.290408 
-2.4 0.866667 0.269474 
-2.4 0.933333 0.214641 
-2.4 1 0.179949 
-2.4 1.06667 0.153522 
-2.4 1.13333 0.14115 
-2.4 1.2 0.0865905 
-2.4 1.26667 0.113951 
-2.4 1.33333 0.123659 
-2.4 1.4 0.0920448 
-2.4 1.46667 0.115096 
-2.4 1.53333 0.108284 
-2.4 1.6 0.120381 
-2.4 1.66667 0.138047 
-2.4 1.73333 0.189442 
-2.4 1.8 0.144881 
-2.4 1.86667 0.19715 
-2.4 1.93333 0.0685764 
-2.4 2 0.14992 
-2.33333 -2 1.65865e-07 
-2.33333 -1.93333 3.06438e-07 
-2.33333 -1.86667 5.66116e-07 
-2.33333 -1.8 1.04573e-06 
-2.33333 -1.73333 1.93147e-06 
-2.33333 -1.66667 3.56682e-06 
-2.33333 -1.6 6.58526e-06 
-2.33333 -1.53333 1.21543e-05 
-2.33333 -1.46667 2.24236e-05 
-2.33333 -1.4 4.13457e-05 
-2.33333 -1.33333 7.6176e-05 
-2.33333 -1.26667 0.000140199 
-2.33333 -1.2 0.000257662 
-2.33333 -1.13333 0.000472613 
-2.33333 -1.06667 0.000864587 
-2.33333 -1 0.00157596 
-2.33333 -0.933333 0.00285864 
-2.33333 -0.866667 0.00515099 
-2.33333 -0.8 0.00919839 
-2.33333 -0.733333 0.016227 
-2.33333 -0.666667 0.0281585 
-2.33333 -0.6 0.0477897 
-2.33333 -0.533333 0.0787251 
-2.33333 -0.466667 0.124641 
-2.33333 -0.4 0.187326 
-2.33333 -0.333333 0.263404 
-2.33333 -0.266667 0.341607 
-2.33333 -0.2 0.405435 
-2.33333 -0.133333 0.444598 
-2.33333 -0.0666667 0.46404 
-2.33333 -4.16334e-16 0.469941 
-2.33333 0.0666667 0.459733 
-2.33333 0.133333 0.457412 
-2.33333 0.2 0.482377 
-2.33333 0.266667 0.52523 
-2.33333 0.333333 0.605296 
-2.33333 0.4 0.636708 
-2.33333 0.466667 0.637172 
-2.33333 0.533333 0.573629 
-2.33333 0.6 0.518215 
-2.33333 0.666667 0.495948 
-2.33333 0.733333 0.432731 
-2.33333 0.8 0.395017 
-2.33333 0.866667 0.366539 
-2.33333 0.933333 0.291971 
-2.33333 1 0.244774 
-2.33333 1.06667 0.208821 
-2.33333 1.13333 0.192004 
-2.33333 1.2 0.11779 
-2.33333 1.26667 0.15498 
-2.33333 1.33333 0.168221 
-2.33333 1.4 0.125206 
-2.33333 1.46667 0.156546 
-2.33333 1.53333 0.147296 
-2.33333 1.6 0.163743 
-2.33333 1.66667 0.187767 
-2.33333 1.73333 0.257709 
-2.33333 1.8 0.19706 
-2.33333 1.86667 0.268191 
-2.33333 1.93333 0.0932715 
-2.33333 2 0.203936 
-2.26667 -2 2.25467e-07 
-2.26667 -1.93333 4.16553e-07 
-2.26667 -1.86667 7.69554e-07 
-2.26667 -1.8 1.42153e-06 
-2.26667 -1.73333 2.62556e-06 
-2.26667 -1.66667 4.84858e-06 
-2.26667 -1.6 8.95176e-06 
-2.26667 -1.53333 1.65221e-05 
-2.26667 -1.46667 3.04818e-05 
-2.26667 -1.4 5.6204e-05 
-2.26667 -1.33333 0.000103551 
-2.26667 -1.26667 0.000190583 
-2.26667 -1.2 0.00035026 
-2.26667 -1.13333 0.000642464 
-2.26667 -1.06667 0.00117532 
-2.26667 -1 0.00214239 
-2.26667 -0.933333 0.00388614 
-2.26667 -0.866667 0.00700256 
-2.26667 -0.8 0.0125052 
-2.26667 -0.733333 0.0220613 
-2.26667 -0.666667 0.0382843 
-2.26667 -0.6 0.0649781 
-2.26667 -0.533333 0.107047 
-2.26667 -0.466667 0.169494 
-2.26667 -0.4 0.254755 
-2.26667 -0.333333 0.358247 
-2.26667 -0.266667 0.464642 
-2.26667 -0.2 0.551495 
-2.26667 -0.133333 0.60481 
-2.26667 -0.0666667 0.631307 
-2.26667 -4.16334e-16 0.639379 
-2.26667 0.0666667 0.625532 
-2.26667 0.133333 0.622399 
-2.26667 0.2 0.656374 
-2.26667 0.266667 0.714672 
-2.26667 0.333333 0.823583 
-2.26667 0.4 0.866284 
-2.26667 0.466667 0.866866 
-2.26667 0.533333 0.780377 
-2.26667 0.6 0.704965 
-2.26667 0.666667 0.674661 
-2.26667 0.733333 0.588678 
-2.26667 0.8 0.537364 
-2.26667 0.866667 0.498619 
-2.26667 0.933333 0.397207 
-2.26667 1 0.332988 
-2.26667 1.06667 0.284067 
-2.26667 1.13333 0.26121 
-2.26667 1.2 0.16025 
-2.26667 1.26667 0.210801 
-2.26667 1.33333 0.228868 
-2.26667 1.4 0.170333 
-2.26667 1.46667 0.212945 
-2.26667 1.53333 0.200387 
-2.26667 1.6 0.222747 
-2.26667 1.66667 0.255419 
-2.26667 1.73333 0.350619 
-2.26667 1.8 0.268059 
-2.26667 1.86667 0.364875 
-2.26667 1.93333 0.126871 
-2.26667 2 0.277447 
-2.2 -2 3.06489e-07 
-2.2 -1.93333 5.66257e-07 
-2.2 -1.86667 1.0461e-06 
-2.2 -1.8 1.93238e-06 
-2.2 -1.73333 3.5691e-06 
-2.2 -1.66667 6.59098e-06 
-2.2 -1.6 1.21687e-05 
-2.2 -1.53333 2.24595e-05 
-2.2 -1.46667 4.14359e-05 
-2.2 -1.4 7.64018e-05 
-2.2 -1.33333 0.000140765 
-2.2 -1.26667 0.000259075 
-2.2 -1.2 0.000476138 
-2.2 -1.13333 0.000873361 
-2.2 -1.06667 0.00159773 
-2.2 -1 0.00291241 
-2.2 -0.933333 0.00528299 
-2.2 -0.866667 0.00951982 
-2.2 -0.8 0.017001 
-2.2 -0.733333 0.0299939 
-2.2 -0.666667 0.0520527 
-2.2 -0.6 0.088352 
-2.2 -0.533333 0.145564 
-2.2 -0.466667 0.230501 
-2.2 -0.4 0.346483 
-2.2 -0.333333 0.487282 
-2.2 -0.266667 0.632052 
-2.2 -0.2 0.750257 
-2.2 -0.133333 0.822856 
-2.2 -0.0666667 0.858983 
-2.2 -4.16334e-16 0.870035 
-2.2 0.0666667 0.85126 
-2.2 0.133333 0.847035 
-2.2 0.2 0.893281 
-2.2 0.266667 0.972599 
-2.2 0.333333 1.12077 
-2.2 0.4 1.17881 
-2.2 0.466667 1.17953 
-2.2 0.533333 1.06178 
-2.2 0.6 0.959136 
-2.2 0.666667 0.917885 
-2.2 0.733333 0.800925 
-2.2 0.8 0.731097 
-2.2 0.866667 0.678374 
-2.2 0.933333 0.540444 
-2.2 1 0.453051 
-2.2 1.06667 0.386474 
-2.2 1.13333 0.355406 
-2.2 1.2 0.218045 
-2.2 1.26667 0.286756 
-2.2 1.33333 0.311425 
-2.2 1.4 0.231755 
-2.2 1.46667 0.289695 
-2.2 1.53333 0.272649 
-2.2 1.6 0.30305 
-2.2 1.66667 0.347488 
-2.2 1.73333 0.477095 
-2.2 1.8 0.364679 
-2.2 1.86667 0.496484 
-2.2 1.93333 0.172594 
-2.2 2 0.377506 
-2.13333 -2 4.16634e-07 
-2.13333 -1.93333 7.69739e-07 
-2.13333 -1.86667 1.42203e-06 
-2.13333 -1.8 2.6268e-06 
-2.13333 -1.73333 4.85168e-06 
-2.13333 -1.66667 8.95952e-06 
-2.13333 -1.6 1.65416e-05 
-2.13333 -1.53333 3.05307e-05 
-2.13333 -1.46667 5.63265e-05 
-2.13333 -1.4 0.000103858 
-2.13333 -1.33333 0.000191352 
-2.13333 -1.26667 0.000352181 
-2.13333 -1.2 0.000647256 
-2.13333 -1.13333 0.00118725 
-2.13333 -1.06667 0.00217198 
-2.13333 -1 0.00395924 
-2.13333 -0.933333 0.00718203 
-2.13333 -0.866667 0.0129422 
-2.13333 -0.8 0.0231136 
-2.13333 -0.733333 0.0407798 
-2.13333 -0.666667 0.0707752 
-2.13333 -0.6 0.120139 
-2.13333 -0.533333 0.197953 
-2.13333 -0.466667 0.313488 
-2.13333 -0.4 0.471278 
-2.13333 -0.333333 0.662861 
-2.13333 -0.266667 0.859879 
-2.13333 -0.2 1.02079 
-2.13333 -0.133333 1.11967 
-2.13333 -0.0666667 1.16895 
-2.13333 -4.16334e-16 1.1841 
-2.13333 0.0666667 1.15866 
-2.13333 0.133333 1.15297 
-2.13333 0.2 1.21593 
-2.13333 0.266667 1.32386 
-2.13333 0.333333 1.52546 
-2.13333 0.4 1.60437 
-2.13333 0.466667 1.60522 
-2.13333 0.533333 1.44488 
-2.13333 0.6 1.30514 
-2.13333 0.666667 1.24897 
-2.13333 0.733333 1.08986 
-2.13333 0.8 0.994818 
-2.13333 0.866667 0.923062 
-2.13333 0.933333 0.735448 
-2.13333 1 0.616495 
-2.13333 1.06667 0.525873 
-2.13333 1.13333 0.483646 
-2.13333 1.2 0.296731 
-2.13333 1.26667 0.390125 
-2.13333 1.33333 0.423832 
-2.13333 1.4 0.315374 
-2.13333 1.46667 0.394159 
-2.13333 1.53333 0.371027 
-2.13333 1.6 0.412361 
-2.13333 1.66667 0.472808 
-2.13333 1.73333 0.649301 
-2.13333 1.8 0.496192 
-2.13333 1.86667 0.675675 
-2.13333 1.93333 0.234823 
-2.13333 2 0.513732 
-2.06667 -2 5.66366e-07 
-2.06667 -1.93333 1.04636e-06 
-2.06667 -1.86667 1.93304e-06 
-2.06667 -1.8 3.57077e-06 
-2.06667 -1.73333 6.59519e-06 
-2.06667 -1.66667 1.21792e-05 
-2.06667 -1.6 2.2486e-05 
-2.06667 -1.53333 4.15023e-05 
-2.06667 -1.46667 7.65684e-05 
-2.06667 -1.4 0.000141182 
-2.06667 -1.33333 0.000260119 
-2.06667 -1.26667 0.000478749 
-2.06667 -1.2 0.000879876 
-2.06667 -1.13333 0.00161395 
-2.06667 -1.06667 0.00295265 
-2.06667 -1 0.00538237 
-2.06667 -0.933333 0.00976382 
-2.06667 -0.866667 0.0175951 
-2.06667 -0.8 0.0314247 
-2.06667 -0.733333 0.0554462 
-2.06667 -0.666667 0.0962357 
-2.06667 -0.6 0.163372 
-2.06667 -0.533333 0.269213 
-2.06667 -0.466667 0.426389 
-2.06667 -0.4 0.641085 
-2.06667 -0.333333 0.901811 
-2.06667 -0.266667 1.16999 
-2.06667 -0.2 1.38907 
-2.06667 -0.133333 1.5238 
-2.06667 -0.0666667 1.59107 
-2.06667 -4.16334e-16 1.61186 
-2.06667 0.0666667 1.5774 
-2.06667 0.133333 1.56975 
-2.06667 0.2 1.65549 
-2.06667 0.266667 1.80239 
-2.06667 0.333333 2.07673 
-2.06667 0.4 2.18399 
-2.06667 0.466667 2.18495 
-2.06667 0.533333 1.96655 
-2.06667 0.6 1.77625 
-2.06667 0.666667 1.69976 
-2.06667 0.733333 1.48327 
-2.06667 0.8 1.35389 
-2.06667 0.866667 1.25622 
-2.06667 0.933333 1.00099 
-2.06667 1 0.839048 
-2.06667 1.06667 0.715669 
-2.06667 1.13333 0.658277 
-2.06667 1.2 0.403888 
-2.06667 1.26667 0.530828 
-2.06667 1.33333 0.576925 
-2.06667 1.4 0.429239 
-2.06667 1.46667 0.536374 
-2.06667 1.53333 0.504993 
-2.06667 1.6 0.561195 
-2.06667 1.66667 0.643425 
-2.06667 1.73333 0.883837 
-2.06667 1.8 0.675237 
-2.06667 1.86667 0.919715 
-2.06667 1.93333 0.319537 
-2.06667 2 0.699245 
-2 -2 7.69893e-07 
-2 -1.93333 1.42239e-06 
-2 -1.86667 2.6277e-06 
-2 -1.8 4.85395e-06 
-2 -1.73333 8.96523e-06 
-2 -1.66667 1.6556e-05 
-2 -1.6 3.05667e-05 
-2 -1.53333 5.64168e-05 
-2 -1.46667 0.000104085 
-2 -1.4 0.000191919 
-2 -1.33333 0.000353601 
-2 -1.26667 0.000650805 
-2 -1.2 0.0011961 
-2 -1.13333 0.00219403 
-2 -1.06667 0.00401393 
-2 -1 0.00731714 
-2 -0.933333 0.0132739 
-2 -0.866667 0.0239215 
-2 -0.8 0.0427254 
-2 -0.733333 0.0753899 
-2 -0.666667 0.130861 
-2 -0.6 0.222174 
-2 -0.533333 0.366155 
-2 -0.466667 0.580007 
-2 -0.4 0.87218 
-2 -0.333333 1.22707 
-2 -0.266667 1.59218 
-2 -0.2 1.89056 
-2 -0.133333 2.07421 
-2 -0.0666667 2.16607 
-2 -4.16334e-16 2.19467 
-2 0.0666667 2.14801 
-2 0.133333 2.13775 
-2 0.2 2.25455 
-2 0.266667 2.45453 
-2 0.333333 2.82791 
-2 0.4 2.97373 
-2 0.466667 2.97472 
-2 0.533333 2.67713 
-2 0.6 2.41791 
-2 0.666667 2.3137 
-2 0.733333 2.01911 
-2 0.8 1.84294 
-2 0.866667 1.70994 
-2 0.933333 1.3627 
-2 1 1.14217 
-2 1.06667 0.974152 
-2 1.13333 0.896151 
-2 1.2 0.549861 
-2 1.26667 0.722394 
-2 1.33333 0.785494 
-2 1.4 0.584336 
-2 1.46667 0.730031 
-2 1.53333 0.687475 
-2 1.6 0.763894 
-2 1.66667 0.875773 
-2 1.73333 1.20337 
-2 1.8 0.919054 
-2 1.86667 1.25218 
-2 1.93333 0.434886 
-2 2 0.951953 
-1.93333 -2 1.04656e-06 
-1.93333 -1.93333 1.93353e-06 
-1.93333 -1.86667 3.572e-06 
-1.93333 -1.8 6.59827e-06 
-1.93333 -1.73333 1.2187e-05 
-1.93333 -1.66667 2.25055e-05 
-1.93333 -1.6 4.15513e-05 
-1.93333 -1.53333 7.66912e-05 
-1.93333 -1.46667 0.00014149 
-1.93333 -1.4 0.00026089 
-1.93333 -1.33333 0.000480679 
-1.93333 -1.26667 0.000884701 
-1.93333 -1.2 0.00162599 
-1.93333 -1.13333 0.00298262 
-1.93333 -1.06667 0.00545673 
-1.93333 -1 0.0099475 
-1.93333 -0.933333 0.0180462 
-1.93333 -0.866667 0.0325231 
-1.93333 -0.8 0.0580918 
-1.93333 -0.733333 0.102512 
-1.93333 -0.666667 0.177955 
-1.93333 -0.6 0.302164 
-1.93333 -0.533333 0.498049 
-1.93333 -0.466667 0.789058 
-1.93333 -0.4 1.18674 
-1.93333 -0.333333 1.6699 
-1.93333 -0.266667 2.16712 
-1.93333 -0.2 2.57362 
-1.93333 -0.133333 2.82406 
-1.93333 -0.0666667 2.94963 
-1.93333 -4.16334e-16 2.989 
-1.93333 0.0666667 2.92589 
-1.93333 0.133333 2.91217 
-1.93333 0.2 3.07133 
-1.93333 0.266667 3.34362 
-1.93333 0.333333 3.85192 
-1.93333 0.4 4.05014 
-1.93333 0.466667 4.05099 
-1.93333 0.533333 3.64535 
-1.93333 0.6 3.29212 
-1.93333 0.666667 3.15009 
-1.93333 0.733333 2.74915 
-1.93333 0.8 2.5092 
-1.93333 0.866667 2.32806 
-1.93333 0.933333 1.85556 
-1.93333 1 1.55517 
-1.93333 1.06667 1.32629 
-1.93333 1.13333 1.22028 
-1.93333 1.2 0.748781 
-1.93333 1.26667 0.983276 
-1.93333 1.33333 1.06975 
-1.93333 1.4 0.795667 
-1.93333 1.46667 0.993813 
-1.93333 1.53333 0.936126 
-1.93333 1.6 1.04004 
-1.93333 1.66667 1.19228 
-1.93333 1.73333 1.63885 
-1.93333 1.8 1.25117 
-1.93333 1.86667 1.70527 
-1.93333 1.93333 0.591992 
-1.93333 2 1.29631 
-1.86667 -2 1.42266e-06 
-1.86667 -1.93333 2.62837e-06 
-1.86667 -1.86667 4.85564e-06 
-1.86667 -1.8 8.96944e-06 
-1.86667 -1.73333 1.65665e-05 
-1.86667 -1.66667 3.05932e-05 
-1.86667 -1.6 5.64834e-05 
-1.86667 -1.53333 0.000104252 
-1.86667 -1.46667 0.000192338 
-1.86667 -1.4 0.000354649 
-1.86667 -1.33333 0.000653429 
-1.86667 -1.26667 0.00120266 
-1.86667 -1.2 0.00221039 
-1.86667 -1.13333 0.00405467 
-1.86667 -1.06667 0.00741823 
-1.86667 -1 0.0135236 
-1.86667 -0.933333 0.0245347 
-1.86667 -0.866667 0.044219 
-1.86667 -0.8 0.0789876 
-1.86667 -0.733333 0.139397 
-1.86667 -0.666667 0.242012 
-1.86667 -0.6 0.410985 
-1.86667 -0.533333 0.677525 
-1.86667 -0.466667 1.0736 
-1.86667 -0.4 1.61501 
-1.86667 -0.333333 2.27299 
-1.86667 -0.266667 2.95031 
-1.86667 -0.2 3.50431 
-1.86667 -0.133333 3.84601 
-1.86667 -0.0666667 4.0178 
-1.86667 -4.16334e-16 4.07214 
-1.86667 0.0666667 3.98684 
-1.86667 0.133333 3.96854 
-1.86667 0.2 4.18552 
-1.86667 0.266667 4.55638 
-1.86667 0.333333 5.24852 
-1.86667 0.4 5.51798 
-1.86667 0.466667 5.51834 
-1.86667 0.533333 4.96514 
-1.86667 0.6 4.48362 
-1.86667 0.666667 4.28998 
-1.86667 0.733333 3.74417 
-1.86667 0.8 3.41724 
-1.86667 0.866667 3.17046 
-1.86667 0.933333 2.52741 
-1.86667 1 2.11809 
-1.86667 1.06667 1.80619 
-1.86667 1.13333 1.66213 
-1.86667 1.2 1.01996 
-1.86667 1.26667 1.33866 
-1.86667 1.33333 1.45732 
-1.86667 1.4 1.08374 
-1.86667 1.46667 1.35323 
-1.86667 1.53333 1.27508 
-1.86667 1.6 1.41639 
-1.86667 1.66667 1.62358 
-1.86667 1.73333 2.23262 
-1.86667 1.8 1.70374 
-1.86667 1.86667 2.32301 
-1.86667 1.93333 0.806043 
-1.86667 2 1.76576 
-1.8 -2 1.9339e-06 
-1.8 -1.93333 3.57291e-06 
-1.8 -1.86667 6.60055e-06 
-1.8 -1.8 1.21927e-05 
-1.8 -1.73333 2.25199e-05 
-1.8 -1.66667 4.15873e-05 
-1.8 -1.6 7.67817e-05 
-1.8 -1.53333 0.000141717 
-1.8 -1.46667 0.000261459 
-1.8 -1.4 0.000482104 
-1.8 -1.33333 0.000888268 
-1.8 -1.26667 0.00163491 
-1.8 -1.2 0.00300486 
-1.8 -1.13333 0.00551212 
-1.8 -1.06667 0.0100849 
-1.8 -1 0.0183857 
-1.8 -0.933333 0.033357 
-1.8 -0.866667 0.0601228 
-1.8 -0.8 0.107404 
-1.8 -0.733333 0.189565 
-1.8 -0.666667 0.329152 
-1.8 -0.6 0.559052 
-1.8 -0.533333 0.92179 
-1.8 -0.466667 1.46097 
-1.8 -0.4 2.19824 
-1.8 -0.333333 3.09455 
-1.8 -0.266667 4.01755 
-1.8 -0.2 4.7729 
-1.8 -0.133333 5.2394 
-1.8 -0.0666667 5.47467 
-1.8 -4.16334e-16 5.54984 
-1.8 0.0666667 5.43467 
-1.8 0.133333 5.41036 
-1.8 0.2 5.70631 
-1.8 0.266667 6.21158 
-1.8 0.333333 7.15432 
-1.8 0.4 7.52061 
-1.8 0.466667 7.51984 
-1.8 0.533333 6.765 
-1.8 0.6 6.10829 
-1.8 0.666667 5.84413 
-1.8 0.733333 5.10095 
-1.8 0.8 4.65532 
-1.8 0.866667 4.31899 
-1.8 0.933333 3.44367 
-1.8 1 2.88569 
-1.8 1.06667 2.46048 
-1.8 1.13333 2.26471 
-1.8 1.2 1.38984 
-1.8 1.26667 1.82297 
-1.8 1.33333 1.98604 
-1.8 1.4 1.47659 
-1.8 1.46667 1.84317 
-1.8 1.53333 1.73733 
-1.8 1.6 1.92951 
-1.8 1.66667 2.21156 
-1.8 1.73333 3.04262 
-1.8 1.8 2.32066 
-1.8 1.86667 3.16567 
-1.8 1.93333 1.09779 
-1.8 2 2.40604 
-1.73333 -2 2.62886e-06 
-1.73333 -1.93333 4.85687e-06 
-1.73333 -1.86667 8.97254e-06 
-1.73333 -1.8 1.65743e-05 
-1.73333 -1.73333 3.06127e-05 
-1.73333 -1.66667 5.65324e-05 
-1.73333 -1.6 0.000104375 
-1.73333 -1.53333 0.000192646 
-1.73333 -1.46667 0.000355422 
-1.73333 -1.4 0.000655367 
-1.73333 -1.33333 0.00120751 
-1.73333 -1.26667 0.00222252 
-1.73333 -1.2 0.00408492 
-1.73333 -1.13333 0.00749353 
-1.73333 -1.06667 0.0137105 
-1.73333 -1 0.0249964 
-1.73333 -0.933333 0.0453528 
-1.73333 -0.866667 0.0817497 
-1.73333 -0.8 0.146052 
-1.73333 -0.733333 0.257805 
-1.73333 -0.666667 0.447705 
-1.73333 -0.6 0.760548 
-1.73333 -0.533333 1.2543 
-1.73333 -0.466667 1.98847 
-1.73333 -0.4 2.99275 
-1.73333 -0.333333 4.21415 
-1.73333 -0.266667 5.47246 
-1.73333 -0.2 6.50285 
-1.73333 -0.133333 7.14019 
-1.73333 -0.0666667 7.46279 
-1.73333 -4.16334e-16 7.56705 
-1.73333 0.0666667 7.41176 
-1.73333 0.133333 7.37961 
-1.73333 0.2 7.78349 
-1.73333 0.266667 8.47217 
-1.73333 0.333333 9.75665 
-1.73333 0.4 10.2546 
-1.73333 0.466667 10.2515 
-1.73333 0.533333 9.22089 
-1.73333 0.6 8.32474 
-1.73333 0.666667 7.96418 
-1.73333 0.733333 6.95196 
-1.73333 0.8 6.34429 
-1.73333 0.866667 5.8857 
-1.73333 0.933333 4.69392 
-1.73333 1 3.93295 
-1.73333 1.06667 3.35297 
-1.73333 1.13333 3.08697 
-1.73333 1.2 1.89462 
-1.73333 1.26667 2.48322 
-1.73333 1.33333 2.70771 
-1.73333 1.4 2.01262 
-1.73333 1.46667 2.51131 
-1.73333 1.53333 2.3681 
-1.73333 1.6 2.62947 
-1.73333 1.66667 3.01349 
-1.73333 1.73333 4.14826 
-1.73333 1.8 3.16205 
-1.73333 1.86667 4.31579 
-1.73333 1.93333 1.49561 
-1.73333 2 3.2798 
-1.66667 -2 3.57358e-06 
-1.66667 -1.93333 6.60223e-06 
-1.66667 -1.86667 1.21969e-05 
-1.66667 -1.8 2.25305e-05 
-1.66667 -1.73333 4.16139e-05 
-1.66667 -1.66667 7.68483e-05 
-1.66667 -1.6 0.000141884 
-1.66667 -1.53333 0.000261878 
-1.66667 -1.46667 0.000483155 
-1.66667 -1.4 0.000890901 
-1.66667 -1.33333 0.0016415 
-1.66667 -1.26667 0.00302134 
-1.66667 -1.2 0.00555324 
-1.66667 -1.13333 0.0101873 
-1.66667 -1.06667 0.0186398 
-1.66667 -1 0.0339847 
-1.66667 -0.933333 0.0616646 
-1.66667 -0.866667 0.111161 
-1.66667 -0.8 0.198617 
-1.66667 -0.733333 0.350638 
-1.66667 -0.666667 0.609021 
-1.66667 -0.6 1.0348 
-1.66667 -0.533333 1.70703 
-1.66667 -0.466667 2.707 
-1.66667 -0.4 4.07545 
-1.66667 -0.333333 5.74055 
-1.66667 -0.266667 7.4568 
-1.66667 -0.2 8.8632 
-1.66667 -0.133333 9.73469 
-1.66667 -0.0666667 10.1777 
-1.66667 -4.16334e-16 10.3227 
-1.66667 0.0666667 10.1136 
-1.66667 0.133333 10.0714 
-1.66667 0.2 10.6229 
-1.66667 0.266667 11.562 
-1.66667 0.333333 13.3128 
-1.66667 0.4 13.9896 
-1.66667 0.466667 13.9822 
-1.66667 0.533333 12.574 
-1.66667 0.6 11.3504 
-1.66667 0.666667 10.8579 
-1.66667 0.733333 9.47878 
-1.66667 0.8 8.64968 
-1.66667 0.866667 8.02408 
-1.66667 0.933333 6.40101 
-1.66667 1 5.36262 
-1.66667 1.06667 4.57112 
-1.66667 1.13333 4.2097 
-1.66667 1.2 2.58394 
-1.66667 1.26667 3.38378 
-1.66667 1.33333 3.69346 
-1.66667 1.4 2.74449 
-1.66667 1.46667 3.42296 
-1.66667 1.53333 3.22935 
-1.66667 1.6 3.58485 
-1.66667 1.66667 4.10787 
-1.66667 1.73333 5.65847 
-1.66667 1.8 4.3102 
-1.66667 1.86667 5.88664 
-1.66667 1.93333 2.03835 
-1.66667 2 4.47297 
-1.6 -2 4.85777e-06 
-1.6 -1.93333 8.97481e-06 
-1.6 -1.86667 1.658e-05 
-1.6 -1.8 3.06271e-05 
-1.6 -1.73333 5.65685e-05 
-1.6 -1.66667 0.000104465 
-1.6 -1.6 0.000192873 
-1.6 -1.53333 0.000355992 
-1.6 -1.46667 0.000656796 
-1.6 -1.4 0.00121109 
-1.6 -1.33333 0.00223148 
-1.6 -1.26667 0.00410732 
-1.6 -1.2 0.00754944 
-1.6 -1.13333 0.0138497 
-1.6 -1.06667 0.0253418 
-1.6 -1 0.0462064 
-1.6 -0.933333 0.0838464 
-1.6 -0.866667 0.151161 
-1.6 -0.8 0.270119 
-1.6 -0.733333 0.476941 
-1.6 -0.666667 0.82856 
-1.6 -0.6 1.40817 
-1.6 -0.533333 2.32364 
-1.6 -0.466667 3.68606 
-1.6 -0.4 5.55152 
-1.6 -0.333333 7.82257 
-1.6 -0.266667 10.1648 
-1.6 -0.2 12.0857 
-1.6 -0.133333 13.2785 
-1.6 -0.0666667 13.8878 
-1.6 -4.16334e-16 14.0902 
-1.6 0.0666667 13.8093 
-1.6 0.133333 13.7542 
-1.6 0.2 14.508 
-1.6 0.266667 15.7891 
-1.6 0.333333 18.1766 
-1.6 0.4 19.0966 
-1.6 0.466667 19.0814 
-1.6 0.533333 17.1556 
-1.6 0.6 15.4835 
-1.6 0.666667 14.8103 
-1.6 0.733333 12.9306 
-1.6 0.8 11.7987 
-1.6 0.866667 10.9447 
-1.6 0.933333 8.73361 
-1.6 1 7.31574 
-1.6 1.06667 6.23484 
-1.6 1.13333 5.74384 
-1.6 1.2 3.526 
-1.6 1.26667 4.61281 
-1.6 1.33333 5.04099 
-1.6 1.4 3.74447 
-1.6 1.46667 4.66769 
-1.6 1.53333 4.40619 
-1.6 1.6 4.88975 
-1.6 1.66667 5.60232 
-1.6 1.73333 7.72299 
-1.6 1.8 5.87795 
-1.6 1.86667 8.03382 
-1.6 1.93333 2.77925 
-1.6 2 6.10353 
-1.53333 -2 6.60346e-06 
-1.53333 -1.93333 1.22e-05 
-1.53333 -1.86667 2.25383e-05 
-1.53333 -1.8 4.16334e-05 
-1.53333 -1.73333 7.68973e-05 
-1.53333 -1.66667 0.000142007 
-1.53333 -1.6 0.000262187 
-1.53333 -1.53333 0.00048393 
-1.53333 -1.46667 0.000892844 
-1.53333 -1.4 0.00164637 
-1.53333 -1.33333 0.00303353 
-1.53333 -1.26667 0.0055837 
-1.53333 -1.2 0.0102633 
-1.53333 -1.13333 0.018829 
-1.53333 -1.06667 0.0344544 
-1.53333 -1 0.0628253 
-1.53333 -0.933333 0.114012 
-1.53333 -0.866667 0.205566 
-1.53333 -0.8 0.36739 
-1.53333 -0.733333 0.648808 
-1.53333 -0.666667 1.12739 
-1.53333 -0.6 1.9166 
-1.53333 -0.533333 3.1637 
-1.53333 -0.466667 5.02068 
-1.53333 -0.4 7.56483 
-1.53333 -0.333333 10.6641 
-1.53333 -0.266667 13.8626 
-1.53333 -0.2 16.4885 
-1.53333 -0.133333 18.123 
-1.53333 -0.0666667 18.9626 
-1.53333 -4.16334e-16 19.2463 
-1.53333 0.0666667 18.8696 
-1.53333 0.133333 18.7985 
-1.53333 0.2 19.8295 
-1.53333 0.266667 21.5784 
-1.53333 0.333333 24.8359 
-1.53333 0.4 26.0865 
-1.53333 0.466667 26.0574 
-1.53333 0.533333 23.4212 
-1.53333 0.6 21.1341 
-1.53333 0.666667 20.213 
-1.53333 0.733333 17.6499 
-1.53333 0.8 16.1035 
-1.53333 0.866667 14.937 
-1.53333 0.933333 11.9237 
-1.53333 1 9.98621 
-1.53333 1.06667 8.50895 
-1.53333 1.13333 7.84198 
-1.53333 1.2 4.81464 
-1.53333 1.26667 6.29124 
-1.53333 1.33333 6.88483 
-1.53333 1.4 5.11196 
-1.53333 1.46667 6.3684 
-1.53333 1.53333 6.01566 
-1.53333 1.6 6.67349 
-1.53333 1.66667 7.64464 
-1.53333 1.73333 10.5479 
-1.53333 1.8 8.02028 
-1.53333 1.86667 10.9715 
-1.53333 1.93333 3.79138 
-1.53333 2 8.33384 
-1.46667 -2 8.97649e-06 
-1.46667 -1.93333 1.65842e-05 
-1.46667 -1.86667 3.06377e-05 
-1.46667 -1.8 5.6595e-05 
-1.46667 -1.73333 0.000104532 
-1.46667 -1.66667 0.000193041 
-1.46667 -1.6 0.000356412 
-1.46667 -1.53333 0.000657849 
-1.46667 -1.46667 0.00121373 
-1.46667 -1.4 0.00223809 
-1.46667 -1.33333 0.00412389 
-1.46667 -1.26667 0.00759084 
-1.46667 -1.2 0.013953 
-1.46667 -1.13333 0.0255991 
-1.46667 -1.06667 0.0468451 
-1.46667 -1 0.0854249 
-1.46667 -0.933333 0.155039 
-1.46667 -0.866667 0.279573 
-1.46667 -0.8 0.499736 
-1.46667 -0.733333 0.882714 
-1.46667 -0.666667 1.53425 
-1.46667 -0.6 2.60914 
-1.46667 -0.533333 4.30861 
-1.46667 -0.466667 6.84081 
-1.46667 -0.4 10.3125 
-1.46667 -0.333333 14.5449 
-1.46667 -0.266667 18.9161 
-1.46667 -0.2 22.509 
-1.46667 -0.133333 24.7517 
-1.46667 -0.0666667 25.9112 
-1.46667 -4.16334e-16 26.3105 
-1.46667 0.0666667 25.807 
-1.46667 0.133333 25.7163 
-1.46667 0.2 27.1282 
-1.46667 0.266667 29.5174 
-1.46667 0.333333 33.9646 
-1.46667 0.4 35.6643 
-1.46667 0.466667 35.6115 
-1.46667 0.533333 31.9984 
-1.46667 0.6 28.867 
-1.46667 0.666667 27.6053 
-1.46667 0.733333 24.1085 
-1.46667 0.8 21.9939 
-1.46667 0.866667 20.3992 
-1.46667 0.933333 16.2909 
-1.46667 1 13.6411 
-1.46667 1.06667 11.6203 
-1.46667 1.13333 10.7144 
-1.46667 1.2 6.57922 
-1.46667 1.26667 8.58516 
-1.46667 1.33333 9.41059 
-1.46667 1.4 6.98393 
-1.46667 1.46667 8.69417 
-1.46667 1.53333 8.21904 
-1.46667 1.6 9.11404 
-1.46667 1.66667 10.4382 
-1.46667 1.73333 14.4177 
-1.46667 1.8 10.9504 
-1.46667 1.86667 14.9952 
-1.46667 1.93333 5.17519 
-1.46667 2 11.3877 
-1.4 -2 1.22023e-05 
-1.4 -1.93333 2.2544e-05 
-1.4 -1.86667 4.16478e-05 
-1.4 -1.8 7.69334e-05 
-1.4 -1.73333 0.000142098 
-1.4 -1.66667 0.000262415 
-1.4 -1.6 0.000484501 
-1.4 -1.53333 0.000894276 
-1.4 -1.46667 0.00164996 
-1.4 -1.4 0.00304252 
-1.4 -1.33333 0.00560622 
-1.4 -1.26667 0.0103196 
-1.4 -1.2 0.0189695 
-1.4 -1.13333 0.0348043 
-1.4 -1.06667 0.0636939 
-1.4 -1 0.116159 
-1.4 -0.933333 0.210842 
-1.4 -0.866667 0.380253 
-1.4 -0.8 0.67983 
-1.4 -0.733333 1.20112 
-1.4 -0.666667 2.08833 
-1.4 -0.6 3.5528 
-1.4 -0.533333 5.8697 
-1.4 -0.466667 9.32446 
-1.4 -0.4 14.0649 
-1.4 -0.333333 19.8491 
-1.4 -0.266667 25.8286 
-1.4 -0.2 30.7499 
-1.4 -0.133333 33.8319 
-1.4 -0.0666667 35.4374 
-1.4 -4.16334e-16 36.0022 
-1.4 0.0666667 35.3315 
-1.4 0.133333 35.2179 
-1.4 0.2 37.1537 
-1.4 0.266667 40.4204 
-1.4 0.333333 46.4963 
-1.4 0.4 48.8063 
-1.4 0.466667 48.7129 
-1.4 0.533333 43.7541 
-1.4 0.6 39.4615 
-1.4 0.666667 37.731 
-1.4 0.733333 32.9574 
-1.4 0.8 30.0629 
-1.4 0.866667 27.8807 
-1.4 0.933333 22.2769 
-1.4 1 18.649 
-1.4 1.06667 15.8816 
-1.4 1.13333 14.6516 
-1.4 1.2 8.99852 
-1.4 1.26667 11.7231 
-1.4 1.33333 12.875 
-1.4 1.4 9.5495 
-1.4 1.46667 11.8779 
-1.4 1.53333 11.2391 
-1.4 1.6 12.4569 
-1.4 1.66667 14.2633 
-1.4 1.73333 19.7257 
-1.4 1.8 14.962 
-1.4 1.86667 20.5133 
-1.4 1.93333 7.069 
-1.4 2 15.5743 
-1.33333 -2 1.65873e-05 
-1.33333 -1.93333 3.06455e-05 
-1.33333 -1.86667 5.66146e-05 
-1.33333 -1.8 0.000104581 
-1.33333 -1.73333 0.000193164 
-1.33333 -1.66667 0.000356722 
-1.33333 -1.6 0.000658625 
-1.33333 -1.53333 0.00121568 
-1.33333 -1.46667 0.00224298 
-1.33333 -1.4 0.00413612 
-1.33333 -1.33333 0.00762146 
-1.33333 -1.26667 0.0140296 
-1.33333 -1.2 0.0257902 
-1.33333 -1.13333 0.0473208 
-1.33333 -1.06667 0.086606 
-1.33333 -1 0.157959 
-1.33333 -0.933333 0.28675 
-1.33333 -0.866667 0.517239 
-1.33333 -0.8 0.924943 
-1.33333 -0.733333 1.63465 
-1.33333 -0.666667 2.84313 
-1.33333 -0.6 4.83913 
-1.33333 -0.533333 7.99933 
-1.33333 -0.466667 12.7157 
-1.33333 -0.4 19.1936 
-1.33333 -0.333333 27.1056 
-1.33333 -0.266667 35.2938 
-1.33333 -0.2 42.0434 
-1.33333 -0.133333 46.2866 
-1.33333 -0.0666667 48.5162 
-1.33333 -4.16334e-16 49.3195 
-1.33333 0.0666667 48.4299 
-1.33333 0.133333 48.2915 
-1.33333 0.2 50.9496 
-1.33333 0.266667 55.4205 
-1.33333 0.333333 63.7285 
-1.33333 0.4 66.8676 
-1.33333 0.466667 66.7057 
-1.33333 0.533333 59.8889 
-1.33333 0.6 53.9959 
-1.33333 0.666667 51.6187 
-1.33333 0.733333 45.0976 
-1.33333 0.8 41.1308 
-1.33333 0.866667 38.1414 
-1.33333 0.933333 30.4931 
-1.33333 1 25.5201 
-1.33333 1.06667 21.7256 
-1.33333 1.13333 20.0559 
-1.33333 1.2 12.3203 
-1.33333 1.26667 16.0203 
-1.33333 1.33333 17.634 
-1.33333 1.4 13.0706 
-1.33333 1.46667 16.2414 
-1.33333 1.53333 15.3845 
-1.33333 1.6 17.0417 
-1.33333 1.66667 19.5074 
-1.33333 1.73333 27.0175 
-1.33333 1.8 20.4611 
-1.33333 1.86667 28.0923 
-1.33333 1.93333 9.66371 
-1.33333 2 21.322 
-1.26667 -2 2.25482e-05 
-1.26667 -1.93333 4.16584e-05 
-1.26667 -1.86667 7.696e-05 
-1.26667 -1.8 0.000142164 
-1.26667 -1.73333 0.000262582 
-1.26667 -1.66667 0.000484921 
-1.26667 -1.6 0.000895331 
-1.26667 -1.53333 0.0016526 
-1.26667 -1.46667 0.00304916 
-1.26667 -1.4 0.00562284 
-1.26667 -1.33333 0.0103612 
-1.26667 -1.26667 0.0190736 
-1.26667 -1.2 0.035064 
-1.26667 -1.13333 0.0643408 
-1.26667 -1.06667 0.117765 
-1.26667 -1 0.214814 
-1.26667 -0.933333 0.390017 
-1.26667 -0.866667 0.703651 
-1.26667 -0.8 1.25861 
-1.26667 -0.733333 2.22509 
-1.26667 -0.666667 3.87173 
-1.26667 -0.6 6.59341 
-1.26667 -0.533333 10.9063 
-1.26667 -0.466667 17.3496 
-1.26667 -0.4 26.2096 
-1.26667 -0.333333 37.044 
-1.26667 -0.266667 48.2705 
-1.26667 -0.2 57.5417 
-1.26667 -0.133333 63.396 
-1.26667 -0.0666667 66.503 
-1.26667 -4.16334e-16 67.6525 
-1.26667 0.0666667 66.4796 
-1.26667 0.133333 66.3172 
-1.26667 0.2 69.9735 
-1.26667 0.266667 76.0996 
-1.26667 0.333333 87.4713 
-1.26667 0.4 91.7363 
-1.26667 0.466667 91.4595 
-1.26667 0.533333 82.0706 
-1.26667 0.6 73.9667 
-1.26667 0.666667 70.6956 
-1.26667 0.733333 61.7795 
-1.26667 0.8 56.3356 
-1.26667 0.866667 52.2347 
-1.26667 0.933333 41.7893 
-1.26667 1 34.9627 
-1.26667 1.06667 29.752 
-1.26667 1.13333 27.4861 
-1.26667 1.2 16.8889 
-1.26667 1.26667 21.9123 
-1.26667 1.33333 24.1834 
-1.26667 1.4 17.9108 
-1.26667 1.46667 22.23 
-1.26667 1.53333 21.0837 
-1.26667 1.6 23.3393 
-1.26667 1.66667 26.7074 
-1.26667 1.73333 37.0526 
-1.26667 1.8 28.0098 
-1.26667 1.86667 38.5203 
-1.26667 1.93333 13.2235 
-1.26667 2 29.2265 
-1.2 -2 3.06512e-05 
-1.2 -1.93333 5.6629e-05 
-1.2 -1.86667 0.000104617 
-1.2 -1.8 0.000193254 
-1.2 -1.73333 0.000356949 
-1.2 -1.66667 0.000659197 
-1.2 -1.6 0.00121711 
-1.2 -1.53333 0.00224657 
-1.2 -1.46667 0.00414514 
-1.2 -1.4 0.00764406 
-1.2 -1.33333 0.0140862 
-1.2 -1.26667 0.0259316 
-1.2 -1.2 0.047674 
-1.2 -1.13333 0.0874858 
-1.2 -1.06667 0.160144 
-1.2 -1 0.292153 
-1.2 -0.933333 0.530526 
-1.2 -0.866667 0.957368 
-1.2 -0.8 1.71295 
-1.2 -0.733333 3.0295 
-1.2 -0.666667 5.27406 
-1.2 -0.6 8.98716 
-1.2 -0.533333 14.8772 
-1.2 -0.466667 23.6873 
-1.2 -0.4 35.818 
-1.2 -0.333333 50.6727 
-1.2 -0.266667 66.0877 
-1.2 -0.2 78.8451 
-1.2 -0.133333 86.9426 
-1.2 -0.0666667 91.2893 
-1.2 -4.16334e-16 92.9453 
-1.2 0.0666667 91.4104 
-1.2 0.133333 91.2322 
-1.2 0.2 96.2719 
-1.2 0.266667 104.678 
-1.2 0.333333 120.261 
-1.2 0.4 126.054 
-1.2 0.466667 125.585 
-1.2 0.533333 112.625 
-1.2 0.6 101.458 
-1.2 0.666667 96.9474 
-1.2 0.733333 84.7449 
-1.2 0.8 77.2613 
-1.2 0.866667 71.6268 
-1.2 0.933333 57.3502 
-1.2 1 47.9632 
-1.2 1.06667 40.7953 
-1.2 1.13333 37.7217 
-1.2 1.2 23.1849 
-1.2 1.26667 30.0027 
-1.2 1.33333 33.2156 
-1.2 1.4 24.5773 
-1.2 1.46667 30.4625 
-1.2 1.53333 28.9344 
-1.2 1.6 32.0048 
-1.2 1.66667 36.6093 
-1.2 1.73333 50.8926 
-1.2 1.8 38.3897 
-1.2 1.86667 52.8981 
-1.2 1.93333 18.1149 
-1.2 2 40.1185 
-1.13333 -2 4.16662e-05 
-1.13333 -1.93333 7.69796e-05 
-1.13333 -1.86667 0.000142213 
-1.13333 -1.8 0.000262706 
-1.13333 -1.73333 0.000485231 
-1.13333 -1.66667 0.000896108 
-1.13333 -1.6 0.00165455 
-1.13333 -1.53333 0.00305405 
-1.13333 -1.46667 0.0056351 
-1.13333 -1.4 0.010392 
-1.13333 -1.33333 0.0191505 
-1.13333 -1.26667 0.0352564 
-1.13333 -1.2 0.0648211 
-1.13333 -1.13333 0.118962 
-1.13333 -1.06667 0.217786 
-1.13333 -1 0.397369 
-1.13333 -0.933333 0.721735 
-1.13333 -0.866667 1.30276 
-1.13333 -0.8 2.33176 
-1.13333 -0.733333 4.1258 
-1.13333 -0.666667 7.18684 
-1.13333 -0.6 12.2556 
-1.13333 -0.533333 20.3058 
-1.13333 -0.466667 32.3643 
-1.13333 -0.4 48.9937 
-1.13333 -0.333333 69.3907 
-1.13333 -0.266667 90.5934 
-1.13333 -0.2 108.185 
-1.13333 -0.133333 119.417 
-1.13333 -0.0666667 125.526 
-1.13333 -4.16334e-16 127.93 
-1.13333 0.0666667 125.942 
-1.13333 0.133333 125.769 
-1.13333 0.2 132.733 
-1.13333 0.266667 144.286 
-1.13333 0.333333 165.67 
-1.13333 0.4 173.536 
-1.13333 0.466667 172.747 
-1.13333 0.533333 154.808 
-1.13333 0.6 139.385 
-1.13333 0.666667 133.15 
-1.13333 0.733333 116.43 
-1.13333 0.8 106.122 
-1.13333 0.866667 98.3658 
-1.13333 0.933333 78.8351 
-1.13333 1 65.9017 
-1.13333 1.06667 56.0209 
-1.13333 1.13333 51.8542 
-1.13333 1.2 31.8822 
-1.13333 1.26667 41.1311 
-1.13333 1.33333 45.703 
-1.13333 1.4 33.7798 
-1.13333 1.46667 41.8015 
-1.13333 1.53333 39.7738 
-1.13333 1.6 43.9537 
-1.13333 1.66667 50.2546 
-1.13333 1.73333 70.0276 
-1.13333 1.8 52.6906 
-1.13333 1.86667 72.7703 
-1.13333 1.93333 24.8485 
-1.13333 2 55.1624 
-1.06667 -2 5.66396e-05 
-1.06667 -1.93333 0.000104644 
-1.06667 -1.86667 0.000193321 
-1.06667 -1.8 0.000357117 
-1.06667 -1.73333 0.000659617 
-1.06667 -1.66667 0.00121817 
-1.06667 -1.6 0.00224922 
-1.06667 -1.53333 0.00415178 
-1.06667 -1.46667 0.00766073 
-1.06667 -1.4 0.0141279 
-1.06667 -1.33333 0.0260362 
-1.06667 -1.26667 0.0479356 
-1.06667 -1.2 0.088139 
-1.06667 -1.13333 0.161771 
-1.06667 -1.06667 0.296196 
-1.06667 -1 0.54053 
-1.06667 -0.933333 0.981985 
-1.06667 -0.866667 1.77308 
-1.06667 -0.8 3.17486 
-1.06667 -0.733333 5.62058 
-1.06667 -0.666667 9.79736 
-1.06667 -0.6 16.7217 
-1.06667 -0.533333 27.7346 
-1.06667 -0.466667 44.2585 
-1.06667 -0.4 67.0882 
-1.06667 -0.333333 95.1442 
-1.06667 -0.266667 124.367 
-1.06667 -0.2 148.683 
-1.06667 -0.133333 164.319 
-1.06667 -0.0666667 172.95 
-1.06667 -4.16334e-16 176.468 
-1.06667 0.0666667 173.927 
-1.06667 0.133333 173.809 
-1.06667 0.2 183.46 
-1.06667 0.266667 199.368 
-1.06667 0.333333 228.76 
-1.06667 0.4 239.436 
-1.06667 0.466667 238.113 
-1.06667 0.533333 213.206 
-1.06667 0.6 191.844 
-1.06667 0.666667 183.199 
-1.06667 0.733333 160.258 
-1.06667 0.8 146.026 
-1.06667 0.866667 135.326 
-1.06667 0.933333 108.58 
-1.06667 1 90.7182 
-1.06667 1.06667 77.0639 
-1.06667 1.13333 71.4201 
-1.06667 1.2 43.9299 
-1.06667 1.26667 56.4692 
-1.06667 1.33333 63.0181 
-1.06667 1.4 46.5167 
-1.06667 1.46667 57.4547 
-1.06667 1.53333 54.7798 
-1.06667 1.6 60.4707 
-1.06667 1.66667 69.103 
-1.06667 1.73333 96.562 
-1.06667 1.8 72.4394 
-1.06667 1.86667 100.316 
-1.06667 1.93333 34.1381 
-1.06667 2 75.9984 
-1 -2 7.6994e-05 
-1 -1.93333 0.00014225 
-1 -1.86667 0.000262796 
-1 -1.8 0.000485459 
-1 -1.73333 0.00089668 
-1 -1.66667 0.00165599 
-1 -1.6 0.00305765 
-1 -1.53333 0.00564414 
-1 -1.46667 0.0104146 
-1 -1.4 0.0192073 
-1 -1.33333 0.0353986 
-1 -1.26667 0.0651769 
-1 -1.2 0.11985 
-1 -1.13333 0.219999 
-1 -1.06667 0.40287 
-1 -1 0.73535 
-1 -0.933333 1.33628 
-1 -0.866667 2.41367 
-1 -0.8 4.32398 
-1 -0.733333 7.65971 
-1 -0.666667 13.3626 
-1 -0.6 22.8298 
-1 -0.533333 37.9122 
-1 -0.466667 60.5865 
-1 -0.4 91.9824 
-1 -0.333333 130.653 
-1 -0.266667 171.028 
-1 -0.2 204.736 
-1 -0.133333 226.589 
-1 -0.0666667 238.858 
-1 -4.16334e-16 244.052 
-1 0.0666667 240.87 
-1 0.133333 240.904 
-1 0.2 254.324 
-1 0.266667 276.281 
-1 0.333333 316.758 
-1 0.4 331.235 
-1 0.466667 329.023 
-1 0.533333 294.311 
-1 0.6 264.626 
-1 0.666667 252.597 
-1 0.733333 221.07 
-1 0.8 201.365 
-1 0.866667 186.566 
-1 0.933333 149.893 
-1 1 125.156 
-1 1.06667 106.231 
-1 1.13333 98.5947 
-1 1.2 60.6738 
-1 1.26667 77.6603 
-1 1.33333 87.1113 
-1 1.4 64.2011 
-1 1.46667 79.1213 
-1 1.53333 75.6202 
-1 1.6 83.3687 
-1 1.66667 95.211 
-1 1.73333 133.486 
-1 1.8 99.7866 
-1 1.86667 138.629 
-1 1.93333 46.9866 
-1 2 104.951 
-0.933333 -2 0.000104663 
-0.933333 -1.93333 0.00019337 
-0.933333 -1.86667 0.00035724 
-0.933333 -1.8 0.000659927 
-0.933333 -1.73333 0.00121895 
-0.933333 -1.66667 0.00225117 
-0.933333 -1.6 0.00415668 
-0.933333 -1.53333 0.00767302 
-0.933333 -1.46667 0.0141587 
-0.933333 -1.4 0.0261135 
-0.933333 -1.33333 0.048129 
-0.933333 -1.26667 0.0886228 
-0.933333 -1.2 0.16298 
-0.933333 -1.13333 0.299208 
-0.933333 -1.06667 0.548015 
-0.933333 -1 1.00052 
-0.933333 -0.933333 1.81873 
-0.933333 -0.866667 3.28649 
-0.933333 -0.8 5.8909 
-0.933333 -0.733333 10.4431 
-0.933333 -0.666667 18.2355 
-0.933333 -0.6 31.1922 
-0.933333 -0.533333 51.8746 
-0.933333 -0.466667 83.0399 
-0.933333 -0.4 126.304 
-0.933333 -0.333333 179.736 
-0.933333 -0.266667 235.676 
-0.933333 -0.2 282.567 
-0.933333 -0.133333 313.252 
-0.933333 -0.0666667 330.815 
-0.933333 -4.16334e-16 338.562 
-0.933333 0.0666667 334.694 
-0.933333 0.133333 335.068 
-0.933333 0.2 353.809 
-0.933333 0.266667 384.196 
-0.933333 0.333333 440.064 
-0.933333 0.4 459.674 
-0.933333 0.466667 455.975 
-0.933333 0.533333 407.387 
-0.933333 0.6 365.969 
-0.933333 0.666667 349.165 
-0.933333 0.733333 305.756 
-0.933333 0.8 278.38 
-0.933333 0.866667 257.846 
-0.933333 0.933333 207.491 
-0.933333 1 173.118 
-0.933333 1.06667 146.798 
-0.933333 1.13333 136.48 
-0.933333 1.2 84.035 
-0.933333 1.26667 107.02 
-0.933333 1.33333 120.775 
-0.933333 1.4 88.846 
-0.933333 1.46667 109.207 
-0.933333 1.53333 104.673 
-0.933333 1.6 115.223 
-0.933333 1.66667 131.495 
-0.933333 1.73333 185.08 
-0.933333 1.8 137.779 
-0.933333 1.86667 192.134 
-0.933333 1.93333 64.811 
-0.933333 2 145.337 
-0.866667 -2 0.000142276 
-0.866667 -1.93333 0.000262863 
-0.866667 -1.86667 0.000485626 
-0.866667 -1.8 0.000897101 
-0.866667 -1.73333 0.00165704 
-0.866667 -1.66667 0.0030603 
-0.866667 -1.6 0.0056508 
-0.866667 -1.53333 0.0104313 
-0.866667 -1.46667 0.0192492 
-0.866667 -1.4 0.0355037 
-0.866667 -1.33333 0.0654399 
-0.866667 -1.26667 0.120508 
-0.866667 -1.2 0.221643 
-0.866667 -1.13333 0.406968 
-0.866667 -1.06667 0.745538 
-0.866667 -1 1.36152 
-0.866667 -0.933333 2.47587 
-0.866667 -0.866667 4.47619 
-0.866667 -0.8 8.02866 
-0.866667 -0.733333 14.2451 
-0.866667 -0.666667 24.9021 
-0.866667 -0.6 42.6552 
-0.866667 -0.533333 71.0599 
-0.866667 -0.466667 113.979 
-0.866667 -0.4 173.743 
-0.866667 -0.333333 247.786 
-0.866667 -0.266667 325.557 
-0.866667 -0.2 391.049 
-0.866667 -0.133333 434.379 
-0.866667 -0.0666667 459.722 
-0.866667 -4.16334e-16 471.403 
-0.866667 0.0666667 466.925 
-0.866667 0.133333 467.99 
-0.866667 0.2 494.294 
-0.866667 0.266667 536.488 
-0.866667 0.333333 613.806 
-0.866667 0.4 640.325 
-0.866667 0.466667 634.128 
-0.866667 0.533333 565.76 
-0.866667 0.6 507.696 
-0.866667 0.666667 484.106 
-0.866667 0.733333 424.2 
-0.866667 0.8 386.012 
-0.866667 0.866667 357.415 
-0.866667 0.933333 288.16 
-0.866667 1 240.208 
-0.866667 1.06667 203.446 
-0.866667 1.13333 189.535 
-0.866667 1.2 116.78 
-0.866667 1.26667 147.834 
-0.866667 1.33333 168.042 
-0.866667 1.4 123.343 
-0.866667 1.46667 151.14 
-0.866667 1.53333 145.356 
-0.866667 1.6 159.717 
-0.866667 1.66667 182.118 
-0.866667 1.73333 257.533 
-0.866667 1.8 190.764 
-0.866667 1.86667 267.217 
-0.866667 1.93333 89.6264 
-0.866667 2 201.932 
-0.8 -2 0.000193406 
-0.8 -1.93333 0.000357331 
-0.8 -1.86667 0.000660155 
-0.8 -1.8 0.00121952 
-0.8 -1.73333 0.00225261 
-0.8 -1.66667 0.00416029 
-0.8 -1.6 0.00768207 
-0.8 -1.53333 0.0141815 
-0.8 -1.46667 0.0261704 
-0.8 -1.4 0.0482718 
-0.8 -1.33333 0.0889804 
-0.8 -1.26667 0.163875 
-0.8 -1.2 0.301444 
-0.8 -1.13333 0.553592 
-0.8 -1.06667 1.01439 
-0.8 -1 1.8531 
-0.8 -0.933333 3.37126 
-0.8 -0.866667 6.09854 
-0.8 -0.8 10.947 
-0.8 -0.733333 19.4426 
-0.8 -0.666667 34.0324 
-0.8 -0.6 58.3911 
-0.8 -0.533333 97.472 
-0.8 -0.466667 156.716 
-0.8 -0.4 239.511 
-0.8 -0.333333 342.472 
-0.8 -0.266667 451.032 
-0.8 -0.2 542.946 
-0.8 -0.133333 604.536 
-0.8 -0.0666667 641.449 
-0.8 -4.16334e-16 659.272 
-0.8 0.0666667 654.526 
-0.8 0.133333 656.938 
-0.8 0.2 694.081 
-0.8 0.266667 752.903 
-0.8 0.333333 860.246 
-0.8 0.4 896.021 
-0.8 0.466667 885.603 
-0.8 0.533333 788.797 
-0.8 0.6 706.932 
-0.8 0.666667 673.619 
-0.8 0.733333 590.724 
-0.8 0.8 537.189 
-0.8 0.866667 497.185 
-0.8 0.933333 401.756 
-0.8 1 334.54 
-0.8 1.06667 282.935 
-0.8 1.13333 264.234 
-0.8 1.2 162.933 
-0.8 1.26667 204.795 
-0.8 1.33333 234.804 
-0.8 1.4 171.885 
-0.8 1.46667 209.849 
-0.8 1.53333 202.63 
-0.8 1.6 222.17 
-0.8 1.66667 253.079 
-0.8 1.73333 359.878 
-0.8 1.8 264.997 
-0.8 1.86667 373.189 
-0.8 1.93333 124.321 
-0.8 2 281.677 
-0.733333 -2 0.000262912 
-0.733333 -1.93333 0.00048575 
-0.733333 -1.86667 0.000897411 
-0.733333 -1.8 0.00165782 
-0.733333 -1.73333 0.00306226 
-0.733333 -1.66667 0.00565571 
-0.733333 -1.6 0.0104437 
-0.733333 -1.53333 0.0192801 
-0.733333 -1.46667 0.0355811 
-0.733333 -1.4 0.0656341 
-0.733333 -1.33333 0.120995 
-0.733333 -1.26667 0.22286 
-0.733333 -1.2 0.41001 
-0.733333 -1.13333 0.753128 
-0.733333 -1.06667 1.3804 
-0.733333 -1 2.5227 
-0.733333 -0.933333 4.59177 
-0.733333 -0.866667 8.31208 
-0.733333 -0.8 14.9338 
-0.733333 -0.733333 26.555 
-0.733333 -0.666667 46.5535 
-0.733333 -0.6 80.0301 
-0.733333 -0.533333 133.915 
-0.733333 -0.466667 215.918 
-0.733333 -0.4 331.017 
-0.733333 -0.333333 474.79 
-0.733333 -0.266667 627.064 
-0.733333 -0.2 756.806 
-0.733333 -0.133333 845.036 
-0.733333 -0.0666667 899.384 
-0.733333 -4.16334e-16 926.939 
-0.733333 0.0666667 922.832 
-0.733333 0.133333 927.797 
-0.733333 0.2 980.638 
-0.733333 0.266667 1063.03 
-0.733333 0.333333 1212.63 
-0.733333 0.4 1260.71 
-0.733333 0.466667 1243.1 
-0.733333 0.533333 1104.99 
-0.733333 0.6 988.766 
-0.733333 0.666667 941.39 
-0.733333 0.733333 826.316 
-0.733333 0.8 750.811 
-0.733333 0.866667 694.545 
-0.733333 0.933333 562.764 
-0.733333 1 468.002 
-0.733333 1.06667 395.115 
-0.733333 1.13333 370.081 
-0.733333 1.2 228.415 
-0.733333 1.26667 284.668 
-0.733333 1.33333 329.769 
-0.733333 1.4 240.621 
-0.733333 1.46667 292.486 
-0.733333 1.53333 283.778 
-0.733333 1.6 310.342 
-0.733333 1.66667 353.106 
-0.733333 1.73333 505.483 
-0.733333 1.8 369.574 
-0.733333 1.86667 523.795 
-0.733333 1.93333 173.07 
-0.733333 2 394.782 
-0.666667 -2 0.000357398 
-0.666667 -1.93333 0.000660323 
-0.666667 -1.86667 0.00121994 
-0.666667 -1.8 0.00225367 
-0.666667 -1.73333 0.00416295 
-0.666667 -1.66667 0.00768874 
-0.666667 -1.6 0.0141982 
-0.666667 -1.53333 0.0262124 
-0.666667 -1.46667 0.0483772 
-0.666667 -1.4 0.0892445 
-0.666667 -1.33333 0.164536 
-0.666667 -1.26667 0.3031 
-0.666667 -1.2 0.557732 
-0.666667 -1.13333 1.02472 
-0.666667 -1.06667 1.87882 
-0.666667 -1 3.43509 
-0.666667 -0.933333 6.25622 
-0.666667 -0.866667 11.3341 
-0.666667 -0.8 20.385 
-0.666667 -0.733333 36.2988 
-0.666667 -0.666667 63.7507 
-0.666667 -0.6 109.847 
-0.666667 -0.533333 184.334 
-0.666667 -0.466667 298.217 
-0.666667 -0.4 458.892 
-0.666667 -0.333333 660.667 
-0.666667 -0.266667 875.508 
-0.666667 -0.2 1059.91 
-0.666667 -0.133333 1187.49 
-0.666667 -0.0666667 1268.51 
-0.666667 -4.16334e-16 1311.74 
-0.666667 0.0666667 1310.32 
-0.666667 0.133333 1320.07 
-0.666667 0.2 1395.94 
-0.666667 0.266667 1512.04 
-0.666667 0.333333 1721.45 
-0.666667 0.4 1785.69 
-0.666667 0.466667 1755.72 
-0.666667 0.533333 1556.89 
-0.666667 0.6 1390.47 
-0.666667 0.666667 1322.52 
-0.666667 0.733333 1162.16 
-0.666667 0.8 1054.87 
-0.666667 0.866667 975.208 
-0.666667 0.933333 792.776 
-0.666667 1 658.248 
-0.666667 1.06667 554.528 
-0.666667 1.13333 521.228 
-0.666667 1.2 322.061 
-0.666667 1.26667 397.301 
-0.666667 1.33333 466.011 
-0.666667 1.4 338.691 
-0.666667 1.46667 409.552 
-0.666667 1.53333 399.638 
-0.666667 1.6 435.697 
-0.666667 1.66667 495.057 
-0.666667 1.73333 714.419 
-0.666667 1.8 517.872 
-0.666667 1.86667 739.626 
-0.666667 1.93333 241.979 
-0.666667 2 556.474 
-0.6 -2 0.000485841 
-0.6 -1.93333 0.000897638 
-0.6 -1.86667 0.00165839 
-0.6 -1.8 0.0030637 
-0.6 -1.73333 0.00565932 
-0.6 -1.66667 0.0104527 
-0.6 -1.6 0.0193029 
-0.6 -1.53333 0.0356382 
-0.6 -1.46667 0.0657773 
-0.6 -1.4 0.121354 
-0.6 -1.33333 0.22376 
-0.6 -1.26667 0.412263 
-0.6 -1.2 0.758763 
-0.6 -1.13333 1.39447 
-0.6 -1.06667 2.55775 
-0.6 -1 4.67881 
-0.6 -0.933333 8.52732 
-0.6 -0.866667 15.463 
-0.6 -0.8 27.8457 
-0.6 -0.733333 49.6655 
-0.6 -0.666667 87.4136 
-0.6 -0.6 151.034 
-0.6 -0.533333 254.316 
-0.6 -0.466667 413.102 
-0.6 -0.4 638.538 
-0.6 -0.333333 923.455 
-0.6 -0.266667 1228.73 
-0.6 -0.2 1493.03 
-0.6 -0.133333 1679.56 
-0.6 -0.0666667 1802.11 
-0.6 -4.16334e-16 1871.07 
-0.6 0.0666667 1876.67 
-0.6 0.133333 1895.39 
-0.6 0.2 2005.56 
-0.6 0.266667 2170.33 
-0.6 0.333333 2465.08 
-0.6 0.4 2550.1 
-0.6 0.466667 2498.56 
-0.6 0.533333 2209.12 
-0.6 0.6 1968.37 
-0.6 0.666667 1869.87 
-0.6 0.733333 1645.37 
-0.6 0.8 1491.49 
-0.6 0.866667 1377.78 
-0.6 0.933333 1124.53 
-0.6 1 931.917 
-0.6 1.06667 782.951 
-0.6 1.13333 739.087 
-0.6 1.2 457.281 
-0.6 1.26667 557.207 
-0.6 1.33333 663.519 
-0.6 1.4 479.894 
-0.6 1.46667 576.682 
-0.6 1.53333 566.608 
-0.6 1.6 615.424 
-0.6 1.66667 698.149 
-0.6 1.73333 1017.39 
-0.6 1.8 729.851 
-0.6 1.86667 1052.08 
-0.6 1.93333 340.085 
-0.6 2 789.849 
-0.533333 -2 0.000660446 
-0.533333 -1.93333 0.00122025 
-0.533333 -1.86667 0.00225445 
-0.533333 -1.8 0.0041649 
-0.533333 -1.73333 0.00769365 
-0.533333 -1.66667 0.0142105 
-0.533333 -1.6 0.0262434 
-0.533333 -1.53333 0.0484548 
-0.533333 -1.46667 0.0894393 
-0.533333 -1.4 0.165025 
-0.533333 -1.33333 0.304324 
-0.533333 -1.26667 0.560798 
-0.533333 -1.2 1.03239 
-0.533333 -1.13333 1.89798 
-0.533333 -1.06667 3.48286 
-0.533333 -1 6.37497 
-0.533333 -0.933333 11.6282 
-0.533333 -0.866667 21.1091 
-0.533333 -0.8 38.0689 
-0.533333 -0.733333 68.0315 
-0.533333 -0.666667 120.044 
-0.533333 -0.6 208.092 
-0.533333 -0.533333 351.827 
-0.533333 -0.466667 574.299 
-0.533333 -0.4 892.557 
-0.533333 -0.333333 1297.91 
-0.533333 -0.266667 1735.47 
-0.533333 -0.2 2118.13 
-0.533333 -0.133333 2394.57 
-0.533333 -0.0666667 2583.13 
-0.533333 -4.16334e-16 2695.23 
-0.533333 0.0666667 2716.79 
-0.533333 0.133333 2752.41 
-0.533333 0.2 2914.71 
-0.533333 0.266667 3150.68 
-0.533333 0.333333 3568.25 
-0.533333 0.4 3679.01 
-0.533333 0.466667 3589.21 
-0.533333 0.533333 3162.09 
-0.533333 0.6 2809.26 
-0.533333 0.666667 2664.63 
-0.533333 0.733333 2348.56 
-0.533333 0.8 2125.26 
-0.533333 0.866667 1961.32 
-0.533333 0.933333 1608.71 
-0.533333 1 1330 
-0.533333 1.06667 1113.58 
-0.533333 1.13333 1056.7 
-0.533333 1.2 654.838 
-0.533333 1.26667 786.084 
-0.533333 1.33333 953.528 
-0.533333 1.4 685.474 
-0.533333 1.46667 817.549 
-0.533333 1.53333 809.976 
-0.533333 1.6 875.761 
-0.533333 1.66667 991.612 
-0.533333 1.73333 1462.41 
-0.533333 1.8 1035.81 
-0.533333 1.86667 1510.05 
-0.533333 1.93333 480.969 
-0.533333 2 1130.64 
-0.466667 -2 0.000897806 
-0.466667 -1.93333 0.00165882 
-0.466667 -1.86667 0.00306475 
-0.466667 -1.8 0.00566197 
-0.466667 -1.73333 0.0104594 
-0.466667 -1.66667 0.0193196 
-0.466667 -1.6 0.0356803 
-0.466667 -1.53333 0.0658829 
-0.466667 -1.46667 0.121619 
-0.466667 -1.4 0.224425 
-0.466667 -1.33333 0.413929 
-0.466667 -1.26667 0.762936 
-0.466667 -1.2 1.40492 
-0.466667 -1.13333 2.58385 
-0.466667 -1.06667 4.74395 
-0.466667 -1 8.68942 
-0.466667 -0.933333 15.865 
-0.466667 -0.866667 28.8377 
-0.466667 -0.8 52.0969 
-0.466667 -0.733333 93.3147 
-0.466667 -0.666667 165.155 
-0.466667 -0.6 287.414 
-0.466667 -0.533333 488.341 
-0.466667 -0.466667 801.893 
-0.466667 -0.4 1254.64 
-0.466667 -0.333333 1836.77 
-0.466667 -0.266667 2470.71 
-0.466667 -0.2 3031.71 
-0.466667 -0.133333 3448.17 
-0.466667 -0.0666667 3744.22 
-0.466667 -4.16334e-16 3930.49 
-0.466667 0.0666667 3986.38 
-0.466667 0.133333 4054.35 
-0.466667 0.2 4297.87 
-0.466667 0.266667 4639.69 
-0.466667 0.333333 5235.93 
-0.466667 0.4 5376.19 
-0.466667 0.466667 5217.05 
-0.466667 0.533333 4576 
-0.466667 0.6 4050.42 
-0.466667 0.666667 3834.62 
-0.466667 0.733333 3386.56 
-0.466667 0.8 3057.6 
-0.466667 0.866667 2818.2 
-0.466667 0.933333 2325.76 
-0.466667 1 1917.12 
-0.466667 1.06667 1598.11 
-0.466667 1.13333 1526.27 
-0.466667 1.2 947.673 
-0.466667 1.26667 1116.94 
-0.466667 1.33333 1386.18 
-0.466667 1.4 988.893 
-0.466667 1.46667 1168.73 
-0.466667 1.53333 1169.69 
-0.466667 1.6 1257.63 
-0.466667 1.66667 1420.86 
-0.466667 1.73333 2126.63 
-0.466667 1.8 1482.71 
-0.466667 1.86667 2191.68 
-0.466667 1.93333 685.412 
-0.466667 2 1635.48 
-0.4 -2 0.00122048 
-0.4 -1.93333 0.00225502 
-0.4 -1.86667 0.00416634 
-0.4 -1.8 0.00769726 
-0.4 -1.73333 0.0142196 
-0.4 -1.66667 0.0262662 
-0.4 -1.6 0.048512 
-0.4 -1.53333 0.0895829 
-0.4 -1.46667 0.165385 
-0.4 -1.4 0.305228 
-0.4 -1.33333 0.563065 
-0.4 -1.26667 1.03807 
-0.4 -1.2 1.91221 
-0.4 -1.13333 3.51844 
-0.4 -1.06667 6.46384 
-0.4 -1 11.8496 
-0.4 -0.933333 21.6593 
-0.4 -0.866667 39.4297 
-0.4 -0.8 71.3775 
-0.4 -0.733333 128.199 
-0.4 -0.666667 227.716 
-0.4 -0.6 398.157 
-0.4 -0.533333 680.567 
-0.4 -0.466667 1125.74 
-0.4 -0.4 1776.01 
-0.4 -0.333333 2621.94 
-0.4 -0.266667 3552.96 
-0.4 -0.2 4388.28 
-0.4 -0.133333 5028.61 
-0.4 -0.0666667 5504.88 
-0.4 -4.16334e-16 5822.67 
-0.4 0.0666667 5951.08 
-0.4 0.133333 6082.45 
-0.4 0.2 6456.67 
-0.4 0.266667 6959.2 
-0.4 0.333333 7818.75 
-0.4 0.4 7986.74 
-0.4 0.466667 7698.33 
-0.4 0.533333 6715.36 
-0.4 0.6 5915.89 
-0.4 0.666667 5587.22 
-0.4 0.733333 4946.63 
-0.4 0.8 4452.38 
-0.4 0.866667 4097.03 
-0.4 0.933333 3407.44 
-0.4 1 2798.17 
-0.4 1.06667 2319.09 
-0.4 1.13333 2232.75 
-0.4 1.2 1389.63 
-0.4 1.26667 1601.06 
-0.4 1.33333 2044.71 
-0.4 1.4 1444.36 
-0.4 1.46667 1688.16 
-0.4 1.53333 1710.7 
-0.4 1.6 1826.57 
-0.4 1.66667 2058.35 
-0.4 1.73333 3138.24 
-0.4 1.8 2145.19 
-0.4 1.86667 3225.9 
-0.4 1.93333 985.898 
-0.4 2 2396.87 
-0.333333 -2 0.00165913 
-0.333333 -1.93333 0.00306553 
-0.333333 -1.86667 0.00566393 
-0.333333 -1.8 0.0104643 
-0.333333 -1.73333 0.019332 
-0.333333 -1.66667 0.0357113 
-0.333333 -1.6 0.0659607 
-0.333333 -1.53333 0.121814 
-0.333333 -1.46667 0.224915 
-0.333333 -1.4 0.415159 
-0.333333 -1.33333 0.766022 
-0.333333 -1.26667 1.41265 
-0.333333 -1.2 2.60324 
-0.333333 -1.13333 4.79247 
-0.333333 -1.06667 8.81075 
-0.333333 -1 16.1678 
-0.333333 -0.933333 29.5915 
-0.333333 -0.866667 53.9667 
-0.333333 -0.8 97.9294 
-0.333333 -0.733333 176.46 
-0.333333 -0.666667 314.8 
-0.333333 -0.6 553.568 
-0.333333 -0.533333 953.183 
-0.333333 -0.466667 1591.08 
-0.333333 -0.4 2536.56 
-0.333333 -0.333333 3784.82 
-0.333333 -0.266667 5176.18 
-0.333333 -0.2 6444.76 
-0.333333 -0.133333 7455.06 
-0.333333 -0.0666667 8244.63 
-0.333333 -4.16334e-16 8804.7 
-0.333333 0.0666667 9087.3 
-0.333333 0.133333 9347.34 
-0.333333 0.2 9941.13 
-0.333333 0.266667 10694.5 
-0.333333 0.333333 11948.2 
-0.333333 0.4 12124.7 
-0.333333 0.466667 11586.2 
-0.333333 0.533333 10036.6 
-0.333333 0.6 8786.57 
-0.333333 0.666667 8272.4 
-0.333333 0.733333 7346.71 
-0.333333 0.8 6584.23 
-0.333333 0.866667 6045.21 
-0.333333 0.933333 5078.43 
-0.333333 1 4149.92 
-0.333333 1.06667 3412.63 
-0.333333 1.13333 3319.39 
-0.333333 1.2 2072.06 
-0.333333 1.26667 2320.13 
-0.333333 1.33333 3073.2 
-0.333333 1.4 2142.82 
-0.333333 1.46667 2470.5 
-0.333333 1.53333 2542.47 
-0.333333 1.6 2690.99 
-0.333333 1.66667 3023.46 
-0.333333 1.73333 4719.54 
-0.333333 1.8 3145.71 
-0.333333 1.86667 4833.97 
-0.333333 1.93333 1434.56 
-0.333333 2 3571.47 
-0.266667 -2 0.00225544 
-0.266667 -1.93333 0.0041674 
-0.266667 -1.86667 0.00769992 
-0.266667 -1.8 0.0142263 
-0.266667 -1.73333 0.0262829 
-0.266667 -1.66667 0.0485541 
-0.266667 -1.6 0.0896887 
-0.266667 -1.53333 0.165651 
-0.266667 -1.46667 0.305895 
-0.266667 -1.4 0.564739 
-0.266667 -1.33333 1.04227 
-0.266667 -1.26667 1.92275 
-0.266667 -1.2 3.54487 
-0.266667 -1.13333 6.53004 
-0.266667 -1.06667 12.0154 
-0.266667 -1 22.0737 
-0.266667 -0.933333 40.4639 
-0.266667 -0.866667 73.9514 
-0.266667 -0.8 134.58 
-0.266667 -0.733333 243.444 
-0.266667 -0.666667 436.571 
-0.266667 -0.6 773.058 
-0.266667 -0.533333 1343.3 
-0.266667 -0.466667 2268.19 
-0.266667 -0.4 3665.19 
-0.266667 -0.333333 5545.22 
-0.266667 -0.266667 7673.27 
-0.266667 -0.2 9650.11 
-0.266667 -0.133333 11299 
-0.266667 -0.0666667 12658.9 
-0.266667 -4.16334e-16 13688.2 
-0.266667 0.0666667 14308.1 
-0.266667 0.133333 14842.6 
-0.266667 0.2 15827.6 
-0.266667 0.266667 16988 
-0.266667 0.333333 18842.8 
-0.266667 0.4 18957.6 
-0.266667 0.466667 17910.4 
-0.266667 0.533333 15375.2 
-0.266667 0.6 13345.9 
-0.266667 0.666667 12512.1 
-0.266667 0.733333 11155.9 
-0.266667 0.8 9935.63 
-0.266667 0.866667 9093.37 
-0.266667 0.933333 7742.12 
-0.266667 1 6284.93 
-0.266667 1.06667 5112.14 
-0.266667 1.13333 5039.18 
-0.266667 1.2 3157.42 
-0.266667 1.26667 3408.46 
-0.266667 1.33333 4735.28 
-0.266667 1.4 3243.65 
-0.266667 1.46667 3676.7 
-0.266667 1.53333 3858.11 
-0.266667 1.6 4037.73 
-0.266667 1.66667 4521.38 
-0.266667 1.73333 7277.92 
-0.266667 1.8 4693.35 
-0.266667 1.86667 7415.47 
-0.266667 1.93333 2117.73 
-0.266667 2 5437.17 
-0.2 -2 0.00306611 
-0.2 -1.93333 0.00566537 
-0.2 -1.86667 0.0104679 
-0.2 -1.8 0.019341 
-0.2 -1.73333 0.0357341 
-0.2 -1.66667 0.0660179 
-0.2 -1.6 0.121958 
-0.2 -1.53333 0.225276 
-0.2 -1.46667 0.416067 
-0.2 -1.4 0.7683 
-0.2 -1.33333 1.41837 
-0.2 -1.26667 2.6176 
-0.2 -1.2 4.8285 
-0.2 -1.13333 8.90113 
-0.2 -1.06667 16.3944 
-0.2 -1 30.1593 
-0.2 -0.933333 55.3878 
-0.2 -0.866667 101.481 
-0.2 -0.8 185.311 
-0.2 -0.733333 336.778 
-0.2 -0.666667 607.789 
-0.2 -0.6 1085.52 
-0.2 -0.533333 1907.99 
-0.2 -0.466667 3269.94 
-0.2 -0.4 5379.94 
-0.2 -0.333333 8294.17 
-0.2 -0.266667 11655.8 
-0.2 -0.2 14845.7 
-0.2 -0.133333 17666.1 
-0.2 -0.0666667 20130.5 
-0.2 -4.16334e-16 22133.9 
-0.2 0.0666667 23532.4 
-0.2 0.133333 24697.6 
-0.2 0.2 26440.4 
-0.2 0.266667 28298.7 
-0.2 0.333333 31091.3 
-0.2 0.4 30921.4 
-0.2 0.466667 28762.7 
-0.2 0.533333 24393.5 
-0.2 0.6 20916.3 
-0.2 0.666667 19494 
-0.2 0.733333 17470.1 
-0.2 0.8 15409.5 
-0.2 0.866667 14035.7 
-0.2 0.933333 12176 
-0.2 1 9792.64 
-0.2 1.06667 7838.39 
-0.2 1.13333 7866.32 
-0.2 1.2 4953.09 
-0.2 1.26667 5095.61 
-0.2 1.33333 7550.51 
-0.2 1.4 5042.36 
-0.2 1.46667 5595.05 
-0.2 1.53333 6019.19 
-0.2 1.6 6206.33 
-0.2 1.66667 6924.67 
-0.2 1.73333 11618.2 
-0.2 1.8 7164.08 
-0.2 1.86667 11741.6 
-0.2 1.93333 3184.17 
-0.2 2 8517.42 
-0.133333 -2 0.00416818 
-0.133333 -1.93333 0.00770188 
-0.133333 -1.86667 0.0142312 
-0.133333 -1.8 0.0262953 
-0.133333 -1.73333 0.0485851 
-0.133333 -1.66667 0.0897666 
-0.133333 -1.6 0.165846 
-0.133333 -1.53333 0.306386 
-0.133333 -1.46667 0.565974 
-0.133333 -1.4 1.04538 
-0.133333 -1.33333 1.93054 
-0.133333 -1.26667 3.56444 
-0.133333 -1.2 6.5792 
-0.133333 -1.13333 12.1388 
-0.133333 -1.06667 22.3839 
-0.133333 -1 41.2431 
-0.133333 -0.933333 75.9082 
-0.133333 -0.866667 139.493 
-0.133333 -0.8 255.769 
-0.133333 -0.733333 467.449 
-0.133333 -0.666667 850.191 
-0.133333 -0.6 1534.82 
-0.133333 -0.533333 2737.77 
-0.133333 -0.466667 4786.19 
-0.133333 -0.4 8075.93 
-0.133333 -0.333333 12796.3 
-0.133333 -0.266667 18372.3 
-0.133333 -0.2 23785.7 
-0.133333 -0.133333 28965.8 
-0.133333 -0.0666667 33772.1 
-0.133333 -4.16334e-16 38024.5 
-0.133333 0.0666667 41400.4 
-0.133333 0.133333 44191.3 
-0.133333 0.2 47605.3 
-0.133333 0.266667 50770.1 
-0.133333 0.333333 55063.9 
-0.133333 0.4 53875.5 
-0.133333 0.466667 49005.7 
-0.133333 0.533333 40853.8 
-0.133333 0.6 34363.4 
-0.133333 0.666667 31744.4 
-0.133333 0.733333 28641.8 
-0.133333 0.8 24855.6 
-0.133333 0.866667 22458.4 
-0.133333 0.933333 20040.6 
-0.133333 1 15890.6 
-0.133333 1.06667 12401.2 
-0.133333 1.13333 12765.8 
-0.133333 1.2 8092.96 
-0.133333 1.26667 7794.11 
-0.133333 1.33333 12660.7 
-0.133333 1.4 8130.24 
-0.133333 1.46667 8781.17 
-0.133333 1.53333 9759.71 
-0.133333 1.6 9859.31 
-0.133333 1.66667 10963.8 
-0.133333 1.73333 19513.5 
-0.133333 1.8 11283.1 
-0.133333 1.86667 19444.1 
-0.133333 1.93333 4903.18 
-0.133333 2 13880.7 
-0.0666667 -2 0.00566643 
-0.0666667 -1.93333 0.0104706 
-0.0666667 -1.86667 0.0193477 
-0.0666667 -1.8 0.0357509 
-0.0666667 -1.73333 0.0660601 
-0.0666667 -1.66667 0.122064 
-0.0666667 -1.6 0.225542 
-0.0666667 -1.53333 0.416735 
-0.0666667 -1.46667 0.76998 
-0.0666667 -1.4 1.4226 
-0.0666667 -1.33333 2.62821 
-0.0666667 -1.26667 4.85519 
-0.0666667 -1.2 8.96825 
-0.0666667 -1.13333 16.5633 
-0.0666667 -1.06667 30.5844 
-0.0666667 -1 56.4587 
-0.0666667 -0.933333 104.181 
-0.0666667 -0.866667 192.129 
-0.0666667 -0.8 354.019 
-0.0666667 -0.733333 651.463 
-0.0666667 -0.666667 1196.33 
-0.0666667 -0.6 2189.36 
-0.0666667 -0.533333 3982.22 
-0.0666667 -0.466667 7158.66 
-0.0666667 -0.4 12554.2 
-0.0666667 -0.333333 20823.9 
-0.0666667 -0.266667 30916.5 
-0.0666667 -0.2 40873 
-0.0666667 -0.133333 51733.9 
-0.0666667 -0.0666667 62338.5 
-0.0666667 -4.16334e-16 72918.5 
-0.0666667 0.0666667 82335.3 
-0.0666667 0.133333 90315.9 
-0.0666667 0.2 98405.4 
-0.0666667 0.266667 104443 
-0.0666667 0.333333 111214 
-0.0666667 0.4 106039 
-0.0666667 0.466667 93125.8 
-0.0666667 0.533333 75550.1 
-0.0666667 0.6 61246.9 
-0.0666667 0.666667 55769.7 
-0.0666667 0.733333 50757.4 
-0.0666667 0.8 42654.5 
-0.0666667 0.866667 37922.1 
-0.0666667 0.933333 35529.7 
-0.0666667 1 27476.9 
-0.0666667 1.06667 20505.5 
-0.0666667 1.13333 21958 
-0.0666667 1.2 14067.3 
-0.0666667 1.26667 12295.8 
-0.0666667 1.33333 23066.4 
-0.0666667 1.4 13827.1 
-0.0666667 1.46667 14433.8 
-0.0666667 1.53333 16757.6 
-0.0666667 1.6 16429.2 
-0.0666667 1.66667 18248.6 
-0.0666667 1.73333 35631.5 
-0.0666667 1.8 18599.8 
-0.0666667 1.86667 34482.5 
-0.0666667 1.93333 7794.37 
-0.0666667 2 23973.4 
