-4 -2 8.60686e-09 
-4 -1.93333 1.59023e-08 
-4 -1.86667 2.93802e-08 
-4 -1.8 5.4278e-08 
-4 -1.73333 1.00267e-07 
-4 -1.66667 1.85201e-07 
-4 -1.6 3.4203e-07 
-4 -1.53333 6.31532e-07 
-4 -1.46667 1.16576e-06 
-4 -1.4 2.15108e-06 
-4 -1.33333 3.96719e-06 
-4 -1.26667 7.31156e-06 
-4 -1.2 1.34626e-05 
-4 -1.13333 2.47569e-05 
-4 -1.06667 4.5448e-05 
-4 -1 8.32382e-05 
-4 -0.933333 0.000151974 
-4 -0.866667 0.000276301 
-4 -0.8 0.000499506 
-4 -0.733333 0.00089625 
-4 -0.666667 0.00159218 
-4 -0.6 0.00279186 
-4 -0.533333 0.00481371 
-4 -0.466667 0.0081245 
-4 -0.4 0.0133553 
-4 -0.333333 0.0212715 
-4 -0.266667 0.032672 
-4 -0.2 0.0482161 
-4 -0.133333 0.0681965 
-4 -0.0666667 0.0922657 
-4 -4.16334e-16 0.119143 
-4 0.0666667 0.146439 
-4 0.133333 0.170725 
-4 0.2 0.187824 
-4 0.266667 0.193712 
-4 0.333333 0.186776 
-4 0.4 0.169894 
-4 0.466667 0.149162 
-4 0.533333 0.130822 
-4 0.6 0.119538 
-4 0.666667 0.117222 
-4 0.733333 0.112476 
-4 0.8 0.101761 
-4 0.866667 0.092836 
-4 0.933333 0.0879696 
-4 1 0.0836799 
-4 1.06667 0.0909968 
-4 1.13333 0.10307 
-4 1.2 0.0959232 
-4 1.26667 0.0811551 
-4 1.33333 0.100209 
-4 1.4 0.0923548 
-4 1.46667 0.0793087 
-4 1.53333 0.0887372 
-4 1.6 0.0843151 
-4 1.66667 0.0805579 
-4 1.73333 0.109468 
-4 1.8 0.0819523 
-4 1.86667 0.104189 
-4 1.93333 0.0681699 
-4 2 0.110644 
-3.93333 -2 1.16999e-08 
-3.93333 -1.93333 2.16169e-08 
-3.93333 -1.86667 3.99382e-08 
-3.93333 -1.8 7.37832e-08 
-3.93333 -1.73333 1.36298e-07 
-3.93333 -1.66667 2.51754e-07 
-3.93333 -1.6 4.64939e-07 
-3.93333 -1.53333 8.58474e-07 
-3.93333 -1.46667 1.58467e-06 
-3.93333 -1.4 2.92406e-06 
-3.93333 -1.33333 5.39277e-06 
-3.93333 -1.26667 9.93886e-06 
-3.93333 -1.2 1.83001e-05 
-3.93333 -1.13333 3.36524e-05 
-3.93333 -1.06667 6.17776e-05 
-3.93333 -1 0.000113145 
-3.93333 -0.933333 0.000206572 
-3.93333 -0.866667 0.000375557 
-3.93333 -0.8 0.000678924 
-3.93333 -0.733333 0.00121813 
-3.93333 -0.666667 0.00216388 
-3.93333 -0.6 0.00379409 
-3.93333 -0.533333 0.00654125 
-3.93333 -0.466667 0.0110392 
-3.93333 -0.4 0.0181448 
-3.93333 -0.333333 0.0288968 
-3.93333 -0.266667 0.0443792 
-3.93333 -0.2 0.0654861 
-3.93333 -0.133333 0.0926132 
-3.93333 -0.0666667 0.125287 
-3.93333 -4.16334e-16 0.161767 
-3.93333 0.0666667 0.198811 
-3.93333 0.133333 0.231764 
-3.93333 0.2 0.254966 
-3.93333 0.266667 0.262961 
-3.93333 0.333333 0.253563 
-3.93333 0.4 0.230666 
-3.93333 0.466667 0.20254 
-3.93333 0.533333 0.177648 
-3.93333 0.6 0.162321 
-3.93333 0.666667 0.159167 
-3.93333 0.733333 0.152732 
-3.93333 0.8 0.1382 
-3.93333 0.866667 0.126087 
-3.93333 0.933333 0.119483 
-3.93333 1 0.113664 
-3.93333 1.06667 0.123602 
-3.93333 1.13333 0.139992 
-3.93333 1.2 0.130294 
-3.93333 1.26667 0.110235 
-3.93333 1.33333 0.13611 
-3.93333 1.4 0.125449 
-3.93333 1.46667 0.107731 
-3.93333 1.53333 0.120537 
-3.93333 1.6 0.114532 
-3.93333 1.66667 0.10943 
-3.93333 1.73333 0.148671 
-3.93333 1.8 0.111322 
-3.93333 1.86667 0.141507 
-3.93333 1.93333 0.0926075 
-3.93333 2 0.150268 
-3.86667 -2 1.59043e-08 
-3.86667 -1.93333 2.93851e-08 
-3.86667 -1.86667 5.42902e-08 
-3.86667 -1.8 1.00297e-07 
-3.86667 -1.73333 1.85278e-07 
-3.86667 -1.66667 3.42222e-07 
-3.86667 -1.6 6.32015e-07 
-3.86667 -1.53333 1.16697e-06 
-3.86667 -1.46667 2.15411e-06 
-3.86667 -1.4 3.9748e-06 
-3.86667 -1.33333 7.3306e-06 
-3.86667 -1.26667 1.35102e-05 
-3.86667 -1.2 2.48757e-05 
-3.86667 -1.13333 4.57442e-05 
-3.86667 -1.06667 8.39741e-05 
-3.86667 -1 0.000153795 
-3.86667 -0.933333 0.000280783 
-3.86667 -0.866667 0.000510461 
-3.86667 -0.8 0.000922768 
-3.86667 -0.733333 0.00165556 
-3.86667 -0.666667 0.00294076 
-3.86667 -0.6 0.00515587 
-3.86667 -0.533333 0.00888826 
-3.86667 -0.466667 0.0149986 
-3.86667 -0.4 0.0246497 
-3.86667 -0.333333 0.0392514 
-3.86667 -0.266667 0.060274 
-3.86667 -0.2 0.0889292 
-3.86667 -0.133333 0.125752 
-3.86667 -0.0666667 0.170096 
-3.86667 -4.16334e-16 0.219598 
-3.86667 0.0666667 0.269856 
-3.86667 0.133333 0.314557 
-3.86667 0.2 0.346028 
-3.86667 0.266667 0.356884 
-3.86667 0.333333 0.344155 
-3.86667 0.4 0.313115 
-3.86667 0.466667 0.27497 
-3.86667 0.533333 0.241195 
-3.86667 0.6 0.220377 
-3.86667 0.666667 0.21608 
-3.86667 0.733333 0.207358 
-3.86667 0.8 0.187658 
-3.86667 0.866667 0.171224 
-3.86667 0.933333 0.162262 
-3.86667 1 0.154373 
-3.86667 1.06667 0.167869 
-3.86667 1.13333 0.190116 
-3.86667 1.2 0.176957 
-3.86667 1.26667 0.149717 
-3.86667 1.33333 0.184848 
-3.86667 1.4 0.17038 
-3.86667 1.46667 0.146321 
-3.86667 1.53333 0.163712 
-3.86667 1.6 0.15556 
-3.86667 1.66667 0.148633 
-3.86667 1.73333 0.201883 
-3.86667 1.8 0.1512 
-3.86667 1.86667 0.192164 
-3.86667 1.93333 0.125792 
-3.86667 2 0.204049 
-3.8 -2 2.16195e-08 
-3.8 -1.93333 3.99447e-08 
-3.8 -1.86667 7.37997e-08 
-3.8 -1.8 1.3634e-07 
-3.8 -1.73333 2.51858e-07 
-3.8 -1.66667 4.652e-07 
-3.8 -1.6 8.5913e-07 
-3.8 -1.53333 1.58631e-06 
-3.8 -1.46667 2.92818e-06 
-3.8 -1.4 5.40311e-06 
-3.8 -1.33333 9.96474e-06 
-3.8 -1.26667 1.83648e-05 
-3.8 -1.2 3.38141e-05 
-3.8 -1.13333 6.21803e-05 
-3.8 -1.06667 0.000114145 
-3.8 -1 0.000209048 
-3.8 -0.933333 0.000381649 
-3.8 -0.866667 0.000693812 
-3.8 -0.8 0.00125416 
-3.8 -0.733333 0.00225 
-3.8 -0.666667 0.0039964 
-3.8 -0.6 0.00700605 
-3.8 -0.533333 0.0120766 
-3.8 -0.466667 0.0203762 
-3.8 -0.4 0.0334832 
-3.8 -0.333333 0.0533097 
-3.8 -0.266667 0.0818497 
-3.8 -0.2 0.120745 
-3.8 -0.133333 0.170716 
-3.8 -0.0666667 0.230883 
-3.8 -4.16334e-16 0.298036 
-3.8 0.0666667 0.366201 
-3.8 0.133333 0.426815 
-3.8 0.2 0.46949 
-3.8 0.266667 0.484226 
-3.8 0.333333 0.466998 
-3.8 0.4 0.424936 
-3.8 0.466667 0.373221 
-3.8 0.533333 0.327407 
-3.8 0.6 0.299135 
-3.8 0.666667 0.293281 
-3.8 0.733333 0.281464 
-3.8 0.8 0.254769 
-3.8 0.866667 0.232479 
-3.8 0.933333 0.220323 
-3.8 1 0.20963 
-3.8 1.06667 0.227955 
-3.8 1.13333 0.258145 
-3.8 1.2 0.240296 
-3.8 1.26667 0.20331 
-3.8 1.33333 0.251001 
-3.8 1.4 0.23137 
-3.8 1.46667 0.198706 
-3.8 1.53333 0.22232 
-3.8 1.6 0.211255 
-3.8 1.66667 0.201853 
-3.8 1.73333 0.274092 
-3.8 1.8 0.205334 
-3.8 1.86667 0.260913 
-3.8 1.93333 0.170847 
-3.8 2 0.277031 
-3.73333 -2 2.93887e-08 
-3.73333 -1.93333 5.42991e-08 
-3.73333 -1.86667 1.0032e-07 
-3.73333 -1.8 1.85334e-07 
-3.73333 -1.73333 3.42363e-07 
-3.73333 -1.66667 6.3237e-07 
-3.73333 -1.6 1.16786e-06 
-3.73333 -1.53333 2.15635e-06 
-3.73333 -1.46667 3.98041e-06 
-3.73333 -1.4 7.34465e-06 
-3.73333 -1.33333 1.35454e-05 
-3.73333 -1.26667 2.49637e-05 
-3.73333 -1.2 4.59639e-05 
-3.73333 -1.13333 8.45215e-05 
-3.73333 -1.06667 0.000155154 
-3.73333 -1 0.000284147 
-3.73333 -0.933333 0.000518741 
-3.73333 -0.866667 0.000943002 
-3.73333 -0.8 0.00170453 
-3.73333 -0.733333 0.00305777 
-3.73333 -0.666667 0.00543071 
-3.73333 -0.6 0.00951958 
-3.73333 -0.533333 0.0164072 
-3.73333 -0.466667 0.0276792 
-3.73333 -0.4 0.0454767 
-3.73333 -0.333333 0.0723928 
-3.73333 -0.266667 0.11113 
-3.73333 -0.2 0.16391 
-3.73333 -0.133333 0.231707 
-3.73333 -0.0666667 0.313318 
-3.73333 -4.16334e-16 0.404385 
-3.73333 0.0666667 0.496801 
-3.73333 0.133333 0.578963 
-3.73333 0.2 0.636804 
-3.73333 0.266667 0.656803 
-3.73333 0.333333 0.633502 
-3.73333 0.4 0.576534 
-3.73333 0.466667 0.506454 
-3.73333 0.533333 0.444331 
-3.73333 0.6 0.405943 
-3.73333 0.666667 0.397964 
-3.73333 0.733333 0.381964 
-3.73333 0.8 0.34581 
-3.73333 0.866667 0.315586 
-3.73333 0.933333 0.299103 
-3.73333 1 0.284618 
-3.73333 1.06667 0.309496 
-3.73333 1.13333 0.350451 
-3.73333 1.2 0.32625 
-3.73333 1.26667 0.27604 
-3.73333 1.33333 0.340766 
-3.73333 1.4 0.31414 
-3.73333 1.46667 0.269803 
-3.73333 1.53333 0.30186 
-3.73333 1.6 0.286844 
-3.73333 1.66667 0.274086 
-3.73333 1.73333 0.372053 
-3.73333 1.8 0.278804 
-3.73333 1.86667 0.354187 
-3.73333 1.93333 0.232005 
-3.73333 2 0.376039 
-3.66667 -2 3.99496e-08 
-3.66667 -1.93333 7.38118e-08 
-3.66667 -1.86667 1.3637e-07 
-3.66667 -1.8 2.51934e-07 
-3.66667 -1.73333 4.65392e-07 
-3.66667 -1.66667 8.59613e-07 
-3.66667 -1.6 1.58752e-06 
-3.66667 -1.53333 2.93122e-06 
-3.66667 -1.46667 5.41073e-06 
-3.66667 -1.4 9.98384e-06 
-3.66667 -1.33333 1.84126e-05 
-3.66667 -1.26667 3.39337e-05 
-3.66667 -1.2 6.24789e-05 
-3.66667 -1.13333 0.000114889 
-3.66667 -1.06667 0.000210895 
-3.66667 -1 0.000386221 
-3.66667 -0.933333 0.000705065 
-3.66667 -0.866667 0.00128166 
-3.66667 -0.8 0.00231654 
-3.66667 -0.733333 0.00415536 
-3.66667 -0.666667 0.00737939 
-3.66667 -0.6 0.0129339 
-3.66667 -0.533333 0.0222889 
-3.66667 -0.466667 0.0375955 
-3.66667 -0.4 0.0617576 
-3.66667 -0.333333 0.0982904 
-3.66667 -0.266667 0.150855 
-3.66667 -0.2 0.222458 
-3.66667 -0.133333 0.314409 
-3.66667 -0.0666667 0.425067 
-3.66667 -4.16334e-16 0.548515 
-3.66667 0.0666667 0.673758 
-3.66667 0.133333 0.785073 
-3.66667 0.2 0.863436 
-3.66667 0.266667 0.890569 
-3.66667 0.333333 0.85908 
-3.66667 0.4 0.781969 
-3.66667 0.466667 0.68705 
-3.66667 0.533333 0.602848 
-3.66667 0.6 0.550735 
-3.66667 0.666667 0.539856 
-3.66667 0.733333 0.518204 
-3.66667 0.8 0.469268 
-3.66667 0.866667 0.428305 
-3.66667 0.933333 0.405964 
-3.66667 1 0.386353 
-3.66667 1.06667 0.420118 
-3.66667 1.13333 0.47566 
-3.66667 1.2 0.442861 
-3.66667 1.26667 0.374714 
-3.66667 1.33333 0.462536 
-3.66667 1.4 0.426435 
-3.66667 1.46667 0.366268 
-3.66667 1.53333 0.409778 
-3.66667 1.6 0.389408 
-3.66667 1.66667 0.372098 
-3.66667 1.73333 0.504905 
-3.66667 1.8 0.378491 
-3.66667 1.86667 0.480698 
-3.66667 1.93333 0.315003 
-3.66667 2 0.510309 
-3.6 -2 5.43057e-08 
-3.6 -1.93333 1.00336e-07 
-3.6 -1.86667 1.85375e-07 
-3.6 -1.8 3.42468e-07 
-3.6 -1.73333 6.32632e-07 
-3.6 -1.66667 1.16851e-06 
-3.6 -1.6 2.158e-06 
-3.6 -1.53333 3.98454e-06 
-3.6 -1.46667 7.35501e-06 
-3.6 -1.4 1.35714e-05 
-3.6 -1.33333 2.50287e-05 
-3.6 -1.26667 4.61264e-05 
-3.6 -1.2 8.49273e-05 
-3.6 -1.13333 0.000156166 
-3.6 -1.06667 0.000286659 
-3.6 -1 0.000524955 
-3.6 -0.933333 0.000958294 
-3.6 -0.866667 0.00174189 
-3.6 -0.8 0.00314817 
-3.6 -0.733333 0.00564666 
-3.6 -0.666667 0.0100267 
-3.6 -0.6 0.0175715 
-3.6 -0.533333 0.0302757 
-3.6 -0.466667 0.0510574 
-3.6 -0.4 0.0838533 
-3.6 -0.333333 0.133427 
-3.6 -0.266667 0.204733 
-3.6 -0.2 0.301839 
-3.6 -0.133333 0.426504 
-3.6 -0.0666667 0.576487 
-3.6 -4.16334e-16 0.743752 
-3.6 0.0666667 0.913397 
-3.6 0.133333 1.06413 
-3.6 0.2 1.17023 
-3.6 0.266667 1.20704 
-3.6 0.333333 1.16452 
-3.6 0.4 1.06022 
-3.6 0.466667 0.931734 
-3.6 0.533333 0.817658 
-3.6 0.6 0.746929 
-3.6 0.666667 0.732089 
-3.6 0.733333 0.702811 
-3.6 0.8 0.636623 
-3.6 0.866667 0.58113 
-3.6 0.933333 0.550865 
-3.6 1 0.52433 
-3.6 1.06667 0.570147 
-3.6 1.13333 0.64544 
-3.6 1.2 0.60101 
-3.6 1.26667 0.508542 
-3.6 1.33333 0.627665 
-3.6 1.4 0.578739 
-3.6 1.46667 0.497113 
-3.6 1.53333 0.556153 
-3.6 1.6 0.528527 
-3.6 1.66667 0.505051 
-3.6 1.73333 0.685007 
-3.6 1.8 0.513708 
-3.6 1.86667 0.652226 
-3.6 1.93333 0.427608 
-3.6 2 0.692329 
-3.53333 -2 7.38207e-08 
-3.53333 -1.93333 1.36393e-07 
-3.53333 -1.86667 2.51991e-07 
-3.53333 -1.8 4.65534e-07 
-3.53333 -1.73333 8.59968e-07 
-3.53333 -1.66667 1.58842e-06 
-3.53333 -1.6 2.93346e-06 
-3.53333 -1.53333 5.41635e-06 
-3.53333 -1.46667 9.99793e-06 
-3.53333 -1.4 1.84479e-05 
-3.53333 -1.33333 3.4022e-05 
-3.53333 -1.26667 6.26999e-05 
-3.53333 -1.2 0.000115441 
-3.53333 -1.13333 0.00021227 
-3.53333 -1.06667 0.000389635 
-3.53333 -1 0.00071351 
-3.53333 -0.933333 0.00130244 
-3.53333 -0.866667 0.0023673 
-3.53333 -0.8 0.00427818 
-3.53333 -0.733333 0.00767271 
-3.53333 -0.666667 0.0136226 
-3.53333 -0.6 0.0238695 
-3.53333 -0.533333 0.0411194 
-3.53333 -0.466667 0.0693289 
-3.53333 -0.4 0.113833 
-3.53333 -0.333333 0.181082 
-3.53333 -0.266667 0.277781 
-3.53333 -0.2 0.409423 
-3.53333 -0.133333 0.578367 
-3.53333 -0.0666667 0.781551 
-3.53333 -4.16334e-16 1.00807 
-3.53333 0.0666667 1.23772 
-3.53333 0.133333 1.4417 
-3.53333 0.2 1.58528 
-3.53333 0.266667 1.63517 
-3.53333 0.333333 1.57784 
-3.53333 0.4 1.43687 
-3.53333 0.466667 1.26307 
-3.53333 0.533333 1.1086 
-3.53333 0.6 1.01264 
-3.53333 0.666667 0.992383 
-3.53333 0.733333 0.952826 
-3.53333 0.8 0.863374 
-3.53333 0.866667 0.788243 
-3.53333 0.933333 0.747265 
-3.53333 1 0.71139 
-3.53333 1.06667 0.77354 
-3.53333 1.13333 0.875564 
-3.53333 1.2 0.815413 
-3.53333 1.26667 0.689982 
-3.53333 1.33333 0.851504 
-3.53333 1.4 0.785229 
-3.53333 1.46667 0.674527 
-3.53333 1.53333 0.754615 
-3.53333 1.6 0.717164 
-3.53333 1.66667 0.685337 
-3.53333 1.73333 0.929053 
-3.53333 1.8 0.697053 
-3.53333 1.86667 0.884687 
-3.53333 1.93333 0.580334 
-3.53333 2 0.93897 
-3.46667 -2 1.00349e-07 
-3.46667 -1.93333 1.85406e-07 
-3.46667 -1.86667 3.42544e-07 
-3.46667 -1.8 6.32824e-07 
-3.46667 -1.73333 1.169e-06 
-3.46667 -1.66667 2.15921e-06 
-3.46667 -1.6 3.98758e-06 
-3.46667 -1.53333 7.36265e-06 
-3.46667 -1.46667 1.35905e-05 
-3.46667 -1.4 2.50767e-05 
-3.46667 -1.33333 4.62465e-05 
-3.46667 -1.26667 8.52277e-05 
-3.46667 -1.2 0.000156915 
-3.46667 -1.13333 0.000288527 
-3.46667 -1.06667 0.000529594 
-3.46667 -1 0.00096977 
-3.46667 -0.933333 0.00177013 
-3.46667 -0.866667 0.00321715 
-3.46667 -0.8 0.0058135 
-3.46667 -0.733333 0.010425 
-3.46667 -0.666667 0.0185065 
-3.46667 -0.6 0.0324212 
-3.46667 -0.533333 0.0558388 
-3.46667 -0.466667 0.0941222 
-3.46667 -0.4 0.154497 
-3.46667 -0.333333 0.245692 
-3.46667 -0.266667 0.376776 
-3.46667 -0.2 0.555157 
-3.46667 -0.133333 0.783993 
-3.46667 -0.0666667 1.05909 
-3.46667 -4.16334e-16 1.36566 
-3.46667 0.0666667 1.67634 
-3.46667 0.133333 1.95218 
-3.46667 0.2 2.14632 
-3.46667 0.266667 2.21394 
-3.46667 0.333333 2.13671 
-3.46667 0.4 1.94636 
-3.46667 0.466667 1.71145 
-3.46667 0.533333 1.50244 
-3.46667 0.6 1.37227 
-3.46667 0.666667 1.34461 
-3.46667 0.733333 1.29122 
-3.46667 0.8 1.17044 
-3.46667 0.866667 1.06879 
-3.46667 0.933333 1.01334 
-3.46667 1 0.964881 
-3.46667 1.06667 1.04916 
-3.46667 1.13333 1.18733 
-3.46667 1.2 1.10595 
-3.46667 1.26667 0.935864 
-3.46667 1.33333 1.15478 
-3.46667 1.4 1.06506 
-3.46667 1.46667 0.914984 
-3.46667 1.53333 1.02359 
-3.46667 1.6 0.972837 
-3.46667 1.66667 0.929709 
-3.46667 1.73333 1.25957 
-3.46667 1.8 0.945553 
-3.46667 1.86667 1.19957 
-3.46667 1.93333 0.787397 
-3.46667 2 1.273 
-3.4 -2 1.36409e-07 
-3.4 -1.93333 2.52032e-07 
-3.4 -1.86667 4.65638e-07 
-3.4 -1.8 8.6023e-07 
-3.4 -1.73333 1.58907e-06 
-3.4 -1.66667 2.93511e-06 
-3.4 -1.6 5.42048e-06 
-3.4 -1.53333 1.00083e-05 
-3.4 -1.46667 1.8474e-05 
-3.4 -1.4 3.40872e-05 
-3.4 -1.33333 6.28631e-05 
-3.4 -1.26667 0.000115849 
-3.4 -1.2 0.000213289 
-3.4 -1.13333 0.000392173 
-3.4 -1.06667 0.000719815 
-3.4 -1 0.00131804 
-3.4 -0.933333 0.00240567 
-3.4 -0.866667 0.00437189 
-3.4 -0.8 0.00789935 
-3.4 -0.733333 0.0141636 
-3.4 -0.666667 0.0251388 
-3.4 -0.6 0.0440309 
-3.4 -0.533333 0.0758147 
-3.4 -0.466667 0.127755 
-3.4 -0.4 0.209633 
-3.4 -0.333333 0.333255 
-3.4 -0.266667 0.510867 
-3.4 -0.2 0.752457 
-3.4 -0.133333 1.06224 
-3.4 -0.0666667 1.43447 
-3.4 -4.16334e-16 1.84908 
-3.4 0.0666667 2.26906 
-3.4 0.133333 2.64174 
-3.4 0.2 2.90402 
-3.4 0.266667 2.99561 
-3.4 0.333333 2.89174 
-3.4 0.4 2.635 
-3.4 0.466667 2.31779 
-3.4 0.533333 2.03518 
-3.4 0.6 1.85868 
-3.4 0.666667 1.82089 
-3.4 0.733333 1.7489 
-3.4 0.8 1.58601 
-3.4 0.866667 1.44858 
-3.4 0.933333 1.37361 
-3.4 1 1.30822 
-3.4 1.06667 1.42245 
-3.4 1.13333 1.60946 
-3.4 1.2 1.49944 
-3.4 1.26667 1.26891 
-3.4 1.33333 1.56547 
-3.4 1.4 1.44409 
-3.4 1.46667 1.24073 
-3.4 1.53333 1.38793 
-3.4 1.6 1.3192 
-3.4 1.66667 1.26079 
-3.4 1.73333 1.70694 
-3.4 1.8 1.2822 
-3.4 1.86667 1.62586 
-3.4 1.93333 1.06801 
-3.4 2 1.72509 
-3.33333 -2 1.85428e-07 
-3.33333 -1.93333 3.42601e-07 
-3.33333 -1.86667 6.32966e-07 
-3.33333 -1.8 1.16935e-06 
-3.33333 -1.73333 2.1601e-06 
-3.33333 -1.66667 3.98982e-06 
-3.33333 -1.6 7.36827e-06 
-3.33333 -1.53333 1.36046e-05 
-3.33333 -1.46667 2.51121e-05 
-3.33333 -1.4 4.63352e-05 
-3.33333 -1.33333 8.54496e-05 
-3.33333 -1.26667 0.00015747 
-3.33333 -1.2 0.000289912 
-3.33333 -1.13333 0.000533044 
-3.33333 -1.06667 0.000978338 
-3.33333 -1 0.00179132 
-3.33333 -0.933333 0.00326928 
-3.33333 -0.866667 0.0059408 
-3.33333 -0.8 0.0107328 
-3.33333 -0.733333 0.019241 
-3.33333 -0.666667 0.034144 
-3.33333 -0.6 0.0597888 
-3.33333 -0.533333 0.102917 
-3.33333 -0.466667 0.173364 
-3.33333 -0.4 0.284362 
-3.33333 -0.333333 0.451862 
-3.33333 -0.266667 0.692393 
-3.33333 -0.2 1.01939 
-3.33333 -0.133333 1.43847 
-3.33333 -0.0666667 1.94176 
-3.33333 -4.16334e-16 2.50202 
-3.33333 0.0666667 3.06922 
-3.33333 0.133333 3.57226 
-3.33333 0.2 3.92626 
-3.33333 0.266667 4.05024 
-3.33333 0.333333 3.91079 
-3.33333 0.4 3.56492 
-3.33333 0.466667 3.13702 
-3.33333 0.533333 2.75523 
-3.33333 0.6 2.51603 
-3.33333 0.666667 2.46438 
-3.33333 0.733333 2.36743 
-3.33333 0.8 2.14801 
-3.33333 0.866667 1.96237 
-3.33333 0.933333 1.8611 
-3.33333 1 1.77297 
-3.33333 1.06667 1.92773 
-3.33333 1.13333 2.18066 
-3.33333 1.2 2.03206 
-3.33333 1.26667 1.71974 
-3.33333 1.33333 2.12127 
-3.33333 1.4 1.95717 
-3.33333 1.46667 1.68175 
-3.33333 1.53333 1.88118 
-3.33333 1.6 1.78816 
-3.33333 1.66667 1.70909 
-3.33333 1.73333 2.31203 
-3.33333 1.8 1.73799 
-3.33333 1.86667 2.20257 
-3.33333 1.93333 1.44809 
-3.33333 2 2.33657 
-3.26667 -2 2.52063e-07 
-3.26667 -1.93333 4.65715e-07 
-3.26667 -1.86667 8.60422e-07 
-3.26667 -1.8 1.58956e-06 
-3.26667 -1.73333 2.93632e-06 
-3.26667 -1.66667 5.42353e-06 
-3.26667 -1.6 1.0016e-05 
-3.26667 -1.53333 1.84931e-05 
-3.26667 -1.46667 3.41353e-05 
-3.26667 -1.4 6.29836e-05 
-3.26667 -1.33333 0.00011615 
-3.26667 -1.26667 0.000214043 
-3.26667 -1.2 0.000394056 
-3.26667 -1.13333 0.000724504 
-3.26667 -1.06667 0.00132968 
-3.26667 -1 0.00243447 
-3.26667 -0.933333 0.00444271 
-3.26667 -0.866667 0.00807225 
-3.26667 -0.8 0.0145815 
-3.26667 -0.733333 0.026136 
-3.26667 -0.666667 0.0463686 
-3.26667 -0.6 0.0811717 
-3.26667 -0.533333 0.139675 
-3.26667 -0.466667 0.235189 
-3.26667 -0.4 0.385596 
-3.26667 -0.333333 0.612431 
-3.26667 -0.266667 0.93797 
-3.26667 -0.2 1.38027 
-3.26667 -0.133333 1.94676 
-3.26667 -0.0666667 2.62665 
-3.26667 -4.16334e-16 3.38302 
-3.26667 0.0666667 4.14825 
-3.26667 0.133333 4.82649 
-3.26667 0.2 5.30371 
-3.26667 0.266667 5.47142 
-3.26667 0.333333 5.28456 
-3.26667 0.4 4.81931 
-3.26667 0.466667 4.24283 
-3.26667 0.533333 3.72755 
-3.26667 0.6 3.40355 
-3.26667 0.666667 3.33289 
-3.26667 0.733333 3.20255 
-3.26667 0.8 2.9074 
-3.26667 0.866667 2.65691 
-3.26667 0.933333 2.52024 
-3.26667 1 2.40163 
-3.26667 1.06667 2.61119 
-3.26667 1.13333 2.95298 
-3.26667 1.2 2.75248 
-3.26667 1.26667 2.3296 
-3.26667 1.33333 2.87288 
-3.26667 1.4 2.65125 
-3.26667 1.46667 2.27845 
-3.26667 1.53333 2.5485 
-3.26667 1.6 2.42269 
-3.26667 1.66667 2.31574 
-3.26667 1.73333 3.12977 
-3.26667 1.8 2.35471 
-3.26667 1.86667 2.98217 
-3.26667 1.93333 1.96261 
-3.26667 2 3.16291 
-3.2 -2 3.42642e-07 
-3.2 -1.93333 6.3307e-07 
-3.2 -1.86667 1.16961e-06 
-3.2 -1.8 2.16076e-06 
-3.2 -1.73333 3.99147e-06 
-3.2 -1.66667 7.37241e-06 
-3.2 -1.6 1.3615e-05 
-3.2 -1.53333 2.51382e-05 
-3.2 -1.46667 4.64005e-05 
-3.2 -1.4 8.56133e-05 
-3.2 -1.33333 0.00015788 
-3.2 -1.26667 0.000290937 
-3.2 -1.2 0.000535603 
-3.2 -1.13333 0.000984711 
-3.2 -1.06667 0.00180714 
-3.2 -1 0.0033084 
-3.2 -0.933333 0.006037 
-3.2 -0.866667 0.0109677 
-3.2 -0.8 0.0198085 
-3.2 -0.733333 0.0354973 
-3.2 -0.666667 0.0629599 
-3.2 -0.6 0.110179 
-3.2 -0.533333 0.189513 
-3.2 -0.466667 0.318957 
-3.2 -0.4 0.52266 
-3.2 -0.333333 0.829662 
-3.2 -0.266667 1.26994 
-3.2 -0.2 1.86772 
-3.2 -0.133333 2.63279 
-3.2 -0.0666667 3.55032 
-3.2 -4.16334e-16 4.57031 
-3.2 0.0666667 5.60146 
-3.2 0.133333 6.51474 
-3.2 0.2 7.15723 
-3.2 0.266667 7.38389 
-3.2 0.333333 7.13407 
-3.2 0.4 6.50927 
-3.2 0.466667 5.73372 
-3.2 0.533333 5.03912 
-3.2 0.6 4.60053 
-3.2 0.666667 4.50382 
-3.2 0.733333 4.32884 
-3.2 0.8 3.93252 
-3.2 0.866667 3.59492 
-3.2 0.933333 3.4107 
-3.2 1 3.25132 
-3.2 1.06667 3.53488 
-3.2 1.13333 3.99632 
-3.2 1.2 3.72612 
-3.2 1.26667 3.15393 
-3.2 1.33333 3.88841 
-3.2 1.4 3.58939 
-3.2 1.46667 3.08518 
-3.2 1.53333 3.4506 
-3.2 1.6 3.28057 
-3.2 1.66667 3.13603 
-3.2 1.73333 4.23387 
-3.2 1.8 3.1885 
-3.2 1.86667 4.03508 
-3.2 1.93333 2.65864 
-3.2 2 4.27856 
-3.13333 -2 4.65771e-07 
-3.13333 -1.93333 8.60564e-07 
-3.13333 -1.86667 1.58991e-06 
-3.13333 -1.8 2.93722e-06 
-3.13333 -1.73333 5.42577e-06 
-3.13333 -1.66667 1.00216e-05 
-3.13333 -1.6 1.85073e-05 
-3.13333 -1.53333 3.41708e-05 
-3.13333 -1.46667 6.30724e-05 
-3.13333 -1.4 0.000116373 
-3.13333 -1.33333 0.0002146 
-3.13333 -1.26667 0.000395449 
-3.13333 -1.2 0.000727981 
-3.13333 -1.13333 0.00133834 
-3.13333 -1.06667 0.00245596 
-3.13333 -1 0.00449586 
-3.13333 -0.933333 0.00820292 
-3.13333 -0.866667 0.0149004 
-3.13333 -0.8 0.0269062 
-3.13333 -0.733333 0.0482047 
-3.13333 -0.666667 0.0854719 
-3.13333 -0.6 0.149517 
-3.13333 -0.533333 0.257055 
-3.13333 -0.466667 0.432397 
-3.13333 -0.4 0.708118 
-3.13333 -0.333333 1.12333 
-3.13333 -0.266667 1.7183 
-3.13333 -0.2 2.52547 
-3.13333 -0.133333 3.55765 
-3.13333 -0.0666667 4.79445 
-3.13333 -4.16334e-16 6.16818 
-3.13333 0.0666667 7.55574 
-3.13333 0.133333 8.78366 
-3.13333 0.2 9.64735 
-3.13333 0.266667 9.95337 
-3.13333 0.333333 9.62025 
-3.13333 0.4 8.78281 
-3.13333 0.466667 7.74116 
-3.13333 0.533333 6.8061 
-3.13333 0.6 6.21285 
-3.13333 0.666667 6.08039 
-3.13333 0.733333 5.84594 
-3.13333 0.8 5.31478 
-3.13333 0.866667 4.86041 
-3.13333 0.933333 4.61245 
-3.13333 1 4.39868 
-3.13333 1.06667 4.78208 
-3.13333 1.13333 5.40433 
-3.13333 1.2 5.04072 
-3.13333 1.26667 4.2671 
-3.13333 1.33333 5.2592 
-3.13333 1.4 4.85626 
-3.13333 1.46667 4.17487 
-3.13333 1.53333 4.66895 
-3.13333 1.6 4.43941 
-3.13333 1.66667 4.24424 
-3.13333 1.73333 5.72294 
-3.13333 1.8 4.31479 
-3.13333 1.86667 5.45562 
-3.13333 1.93333 3.59945 
-3.13333 2 5.78315 
-3.06667 -2 6.33147e-07 
-3.06667 -1.93333 1.16981e-06 
-3.06667 -1.86667 2.16124e-06 
-3.06667 -1.8 3.99269e-06 
-3.06667 -1.73333 7.37546e-06 
-3.06667 -1.66667 1.36227e-05 
-3.06667 -1.6 2.51574e-05 
-3.06667 -1.53333 4.64487e-05 
-3.06667 -1.46667 8.57341e-05 
-3.06667 -1.4 0.000158183 
-3.06667 -1.33333 0.000291694 
-3.06667 -1.26667 0.000537496 
-3.06667 -1.2 0.000989436 
-3.06667 -1.13333 0.00181891 
-3.06667 -1.06667 0.00333761 
-3.06667 -1 0.0061092 
-3.06667 -0.933333 0.0111451 
-3.06667 -0.866667 0.0202414 
-3.06667 -0.8 0.0365426 
-3.06667 -0.733333 0.0654504 
-3.06667 -0.666667 0.116008 
-3.06667 -0.6 0.202843 
-3.06667 -0.533333 0.348547 
-3.06667 -0.466667 0.585926 
-3.06667 -0.4 0.95887 
-3.06667 -0.333333 1.51996 
-3.06667 -0.266667 2.32324 
-3.06667 -0.2 3.41196 
-3.06667 -0.133333 4.80285 
-3.06667 -0.0666667 6.46779 
-3.06667 -4.16334e-16 8.31523 
-3.06667 0.0666667 10.1794 
-3.06667 0.133333 11.8275 
-3.06667 0.2 12.9865 
-3.06667 0.266667 13.3992 
-3.06667 0.333333 12.9564 
-3.06667 0.4 11.8364 
-3.06667 0.466667 10.44 
-3.06667 0.533333 9.18316 
-3.06667 0.6 8.38146 
-3.06667 0.666667 8.19994 
-3.06667 0.733333 7.88647 
-3.06667 0.8 7.17617 
-3.06667 0.866667 6.56563 
-3.06667 0.933333 6.23238 
-3.06667 1 5.94628 
-3.06667 1.06667 6.4642 
-3.06667 1.13333 7.30222 
-3.06667 1.2 6.81371 
-3.06667 1.26667 5.7687 
-3.06667 1.33333 7.10735 
-3.06667 1.4 6.56516 
-3.06667 1.46667 5.64522 
-3.06667 1.53333 6.31267 
-3.06667 1.6 6.00313 
-3.06667 1.66667 5.7399 
-3.06667 1.73333 7.72865 
-3.06667 1.8 5.83459 
-3.06667 1.86667 7.36979 
-3.06667 1.93333 4.86992 
-3.06667 2 7.80965 
-3 -2 8.60668e-07 
-3 -1.93333 1.59017e-06 
-3 -1.86667 2.93788e-06 
-3 -1.8 5.42742e-06 
-3 -1.73333 1.00257e-05 
-3 -1.66667 1.85177e-05 
-3 -1.6 3.41969e-05 
-3 -1.53333 6.31379e-05 
-3 -1.46667 0.000116537 
-3 -1.4 0.000215012 
-3 -1.33333 0.000396478 
-3 -1.26667 0.000730554 
-3 -1.2 0.00134476 
-3 -1.13333 0.00247195 
-3 -1.06667 0.00453554 
-3 -1 0.00830098 
-3 -0.933333 0.0151414 
-3 -0.866667 0.0274938 
-3 -0.8 0.049623 
-3 -0.733333 0.0888488 
-3 -0.666667 0.157415 
-3 -0.6 0.275099 
-3 -0.533333 0.472408 
-3 -0.466667 0.793563 
-3 -0.4 1.29761 
-3 -0.333333 2.05514 
-3 -0.266667 3.13847 
-3 -0.2 4.60515 
-3 -0.133333 6.47681 
-3 -0.0666667 8.71468 
-3 -4.16334e-16 11.195 
-3 0.0666667 13.6949 
-3 0.133333 15.9026 
-3 0.2 17.4549 
-3 0.266667 18.0106 
-3 0.333333 17.4239 
-3 0.4 15.9298 
-3 0.466667 14.0619 
-3 0.533333 12.3757 
-3 0.6 11.2934 
-3 0.666667 11.0446 
-3 0.733333 10.6264 
-3 0.8 9.67898 
-3 0.866667 8.8601 
-3 0.933333 8.41306 
-3 1 8.03112 
-3 1.06667 8.73002 
-3 1.13333 9.85689 
-3 1.2 9.20181 
-3 1.26667 7.79173 
-3 1.33333 9.59577 
-3 1.4 8.86738 
-3 1.46667 7.62683 
-3 1.53333 8.52753 
-3 1.6 8.11066 
-3 1.66667 7.75608 
-3 1.73333 10.4263 
-3 1.8 7.88291 
-3 1.86667 9.94545 
-3 1.93333 6.58371 
-3 2 10.5351 
-2.93333 -2 1.16995e-06 
-2.93333 -1.93333 2.1616e-06 
-2.93333 -1.86667 3.99358e-06 
-2.93333 -1.8 7.37771e-06 
-2.93333 -1.73333 1.36283e-05 
-2.93333 -1.66667 2.51715e-05 
-2.93333 -1.6 4.64842e-05 
-2.93333 -1.53333 8.58231e-05 
-2.93333 -1.46667 0.000158406 
-2.93333 -1.4 0.000292253 
-2.93333 -1.33333 0.000538895 
-2.93333 -1.26667 0.000992933 
-2.93333 -1.2 0.00182763 
-2.93333 -1.13333 0.00335933 
-2.93333 -1.06667 0.0061631 
-2.93333 -1 0.0112783 
-2.93333 -0.933333 0.0205685 
-2.93333 -0.866667 0.03734 
-2.93333 -0.8 0.067374 
-2.93333 -0.733333 0.120585 
-2.93333 -0.666667 0.213538 
-2.93333 -0.6 0.372955 
-2.93333 -0.533333 0.639982 
-2.93333 -0.466667 1.07415 
-2.93333 -0.4 1.75477 
-2.93333 -0.333333 2.7764 
-2.93333 -0.266667 4.2356 
-2.93333 -0.2 6.20867 
-2.93333 -0.133333 8.7233 
-2.93333 -0.0666667 11.7259 
-2.93333 -4.16334e-16 15.0494 
-2.93333 0.0666667 18.3948 
-2.93333 0.133333 21.3457 
-2.93333 0.2 23.4197 
-2.93333 0.266667 24.1669 
-2.93333 0.333333 23.3925 
-2.93333 0.4 21.4051 
-2.93333 0.466667 18.9127 
-2.93333 0.533333 16.6551 
-2.93333 0.6 15.1961 
-2.93333 0.666667 14.8548 
-2.93333 0.733333 14.2985 
-2.93333 0.8 13.0384 
-2.93333 0.866667 11.9424 
-2.93333 0.933333 11.344 
-2.93333 1 10.8356 
-2.93333 1.06667 11.7775 
-2.93333 1.13333 13.2901 
-2.93333 1.2 12.4136 
-2.93333 1.26667 10.5133 
-2.93333 1.33333 12.941 
-2.93333 1.4 11.9644 
-2.93333 1.46667 10.2937 
-2.93333 1.53333 11.5076 
-2.93333 1.6 10.9471 
-2.93333 1.66667 10.4702 
-2.93333 1.73333 14.0483 
-2.93333 1.8 10.6397 
-2.93333 1.86667 13.4055 
-2.93333 1.93333 8.89258 
-2.93333 2 14.1941 
-2.86667 -2 1.59037e-06 
-2.86667 -1.93333 2.93836e-06 
-2.86667 -1.86667 5.42864e-06 
-2.86667 -1.8 1.00288e-05 
-2.86667 -1.73333 1.85253e-05 
-2.86667 -1.66667 3.42161e-05 
-2.86667 -1.6 6.31861e-05 
-2.86667 -1.53333 0.000116658 
-2.86667 -1.46667 0.000215315 
-2.86667 -1.4 0.000397238 
-2.86667 -1.33333 0.000732455 
-2.86667 -1.26667 0.00134951 
-2.86667 -1.2 0.00248381 
-2.86667 -1.13333 0.00456505 
-2.86667 -1.06667 0.00837419 
-2.86667 -1 0.0153222 
-2.86667 -0.933333 0.0279379 
-2.86667 -0.866667 0.0507048 
-2.86667 -0.8 0.0914569 
-2.86667 -0.733333 0.163615 
-2.86667 -0.666667 0.289573 
-2.86667 -0.6 0.5054 
-2.86667 -0.533333 0.866525 
-2.86667 -0.466667 1.45296 
-2.86667 -0.4 2.37104 
-2.86667 -0.333333 3.74715 
-2.86667 -0.266667 5.70981 
-2.86667 -0.2 8.35983 
-2.86667 -0.133333 11.7322 
-2.86667 -0.0666667 15.7528 
-2.86667 -4.16334e-16 20.1962 
-2.86667 0.0666667 24.6624 
-2.86667 0.133333 28.5963 
-2.86667 0.2 31.3604 
-2.86667 0.266667 32.363 
-2.86667 0.333333 31.3456 
-2.86667 0.4 28.7106 
-2.86667 0.466667 25.3944 
-2.86667 0.533333 22.3789 
-2.86667 0.6 20.4151 
-2.86667 0.666667 19.9468 
-2.86667 0.733333 19.209 
-2.86667 0.8 17.5384 
-2.86667 0.866667 16.0753 
-2.86667 0.933333 15.2762 
-2.86667 1 14.6016 
-2.86667 1.06667 15.8692 
-2.86667 1.13333 17.8955 
-2.86667 1.2 16.7256 
-2.86667 1.26667 14.1684 
-2.86667 1.33333 17.43 
-2.86667 1.4 16.1234 
-2.86667 1.46667 13.8769 
-2.86667 1.53333 15.5107 
-2.86667 1.6 14.7583 
-2.86667 1.66667 14.1179 
-2.86667 1.73333 18.902 
-2.86667 1.8 14.3438 
-2.86667 1.86667 18.0449 
-2.86667 1.93333 11.9986 
-2.86667 2 19.097 
-2.8 -2 2.16186e-06 
-2.8 -1.93333 3.99424e-06 
-2.8 -1.86667 7.37936e-06 
-2.8 -1.8 1.36324e-05 
-2.8 -1.73333 2.51819e-05 
-2.8 -1.66667 4.65103e-05 
-2.8 -1.6 8.58886e-05 
-2.8 -1.53333 0.00015857 
-2.8 -1.46667 0.000292665 
-2.8 -1.4 0.000539928 
-2.8 -1.33333 0.000995516 
-2.8 -1.26667 0.00183409 
-2.8 -1.2 0.00337544 
-2.8 -1.13333 0.00620319 
-2.8 -1.06667 0.0113777 
-2.8 -1 0.020814 
-2.8 -0.933333 0.0379426 
-2.8 -0.866667 0.0688413 
-2.8 -0.8 0.12412 
-2.8 -0.733333 0.221933 
-2.8 -0.666667 0.392529 
-2.8 -0.6 0.684537 
-2.8 -0.533333 1.17252 
-2.8 -0.466667 1.96384 
-2.8 -0.4 3.20073 
-2.8 -0.333333 5.05168 
-2.8 -0.266667 7.68721 
-2.8 -0.2 11.2398 
-2.8 -0.133333 15.7531 
-2.8 -0.0666667 21.1244 
-2.8 -4.16334e-16 27.0502 
-2.8 0.0666667 32.9963 
-2.8 0.133333 38.2257 
-2.8 0.2 41.8986 
-2.8 0.266667 43.241 
-2.8 0.333333 41.9109 
-2.8 0.4 38.4302 
-2.8 0.466667 34.032 
-2.8 0.533333 30.0154 
-2.8 0.6 27.3769 
-2.8 0.666667 26.7345 
-2.8 0.733333 25.759 
-2.8 0.8 23.5527 
-2.8 0.866667 21.6047 
-2.8 0.933333 20.5406 
-2.8 1 19.6489 
-2.8 1.06667 21.3519 
-2.8 1.13333 24.0599 
-2.8 1.2 22.503 
-2.8 1.26667 19.0677 
-2.8 1.33333 23.4411 
-2.8 1.4 21.6974 
-2.8 1.46667 18.6824 
-2.8 1.53333 20.8774 
-2.8 1.6 19.8695 
-2.8 1.66667 19.0115 
-2.8 1.73333 25.3914 
-2.8 1.8 19.3116 
-2.8 1.86667 24.2518 
-2.8 1.93333 16.1698 
-2.8 2 25.6516 
-2.73333 -2 2.93872e-06 
-2.73333 -1.93333 5.42953e-06 
-2.73333 -1.86667 1.0031e-05 
-2.73333 -1.8 1.8531e-05 
-2.73333 -1.73333 3.42302e-05 
-2.73333 -1.66667 6.32216e-05 
-2.73333 -1.6 0.000116747 
-2.73333 -1.53333 0.000215538 
-2.73333 -1.46667 0.000397798 
-2.73333 -1.4 0.000733858 
-2.73333 -1.33333 0.00135302 
-2.73333 -1.26667 0.00249258 
-2.73333 -1.2 0.00458693 
-2.73333 -1.13333 0.00842863 
-2.73333 -1.06667 0.0154572 
-2.73333 -1 0.0282711 
-2.73333 -0.933333 0.0515223 
-2.73333 -0.866667 0.093446 
-2.73333 -0.8 0.168403 
-2.73333 -0.733333 0.300932 
-2.73333 -0.666667 0.531849 
-2.73333 -0.6 0.926632 
-2.73333 -0.533333 1.58542 
-2.73333 -0.466667 2.65197 
-2.73333 -0.4 4.31607 
-2.73333 -0.333333 6.80168 
-2.73333 -0.266667 10.3342 
-2.73333 -0.2 15.0868 
-2.73333 -0.133333 21.1126 
-2.73333 -0.0666667 28.2697 
-2.73333 -4.16334e-16 36.1498 
-2.73333 0.0666667 44.0418 
-2.73333 0.133333 50.9706 
-2.73333 0.2 55.8347 
-2.73333 0.266667 57.6273 
-2.73333 0.333333 55.8981 
-2.73333 0.4 51.3196 
-2.73333 0.466667 45.5076 
-2.73333 0.533333 40.1741 
-2.73333 0.6 36.637 
-2.73333 0.666667 35.7561 
-2.73333 0.733333 34.4712 
-2.73333 0.8 31.5692 
-2.73333 0.866667 28.9842 
-2.73333 0.933333 27.5719 
-2.73333 1 26.3982 
-2.73333 1.06667 28.6816 
-2.73333 1.13333 32.2907 
-2.73333 1.2 30.2256 
-2.73333 1.26667 25.62 
-2.73333 1.33333 31.4711 
-2.73333 1.4 29.1509 
-2.73333 1.46667 25.1127 
-2.73333 1.53333 28.056 
-2.73333 1.6 26.7091 
-2.73333 1.66667 25.562 
-2.73333 1.73333 34.0452 
-2.73333 1.8 25.9594 
-2.73333 1.86667 32.5352 
-2.73333 1.93333 21.7604 
-2.73333 2 34.3914 
-2.66667 -2 3.99472e-06 
-2.66667 -1.93333 7.38057e-06 
-2.66667 -1.86667 1.36355e-05 
-2.66667 -1.8 2.51896e-05 
-2.66667 -1.73333 4.65295e-05 
-2.66667 -1.66667 8.59369e-05 
-2.66667 -1.6 0.000158691 
-2.66667 -1.53333 0.000292969 
-2.66667 -1.46667 0.000540689 
-2.66667 -1.4 0.000997423 
-2.66667 -1.33333 0.00183886 
-2.66667 -1.26667 0.00338736 
-2.66667 -1.2 0.00623291 
-2.66667 -1.13333 0.0114516 
-2.66667 -1.06667 0.0209973 
-2.66667 -1 0.0383948 
-2.66667 -0.933333 0.0699499 
-2.66667 -0.866667 0.126815 
-2.66667 -0.8 0.228414 
-2.66667 -0.733333 0.407887 
-2.66667 -0.666667 0.720242 
-2.66667 -0.6 1.25351 
-2.66667 -0.533333 2.14193 
-2.66667 -0.466667 3.57754 
-2.66667 -0.4 5.81289 
-2.66667 -0.333333 9.1446 
-2.66667 -0.266667 13.8693 
-2.66667 -0.2 20.2119 
-2.66667 -0.133333 28.2359 
-2.66667 -0.0666667 37.7441 
-2.66667 -4.16334e-16 48.1891 
-2.66667 0.0666667 58.6272 
-2.66667 0.133333 67.774 
-2.66667 0.2 74.1916 
-2.66667 0.266667 76.5782 
-2.66667 0.333333 74.3442 
-2.66667 0.4 68.3496 
-2.66667 0.466667 60.701 
-2.66667 0.533333 53.644 
-2.66667 0.6 48.9144 
-2.66667 0.666667 47.7078 
-2.66667 0.733333 46.0216 
-2.66667 0.8 42.2226 
-2.66667 0.866667 38.8049 
-2.66667 0.933333 36.937 
-2.66667 1 35.3998 
-2.66667 1.06667 38.4543 
-2.66667 1.13333 43.2493 
-2.66667 1.2 40.5204 
-2.66667 1.26667 34.3604 
-2.66667 1.33333 42.168 
-2.66667 1.4 39.0911 
-2.66667 1.46667 33.696 
-2.66667 1.53333 37.6334 
-2.66667 1.6 35.8384 
-2.66667 1.66667 34.309 
-2.66667 1.73333 45.5512 
-2.66667 1.8 34.833 
-2.66667 1.86667 43.5578 
-2.66667 1.93333 29.2363 
-2.66667 2 46.0103 
-2.6 -2 5.43019e-06 
-2.6 -1.93333 1.00327e-05 
-2.6 -1.86667 1.85351e-05 
-2.6 -1.8 3.42406e-05 
-2.6 -1.73333 6.32478e-05 
-2.6 -1.66667 0.000116813 
-2.6 -1.6 0.000215703 
-2.6 -1.53333 0.000398211 
-2.6 -1.46667 0.000734893 
-2.6 -1.4 0.00135561 
-2.6 -1.33333 0.00249906 
-2.6 -1.26667 0.00460312 
-2.6 -1.2 0.00846901 
-2.6 -1.13333 0.0155576 
-2.6 -1.06667 0.0285199 
-2.6 -1 0.0521357 
-2.6 -0.933333 0.094949 
-2.6 -0.866667 0.172054 
-2.6 -0.8 0.309701 
-2.6 -0.733333 0.552597 
-2.6 -0.666667 0.97478 
-2.6 -0.6 1.6944 
-2.6 -0.533333 2.89101 
-2.6 -0.466667 4.82049 
-2.6 -0.4 7.8178 
-2.6 -0.333333 12.2743 
-2.6 -0.266667 18.5783 
-2.6 -0.2 27.0201 
-2.6 -0.133333 37.6723 
-2.6 -0.0666667 50.2619 
-2.6 -4.16334e-16 64.056 
-2.6 0.0666667 77.8079 
-2.6 0.133333 89.8331 
-2.6 0.2 98.265 
-2.6 0.266667 101.431 
-2.6 0.333333 98.565 
-2.6 0.4 90.7573 
-2.6 0.466667 80.7377 
-2.6 0.533333 71.4379 
-2.6 0.6 65.1329 
-2.6 0.666667 63.4825 
-2.6 0.733333 61.279 
-2.6 0.8 56.3315 
-2.6 0.866667 51.8316 
-2.6 0.933333 49.3717 
-2.6 1 47.3695 
-2.6 1.06667 51.4443 
-2.6 1.13333 57.7922 
-2.6 1.2 54.2017 
-2.6 1.26667 45.9848 
-2.6 1.33333 56.3722 
-2.6 1.4 52.3073 
-2.6 1.46667 45.1196 
-2.6 1.53333 50.3729 
-2.6 1.6 47.9883 
-2.6 1.66667 45.9554 
-2.6 1.73333 60.7976 
-2.6 1.8 46.6433 
-2.6 1.86667 58.177 
-2.6 1.93333 39.2067 
-2.6 2 61.4041 
-2.53333 -2 7.38147e-06 
-2.53333 -1.93333 1.36377e-05 
-2.53333 -1.86667 2.51952e-05 
-2.53333 -1.8 4.65437e-05 
-2.53333 -1.73333 8.59724e-05 
-2.53333 -1.66667 0.000158781 
-2.53333 -1.6 0.000293193 
-2.53333 -1.53333 0.00054125 
-2.53333 -1.46667 0.000998829 
-2.53333 -1.4 0.00184238 
-2.53333 -1.33333 0.00339616 
-2.53333 -1.26667 0.00625491 
-2.53333 -1.2 0.0115065 
-2.53333 -1.13333 0.0211336 
-2.53333 -1.06667 0.0387323 
-2.53333 -1 0.0707818 
-2.53333 -0.933333 0.128852 
-2.53333 -0.866667 0.233357 
-2.53333 -0.8 0.419741 
-2.53333 -0.733333 0.748244 
-2.53333 -0.666667 1.31836 
-2.53333 -0.6 2.28835 
-2.53333 -0.533333 3.89779 
-2.53333 -0.466667 6.48658 
-2.53333 -0.4 10.4974 
-2.53333 -0.333333 16.4442 
-2.53333 -0.266667 24.8328 
-2.53333 -0.2 36.0341 
-2.53333 -0.133333 50.1273 
-2.53333 -0.0666667 66.7344 
-2.53333 -4.16334e-16 84.8772 
-2.53333 0.0666667 102.916 
-2.53333 0.133333 118.653 
-2.53333 0.2 129.68 
-2.53333 0.266667 133.864 
-2.53333 0.333333 130.214 
-2.53333 0.4 120.103 
-2.53333 0.466667 107.045 
-2.53333 0.533333 94.8451 
-2.53333 0.6 86.4701 
-2.53333 0.666667 84.2175 
-2.53333 0.733333 81.3507 
-2.53333 0.8 74.9443 
-2.53333 0.866667 69.0475 
-2.53333 0.933333 65.8231 
-2.53333 1 63.2315 
-2.53333 1.06667 68.6503 
-2.53333 1.13333 77.0196 
-2.53333 1.2 72.3185 
-2.53333 1.26667 61.3927 
-2.53333 1.33333 75.1645 
-2.53333 1.4 69.8175 
-2.53333 1.46667 60.2734 
-2.53333 1.53333 67.2602 
-2.53333 1.6 64.1038 
-2.53333 1.66667 61.4113 
-2.53333 1.73333 80.9228 
-2.53333 1.8 62.3097 
-2.53333 1.86667 77.4938 
-2.53333 1.93333 52.4635 
-2.53333 2 81.7206 
-2.46667 -2 1.00339e-05 
-2.46667 -1.93333 1.85382e-05 
-2.46667 -1.86667 3.42483e-05 
-2.46667 -1.8 6.3267e-05 
-2.46667 -1.73333 0.000116861 
-2.46667 -1.66667 0.000215824 
-2.46667 -1.6 0.000398515 
-2.46667 -1.53333 0.000735655 
-2.46667 -1.46667 0.00135752 
-2.46667 -1.4 0.00250385 
-2.46667 -1.33333 0.00461509 
-2.46667 -1.26667 0.00849888 
-2.46667 -1.2 0.015632 
-2.46667 -1.13333 0.0287049 
-2.46667 -1.06667 0.0525936 
-2.46667 -1 0.0960767 
-2.46667 -0.933333 0.174812 
-2.46667 -0.866667 0.316387 
-2.46667 -0.8 0.568609 
-2.46667 -0.733333 1.01253 
-2.46667 -0.666667 1.78161 
-2.46667 -0.6 3.08738 
-2.46667 -0.533333 5.24861 
-2.46667 -0.466667 8.71525 
-2.46667 -0.4 14.0699 
-2.46667 -0.333333 21.9842 
-2.46667 -0.266667 33.1126 
-2.46667 -0.2 47.9247 
-2.46667 -0.133333 66.4998 
-2.46667 -0.0666667 88.3148 
-2.46667 -4.16334e-16 112.069 
-2.46667 0.0666667 135.617 
-2.46667 0.133333 156.108 
-2.46667 0.2 170.454 
-2.46667 0.266667 175.957 
-2.46667 0.333333 171.349 
-2.46667 0.4 158.338 
-2.46667 0.466667 141.415 
-2.46667 0.533333 125.491 
-2.46667 0.6 114.413 
-2.46667 0.666667 111.347 
-2.46667 0.733333 107.635 
-2.46667 0.8 99.3916 
-2.46667 0.866667 91.7048 
-2.46667 0.933333 87.5007 
-2.46667 1 84.1696 
-2.46667 1.06667 91.3495 
-2.46667 1.13333 102.333 
-2.46667 1.2 96.2112 
-2.46667 1.26667 81.7364 
-2.46667 1.33333 99.9235 
-2.46667 1.4 92.9243 
-2.46667 1.46667 80.2992 
-2.46667 1.53333 89.558 
-2.46667 1.6 85.3974 
-2.46667 1.66667 81.8454 
-2.46667 1.73333 107.373 
-2.46667 1.8 83.0122 
-2.46667 1.86667 102.909 
-2.46667 1.93333 70.0283 
-2.46667 2 108.417 
-2.4 -2 1.36394e-05 
-2.4 -1.93333 2.51994e-05 
-2.4 -1.86667 4.65541e-05 
-2.4 -1.8 8.59986e-05 
-2.4 -1.73333 0.000158846 
-2.4 -1.66667 0.000293357 
-2.4 -1.6 0.000541663 
-2.4 -1.53333 0.000999865 
-2.4 -1.46667 0.00184498 
-2.4 -1.4 0.00340266 
-2.4 -1.33333 0.00627116 
-2.4 -1.26667 0.011547 
-2.4 -1.2 0.0212347 
-2.4 -1.13333 0.0389834 
-2.4 -1.06667 0.0714028 
-2.4 -1 0.13038 
-2.4 -0.933333 0.23709 
-2.4 -0.866667 0.428778 
-2.4 -0.8 0.769848 
-2.4 -0.733333 1.36918 
-2.4 -0.666667 2.40545 
-2.4 -0.6 4.16061 
-2.4 -0.533333 7.0575 
-2.4 -0.466667 11.6895 
-2.4 -0.4 18.8198 
-2.4 -0.333333 29.3211 
-2.4 -0.266667 44.0339 
-2.4 -0.2 63.5459 
-2.4 -0.133333 87.9246 
-2.4 -0.0666667 116.448 
-2.4 -4.16334e-16 147.393 
-2.4 0.0666667 177.968 
-2.4 0.133333 204.502 
-2.4 0.2 223.061 
-2.4 0.266667 230.262 
-2.4 0.333333 224.494 
-2.4 0.4 207.865 
-2.4 0.466667 186.07 
-2.4 0.533333 165.405 
-2.4 0.6 150.82 
-2.4 0.666667 146.664 
-2.4 0.733333 141.88 
-2.4 0.8 131.345 
-2.4 0.866667 121.384 
-2.4 0.933333 115.935 
-2.4 1 111.686 
-2.4 1.06667 121.16 
-2.4 1.13333 135.499 
-2.4 1.2 127.576 
-2.4 1.26667 108.48 
-2.4 1.33333 132.39 
-2.4 1.4 123.278 
-2.4 1.46667 106.65 
-2.4 1.53333 118.868 
-2.4 1.6 113.41 
-2.4 1.66667 108.745 
-2.4 1.73333 141.965 
-2.4 1.8 110.251 
-2.4 1.86667 136.189 
-2.4 1.93333 93.2082 
-2.4 2 143.325 
-2.33333 -2 1.85404e-05 
-2.33333 -1.93333 3.42539e-05 
-2.33333 -1.86667 6.32812e-05 
-2.33333 -1.8 0.000116897 
-2.33333 -1.73333 0.000215913 
-2.33333 -1.66667 0.000398739 
-2.33333 -1.6 0.000736217 
-2.33333 -1.53333 0.00135893 
-2.33333 -1.46667 0.00250737 
-2.33333 -1.4 0.00462392 
-2.33333 -1.33333 0.00852095 
-2.33333 -1.26667 0.0156871 
-2.33333 -1.2 0.028842 
-2.33333 -1.13333 0.0529342 
-2.33333 -1.06667 0.0969184 
-2.33333 -1 0.176881 
-2.33333 -0.933333 0.321437 
-2.33333 -0.866667 0.580813 
-2.33333 -0.8 1.04165 
-2.33333 -0.733333 1.84994 
-2.33333 -0.666667 3.24431 
-2.33333 -0.6 5.59956 
-2.33333 -0.533333 9.47452 
-2.33333 -0.466667 15.6483 
-2.33333 -0.4 25.1154 
-2.33333 -0.333333 39.0028 
-2.33333 -0.266667 58.3811 
-2.33333 -0.2 83.9756 
-2.33333 -0.133333 115.822 
-2.33333 -0.0666667 152.926 
-2.33333 -4.16334e-16 193.016 
-2.33333 0.0666667 232.483 
-2.33333 0.133333 266.634 
-2.33333 0.2 290.496 
-2.33333 0.266667 299.863 
-2.33333 0.333333 292.713 
-2.33333 0.4 271.618 
-2.33333 0.466667 243.737 
-2.33333 0.533333 217.085 
-2.33333 0.6 197.988 
-2.33333 0.666667 192.381 
-2.33333 0.733333 186.248 
-2.33333 0.8 172.882 
-2.33333 0.866667 160.057 
-2.33333 0.933333 153.042 
-2.33333 1 147.669 
-2.33333 1.06667 160.109 
-2.33333 1.13333 178.719 
-2.33333 1.2 168.534 
-2.33333 1.26667 143.463 
-2.33333 1.33333 174.737 
-2.33333 1.4 162.947 
-2.33333 1.46667 141.154 
-2.33333 1.53333 157.202 
-2.33333 1.6 150.078 
-2.33333 1.66667 143.984 
-2.33333 1.73333 186.959 
-2.33333 1.8 145.914 
-2.33333 1.86667 179.531 
-2.33333 1.93333 123.659 
-2.33333 2 188.721 
-2.26667 -2 2.52024e-05 
-2.26667 -1.93333 4.65618e-05 
-2.26667 -1.86667 8.60178e-05 
-2.26667 -1.8 0.000158894 
-2.26667 -1.73333 0.000293479 
-2.26667 -1.66667 0.000541967 
-2.26667 -1.6 0.00100063 
-2.26667 -1.53333 0.00184689 
-2.26667 -1.46667 0.00340745 
-2.26667 -1.4 0.00628315 
-2.26667 -1.33333 0.011577 
-2.26667 -1.26667 0.0213095 
-2.26667 -1.2 0.0391695 
-2.26667 -1.13333 0.0718645 
-2.26667 -1.06667 0.13152 
-2.26667 -1 0.239891 
-2.26667 -0.933333 0.435604 
-2.26667 -0.866667 0.786313 
-2.26667 -0.8 1.40837 
-2.26667 -0.733333 2.49714 
-2.26667 -0.666667 4.37049 
-2.26667 -0.6 7.52494 
-2.26667 -0.533333 12.6961 
-2.26667 -0.466667 20.9021 
-2.26667 -0.4 33.4314 
-2.26667 -0.333333 51.7287 
-2.26667 -0.266667 77.145 
-2.26667 -0.2 110.562 
-2.26667 -0.133333 151.95 
-2.26667 -0.0666667 199.946 
-2.26667 -4.16334e-16 251.572 
-2.26667 0.0666667 302.194 
-2.26667 0.133333 345.859 
-2.26667 0.2 376.331 
-2.26667 0.266667 388.438 
-2.26667 0.333333 379.662 
-2.26667 0.4 353.113 
-2.26667 0.466667 317.709 
-2.26667 0.533333 283.571 
-2.26667 0.6 258.721 
-2.26667 0.666667 251.2 
-2.26667 0.733333 243.378 
-2.26667 0.8 226.551 
-2.26667 0.866667 210.158 
-2.26667 0.933333 201.191 
-2.26667 1 194.462 
-2.26667 1.06667 210.708 
-2.26667 1.13333 234.704 
-2.26667 1.2 221.707 
-2.26667 1.26667 188.971 
-2.26667 1.33333 229.643 
-2.26667 1.4 214.491 
-2.26667 1.46667 186.09 
-2.26667 1.53333 207.051 
-2.26667 1.6 197.81 
-2.26667 1.66667 189.895 
-2.26667 1.73333 245.13 
-2.26667 1.8 192.35 
-2.26667 1.86667 235.643 
-2.26667 1.93333 163.457 
-2.26667 2 247.396 
-2.2 -2 3.42581e-05 
-2.2 -1.93333 6.32916e-05 
-2.2 -1.86667 0.000116923 
-2.2 -1.8 0.000215979 
-2.2 -1.73333 0.000398904 
-2.2 -1.66667 0.00073663 
-2.2 -1.6 0.00135997 
-2.2 -1.53333 0.00250997 
-2.2 -1.46667 0.00463043 
-2.2 -1.4 0.00853724 
-2.2 -1.33333 0.0157278 
-2.2 -1.26667 0.0289435 
-2.2 -1.2 0.0531866 
-2.2 -1.13333 0.0975444 
-2.2 -1.06667 0.178426 
-2.2 -1 0.325225 
-2.2 -0.933333 0.59003 
-2.2 -0.866667 1.06383 
-2.2 -0.8 1.9026 
-2.2 -0.733333 3.36713 
-2.2 -0.666667 5.87958 
-2.2 -0.6 10.0953 
-2.2 -0.533333 16.9783 
-2.2 -0.466667 27.8518 
-2.2 -0.4 44.3743 
-2.2 -0.333333 68.3834 
-2.2 -0.266667 101.566 
-2.2 -0.2 144.974 
-2.2 -0.133333 198.461 
-2.2 -0.0666667 260.17 
-2.2 -4.16334e-16 326.217 
-2.2 0.0666667 390.7 
-2.2 0.133333 446.134 
-2.2 0.2 484.766 
-2.2 0.266667 500.298 
-2.2 0.333333 489.641 
-2.2 0.4 456.507 
-2.2 0.466667 411.904 
-2.2 0.533333 368.504 
-2.2 0.6 336.391 
-2.2 0.666667 326.373 
-2.2 0.733333 316.45 
-2.2 0.8 295.44 
-2.2 0.866667 274.649 
-2.2 0.933333 263.278 
-2.2 1 254.934 
-2.2 1.06667 276.02 
-2.2 1.13333 306.739 
-2.2 1.2 290.288 
-2.2 1.26667 247.809 
-2.2 1.33333 300.364 
-2.2 1.4 281.034 
-2.2 1.46667 244.254 
-2.2 1.53333 271.465 
-2.2 1.6 259.557 
-2.2 1.66667 249.343 
-2.2 1.73333 319.833 
-2.2 1.8 252.44 
-2.2 1.86667 307.806 
-2.2 1.93333 215.171 
-2.2 2 322.726 
-2.13333 -2 4.65674e-05 
-2.13333 -1.93333 8.6032e-05 
-2.13333 -1.86667 0.00015893 
-2.13333 -1.8 0.000293568 
-2.13333 -1.73333 0.000542191 
-2.13333 -1.66667 0.00100119 
-2.13333 -1.6 0.0018483 
-2.13333 -1.53333 0.00341099 
-2.13333 -1.46667 0.006292 
-2.13333 -1.4 0.0115991 
-2.13333 -1.33333 0.0213647 
-2.13333 -1.26667 0.0393072 
-2.13333 -1.2 0.0722069 
-2.13333 -1.13333 0.132369 
-2.13333 -1.06667 0.241982 
-2.13333 -1 0.440724 
-2.13333 -0.933333 0.798747 
-2.13333 -0.866667 1.43823 
-2.13333 -0.8 2.5678 
-2.13333 -0.733333 4.53465 
-2.13333 -0.666667 7.89754 
-2.13333 -0.6 13.5179 
-2.13333 -0.533333 22.6528 
-2.13333 -0.466667 37.0116 
-2.13333 -0.4 58.7141 
-2.13333 -0.333333 90.0771 
-2.13333 -0.266667 133.183 
-2.13333 -0.2 189.256 
-2.13333 -0.133333 257.96 
-2.13333 -0.0666667 336.78 
-2.13333 -4.16334e-16 420.684 
-2.13333 0.0666667 502.214 
-2.13333 0.133333 572.048 
-2.13333 0.2 620.642 
-2.13333 0.266667 640.41 
-2.13333 0.333333 627.608 
-2.13333 0.4 586.622 
-2.13333 0.466667 530.903 
-2.13333 0.533333 476.174 
-2.13333 0.6 434.995 
-2.13333 0.666667 421.756 
-2.13333 0.733333 409.241 
-2.13333 0.8 383.229 
-2.13333 0.866667 357.079 
-2.13333 0.933333 342.786 
-2.13333 1 332.551 
-2.13333 1.06667 359.731 
-2.13333 1.13333 398.749 
-2.13333 1.2 378.106 
-2.13333 1.26667 323.364 
-2.13333 1.33333 390.792 
-2.13333 1.4 366.331 
-2.13333 1.46667 319.034 
-2.13333 1.53333 354.115 
-2.13333 1.6 338.882 
-2.13333 1.66667 325.794 
-2.13333 1.73333 415.063 
-2.13333 1.8 329.667 
-2.13333 1.86667 399.938 
-2.13333 1.93333 281.935 
-2.13333 2 418.728 
-2.06667 -2 6.32993e-05 
-2.06667 -1.93333 0.000116942 
-2.06667 -1.86667 0.000216027 
-2.06667 -1.8 0.000399025 
-2.06667 -1.73333 0.000736935 
-2.06667 -1.66667 0.00136073 
-2.06667 -1.6 0.00251189 
-2.06667 -1.53333 0.00463522 
-2.06667 -1.46667 0.00854926 
-2.06667 -1.4 0.0157579 
-2.06667 -1.33333 0.0290185 
-2.06667 -1.26667 0.0533735 
-2.06667 -1.2 0.0980085 
-2.06667 -1.13333 0.179575 
-2.06667 -1.06667 0.328053 
-2.06667 -1 0.596944 
-2.06667 -0.933333 1.08058 
-2.06667 -0.866667 1.94272 
-2.06667 -0.8 3.46174 
-2.06667 -0.733333 6.09845 
-2.06667 -0.666667 10.5896 
-2.06667 -0.6 18.0623 
-2.06667 -0.533333 30.1466 
-2.06667 -0.466667 49.0364 
-2.06667 -0.4 77.4199 
-2.06667 -0.333333 118.19 
-2.06667 -0.266667 173.882 
-2.06667 -0.2 245.882 
-2.06667 -0.133333 333.558 
-2.06667 -0.0666667 433.523 
-2.06667 -4.16334e-16 539.309 
-2.06667 0.0666667 641.575 
-2.06667 0.133333 728.827 
-2.06667 0.2 789.434 
-2.06667 0.266667 814.371 
-2.06667 0.333333 799.163 
-2.06667 0.4 748.935 
-2.06667 0.466667 679.955 
-2.06667 0.533333 611.541 
-2.06667 0.6 559.185 
-2.06667 0.666667 541.847 
-2.06667 0.733333 526.157 
-2.06667 0.8 494.233 
-2.06667 0.866667 461.637 
-2.06667 0.933333 443.837 
-2.06667 1 431.429 
-2.06667 1.06667 466.194 
-2.06667 1.13333 515.332 
-2.06667 1.2 489.669 
-2.06667 1.26667 419.666 
-2.06667 1.33333 505.5 
-2.06667 1.4 474.814 
-2.06667 1.46667 414.464 
-2.06667 1.53333 459.344 
-2.06667 1.6 440.014 
-2.06667 1.66667 423.376 
-2.06667 1.73333 535.493 
-2.06667 1.8 428.175 
-2.06667 1.86667 516.632 
-2.06667 1.93333 367.518 
-2.06667 2 540.097 
-2 -2 8.60424e-05 
-2 -1.93333 0.000158956 
-2 -1.86667 0.000293634 
-2 -1.8 0.000542356 
-2 -1.73333 0.0010016 
-2 -1.66667 0.00184934 
-2 -1.6 0.00341359 
-2 -1.53333 0.00629851 
-2 -1.46667 0.0116155 
-2 -1.4 0.0214055 
-2 -1.33333 0.039409 
-2 -1.26667 0.0724603 
-2 -1.2 0.132997 
-2 -1.13333 0.243536 
-2 -1.06667 0.444546 
-2 -1 0.808072 
-2 -0.933333 1.46077 
-2 -0.866667 2.6216 
-2 -0.8 4.66104 
-2 -0.733333 8.18855 
-2 -0.666667 14.1715 
-2 -0.6 24.077 
-2 -0.533333 40.006 
-2 -0.466667 64.7541 
-2 -0.4 101.701 
-2 -0.333333 154.42 
-2 -0.266667 225.953 
-2 -0.2 317.812 
-2 -0.133333 428.916 
-2 -0.0666667 554.745 
-2 -4.16334e-16 687.047 
-2 0.0666667 814.232 
-2 0.133333 922.285 
-2 0.2 997.187 
-2 0.266667 1028.34 
-2 0.333333 1010.47 
-2 0.4 949.521 
-2 0.466667 864.939 
-2 0.533333 780.22 
-2 0.6 714.272 
-2 0.666667 691.795 
-2 0.733333 672.249 
-2 0.8 633.419 
-2 0.866667 593.175 
-2 0.933333 571.226 
-2 1 556.364 
-2 1.06667 600.455 
-2 1.13333 661.772 
-2 1.2 630.18 
-2 1.26667 541.422 
-2 1.33333 649.751 
-2 1.4 611.61 
-2 1.46667 535.263 
-2 1.53333 592.194 
-2 1.6 567.879 
-2 1.66667 546.908 
-2 1.73333 686.476 
-2 1.8 552.797 
-2 1.86667 663.168 
-2 1.93333 476.366 
-2 2 692.206 
-1.93333 -2 0.000116956 
-1.93333 -1.93333 0.000216063 
-1.93333 -1.86667 0.000399114 
-1.93333 -1.8 0.000737159 
-1.93333 -1.73333 0.00136129 
-1.93333 -1.66667 0.0025133 
-1.93333 -1.6 0.00463876 
-1.93333 -1.53333 0.00855811 
-1.93333 -1.46667 0.01578 
-1.93333 -1.4 0.0290739 
-1.93333 -1.33333 0.0535115 
-1.93333 -1.26667 0.098352 
-1.93333 -1.2 0.180426 
-1.93333 -1.13333 0.330155 
-1.93333 -1.06667 0.602103 
-1.93333 -1 1.09315 
-1.93333 -0.933333 1.97299 
-1.93333 -0.866667 3.53376 
-1.93333 -0.8 6.26688 
-1.93333 -0.733333 10.9753 
-1.93333 -0.666667 18.9233 
-1.93333 -0.6 32.0098 
-1.93333 -0.533333 52.9245 
-1.93333 -0.466667 85.2021 
-1.93333 -0.4 133.052 
-1.93333 -0.333333 200.837 
-1.93333 -0.266667 292.142 
-1.93333 -0.2 408.535 
-1.93333 -0.133333 548.282 
-1.93333 -0.0666667 705.398 
-1.93333 -4.16334e-16 869.444 
-1.93333 0.0666667 1026.18 
-1.93333 0.133333 1158.72 
-1.93333 0.2 1250.38 
-1.93333 0.266667 1288.87 
-1.93333 0.333333 1268.13 
-1.93333 0.4 1194.92 
-1.93333 0.466667 1092.26 
-1.93333 0.533333 988.406 
-1.93333 0.6 906.176 
-1.93333 0.666667 877.363 
-1.93333 0.733333 853.182 
-1.93333 0.8 806.382 
-1.93333 0.866667 757.19 
-1.93333 0.933333 730.409 
-1.93333 1 712.831 
-1.93333 1.06667 768.231 
-1.93333 1.13333 843.997 
-1.93333 1.2 805.504 
-1.93333 1.26667 694.011 
-1.93333 1.33333 829.459 
-1.93333 1.4 782.52 
-1.93333 1.46667 686.835 
-1.93333 1.53333 758.381 
-1.93333 1.6 728.085 
-1.93333 1.66667 701.896 
-1.93333 1.73333 874.001 
-1.93333 1.8 709.051 
-1.93333 1.86667 845.473 
-1.93333 1.93333 613.622 
-1.93333 2 881.062 
-1.86667 -2 0.000158975 
-1.86667 -1.93333 0.000293682 
-1.86667 -1.86667 0.000542477 
-1.86667 -1.8 0.00100191 
-1.86667 -1.73333 0.0018501 
-1.86667 -1.66667 0.0034155 
-1.86667 -1.6 0.00630331 
-1.86667 -1.53333 0.0116275 
-1.86667 -1.46667 0.0214356 
-1.86667 -1.4 0.0394841 
-1.86667 -1.33333 0.0726475 
-1.86667 -1.26667 0.133463 
-1.86667 -1.2 0.244689 
-1.86667 -1.13333 0.447387 
-1.86667 -1.06667 0.81503 
-1.86667 -1 1.47767 
-1.86667 -0.933333 2.6622 
-1.86667 -0.866667 4.75721 
-1.86667 -0.8 8.41237 
-1.86667 -0.733333 14.6811 
-1.86667 -0.666667 25.2066 
-1.86667 -0.6 42.432 
-1.86667 -0.533333 69.776 
-1.86667 -0.466667 111.669 
-1.86667 -0.4 173.302 
-1.86667 -0.333333 259.931 
-1.86667 -0.266667 375.7 
-1.86667 -0.2 522.109 
-1.86667 -0.133333 696.496 
-1.86667 -0.0666667 891.008 
-1.86667 -4.16334e-16 1092.55 
-1.86667 0.0666667 1283.82 
-1.86667 0.133333 1444.73 
-1.86667 0.2 1555.68 
-1.86667 0.266667 1602.7 
-1.86667 0.333333 1578.89 
-1.86667 0.4 1491.91 
-1.86667 0.466667 1368.67 
-1.86667 0.533333 1242.73 
-1.86667 0.6 1141.32 
-1.86667 0.666667 1104.83 
-1.86667 0.733333 1075.15 
-1.86667 0.8 1019.27 
-1.86667 0.866667 959.767 
-1.86667 0.933333 927.451 
-1.86667 1 906.925 
-1.86667 1.06667 975.832 
-1.86667 1.13333 1068.47 
-1.86667 1.2 1022.08 
-1.86667 1.26667 883.444 
-1.86667 1.33333 1051.09 
-1.86667 1.4 993.927 
-1.86667 1.46667 875.219 
-1.86667 1.53333 964.226 
-1.86667 1.6 926.859 
-1.86667 1.66667 894.481 
-1.86667 1.73333 1104.58 
-1.86667 1.8 903.083 
-1.86667 1.86667 1070.01 
-1.86667 1.93333 785.103 
-1.86667 2 1113.19 
-1.8 -2 0.000216089 
-1.8 -1.93333 0.00039918 
-1.8 -1.86667 0.000737323 
-1.8 -1.8 0.00136171 
-1.8 -1.73333 0.00251434 
-1.8 -1.66667 0.00464136 
-1.8 -1.6 0.00856463 
-1.8 -1.53333 0.0157963 
-1.8 -1.46667 0.0291147 
-1.8 -1.4 0.0536134 
-1.8 -1.33333 0.0986057 
-1.8 -1.26667 0.181056 
-1.8 -1.2 0.331714 
-1.8 -1.13333 0.605939 
-1.8 -1.06667 1.10252 
-1.8 -1 1.99569 
-1.8 -0.933333 3.58809 
-1.8 -0.866667 6.39499 
-1.8 -0.8 11.2718 
-1.8 -0.733333 19.5939 
-1.8 -0.666667 33.4853 
-1.8 -0.6 56.0675 
-1.8 -0.533333 91.6519 
-1.8 -0.466667 145.742 
-1.8 -0.4 224.666 
-1.8 -0.333333 334.669 
-1.8 -0.266667 480.423 
-1.8 -0.2 663.173 
-1.8 -0.133333 878.968 
-1.8 -0.0666667 1117.59 
-1.8 -4.16334e-16 1362.79 
-1.8 0.0666667 1593.74 
-1.8 0.133333 1786.89 
-1.8 0.2 1919.62 
-1.8 0.266667 1976.29 
-1.8 0.333333 1949.27 
-1.8 0.4 1847.16 
-1.8 0.466667 1700.94 
-1.8 0.533333 1549.99 
-1.8 0.6 1426.43 
-1.8 0.666667 1380.83 
-1.8 0.733333 1344.71 
-1.8 0.8 1278.62 
-1.8 0.866667 1207.44 
-1.8 0.933333 1168.9 
-1.8 1 1145.24 
-1.8 1.06667 1230 
-1.8 1.13333 1342.01 
-1.8 1.2 1286.72 
-1.8 1.26667 1116.24 
-1.8 1.33333 1321.48 
-1.8 1.4 1252.63 
-1.8 1.46667 1106.98 
-1.8 1.53333 1216.49 
-1.8 1.6 1170.9 
-1.8 1.66667 1131.3 
-1.8 1.73333 1385.05 
-1.8 1.8 1141.54 
-1.8 1.86667 1343.61 
-1.8 1.93333 997.207 
-1.8 2 1395.42 
-1.73333 -2 0.000293718 
-1.73333 -1.93333 0.000542567 
-1.73333 -1.86667 0.00100213 
-1.73333 -1.8 0.00185066 
-1.73333 -1.73333 0.00341691 
-1.73333 -1.66667 0.00630685 
-1.73333 -1.6 0.0116363 
-1.73333 -1.53333 0.0214577 
-1.73333 -1.46667 0.0395395 
-1.73333 -1.4 0.0727856 
-1.73333 -1.33333 0.133807 
-1.73333 -1.26667 0.245542 
-1.73333 -1.2 0.449493 
-1.73333 -1.13333 0.820203 
-1.73333 -1.06667 1.49027 
-1.73333 -1 2.69263 
-1.73333 -0.933333 4.82975 
-1.73333 -0.866667 8.58254 
-1.73333 -0.8 15.0724 
-1.73333 -0.733333 26.0855 
-1.73333 -0.666667 44.3501 
-1.73333 -0.6 73.8258 
-1.73333 -0.533333 119.904 
-1.73333 -0.466667 189.353 
-1.73333 -0.4 289.797 
-1.73333 -0.333333 428.533 
-1.73333 -0.266667 610.678 
-1.73333 -0.2 836.939 
-1.73333 -0.133333 1101.61 
-1.73333 -0.0666667 1391.52 
-1.73333 -4.16334e-16 1686.66 
-1.73333 0.0666667 1962.33 
-1.73333 0.133333 2191.32 
-1.73333 0.2 2348 
-1.73333 0.266667 2415.31 
-1.73333 0.333333 2385.03 
-1.73333 0.4 2266.66 
-1.73333 0.466667 2095.42 
-1.73333 0.533333 1916.79 
-1.73333 0.6 1768.19 
-1.73333 0.666667 1712.04 
-1.73333 0.733333 1668.53 
-1.73333 0.8 1591.14 
-1.73333 0.866667 1506.96 
-1.73333 0.933333 1461.54 
-1.73333 1 1434.63 
-1.73333 1.06667 1537.65 
-1.73333 1.13333 1671.47 
-1.73333 1.2 1606.34 
-1.73333 1.26667 1399.23 
-1.73333 1.33333 1647.5 
-1.73333 1.4 1565.56 
-1.73333 1.46667 1388.97 
-1.73333 1.53333 1522.1 
-1.73333 1.6 1467.15 
-1.73333 1.66667 1419.28 
-1.73333 1.73333 1722.22 
-1.73333 1.8 1431.32 
-1.73333 1.86667 1673.12 
-1.73333 1.93333 1256.74 
-1.73333 2 1734.57 
-1.66667 -2 0.000399228 
-1.66667 -1.93333 0.000737445 
-1.66667 -1.86667 0.00136201 
-1.66667 -1.8 0.0025151 
-1.66667 -1.73333 0.00464328 
-1.66667 -1.66667 0.00856943 
-1.66667 -1.6 0.0158084 
-1.66667 -1.53333 0.0291448 
-1.66667 -1.46667 0.0536885 
-1.66667 -1.4 0.098793 
-1.66667 -1.33333 0.181522 
-1.66667 -1.26667 0.332867 
-1.66667 -1.2 0.608783 
-1.66667 -1.13333 1.10949 
-1.66667 -1.06667 2.01263 
-1.66667 -1 3.62881 
-1.66667 -0.933333 6.49159 
-1.66667 -0.866667 11.4971 
-1.66667 -0.8 20.1086 
-1.66667 -0.733333 34.6319 
-1.66667 -0.666667 58.5481 
-1.66667 -0.6 96.8403 
-1.66667 -0.533333 156.189 
-1.66667 -0.466667 244.832 
-1.66667 -0.4 371.832 
-1.66667 -0.333333 545.558 
-1.66667 -0.266667 771.402 
-1.66667 -0.2 1049.13 
-1.66667 -0.133333 1370.68 
-1.66667 -0.0666667 1719.23 
-1.66667 -4.16334e-16 2070.4 
-1.66667 0.0666667 2395.26 
-1.66667 0.133333 2662.99 
-1.66667 0.2 2845.19 
-1.66667 0.266667 2923.8 
-1.66667 0.333333 2890.3 
-1.66667 0.4 2755.04 
-1.66667 0.466667 2557.35 
-1.66667 0.533333 2348.95 
-1.66667 0.6 2172.82 
-1.66667 0.666667 2104.75 
-1.66667 0.733333 2052.93 
-1.66667 0.8 1963.27 
-1.66667 0.866667 1864.94 
-1.66667 0.933333 1812.09 
-1.66667 1 1781.87 
-1.66667 1.06667 1905.45 
-1.66667 1.13333 2063.25 
-1.66667 1.2 1987.52 
-1.66667 1.26667 1739.19 
-1.66667 1.33333 2035.64 
-1.66667 1.4 1939.36 
-1.66667 1.46667 1728.04 
-1.66667 1.53333 1887.77 
-1.66667 1.6 1822.38 
-1.66667 1.66667 1765.25 
-1.66667 1.73333 2122.41 
-1.66667 1.8 1779.24 
-1.66667 1.86667 2064.97 
-1.66667 1.93333 1570.65 
-1.66667 2 2136.93 
-1.6 -2 0.000542632 
-1.6 -1.93333 0.0010023 
-1.6 -1.86667 0.00185107 
-1.6 -1.8 0.00341795 
-1.6 -1.73333 0.00630945 
-1.6 -1.66667 0.0116429 
-1.6 -1.6 0.021474 
-1.6 -1.53333 0.0395803 
-1.6 -1.46667 0.0728875 
-1.6 -1.4 0.13406 
-1.6 -1.33333 0.246172 
-1.6 -1.26667 0.451052 
-1.6 -1.2 0.824038 
-1.6 -1.13333 1.49965 
-1.6 -1.06667 2.71533 
-1.6 -1 4.88411 
-1.6 -0.933333 8.7108 
-1.6 -0.866667 15.3697 
-1.6 -0.8 26.7594 
-1.6 -0.733333 45.8388 
-1.6 -0.666667 77.0163 
-1.6 -0.6 126.511 
-1.6 -0.533333 202.521 
-1.6 -0.466667 314.956 
-1.6 -0.4 474.435 
-1.6 -0.333333 690.348 
-1.6 -0.266667 968.071 
-1.6 -0.2 1305.88 
-1.6 -0.133333 1692.57 
-1.6 -0.0666667 2106.86 
-1.6 -4.16334e-16 2519.38 
-1.6 0.0666667 2896.75 
-1.6 0.133333 3204.81 
-1.6 0.2 3413.05 
-1.6 0.266667 3503.1 
-1.6 0.333333 3466.55 
-1.6 0.4 3314.5 
-1.6 0.466667 3089.99 
-1.6 0.533333 2850.73 
-1.6 0.6 2645.3 
-1.6 0.666667 2564.23 
-1.6 0.733333 2503.34 
-1.6 0.8 2400.68 
-1.6 0.866667 2287.31 
-1.6 0.933333 2226.64 
-1.6 1 2193.15 
-1.6 1.06667 2339.25 
-1.6 1.13333 2522.69 
-1.6 1.2 2435.81 
-1.6 1.26667 2142.4 
-1.6 1.33333 2491.31 
-1.6 1.4 2379.77 
-1.6 1.46667 2130.49 
-1.6 1.53333 2319.4 
-1.6 1.6 2242.68 
-1.6 1.66667 2175.42 
-1.6 1.73333 2590.77 
-1.6 1.8 2191.5 
-1.6 1.86667 2524.5 
-1.6 1.93333 1945.57 
-1.6 2 2607.58 
-1.53333 -2 0.000737534 
-1.53333 -1.93333 0.00136224 
-1.53333 -1.86667 0.00251566 
-1.53333 -1.8 0.00464469 
-1.53333 -1.73333 0.00857296 
-1.53333 -1.66667 0.0158172 
-1.53333 -1.6 0.0291669 
-1.53333 -1.53333 0.0537439 
-1.53333 -1.46667 0.0989311 
-1.53333 -1.4 0.181866 
-1.53333 -1.33333 0.33372 
-1.53333 -1.26667 0.610887 
-1.53333 -1.2 1.11465 
-1.53333 -1.13333 2.02522 
-1.53333 -1.06667 3.65918 
-1.53333 -1 6.56396 
-1.53333 -0.933333 11.6669 
-1.53333 -0.866667 20.4992 
-1.53333 -0.8 35.5104 
-1.53333 -0.733333 60.4708 
-1.53333 -0.666667 100.92 
-1.53333 -0.6 164.55 
-1.53333 -0.533333 261.318 
-1.53333 -0.466667 402.997 
-1.53333 -0.4 601.824 
-1.53333 -0.333333 868.058 
-1.53333 -0.266667 1206.61 
-1.53333 -0.2 1613.51 
-1.53333 -0.133333 2073.44 
-1.53333 -0.0666667 2559.69 
-1.53333 -4.16334e-16 3037.31 
-1.53333 0.0666667 3468.49 
-1.53333 0.133333 3816.43 
-1.53333 0.2 4049.59 
-1.53333 0.266667 4150.38 
-1.53333 0.333333 4111.12 
-1.53333 0.4 3943.47 
-1.53333 0.466667 3693.35 
-1.53333 0.533333 3423.7 
-1.53333 0.6 3188.51 
-1.53333 0.666667 3093.85 
-1.53333 0.733333 3023.43 
-1.53333 0.8 2907.42 
-1.53333 0.866667 2778.57 
-1.53333 0.933333 2709.94 
-1.53333 1 2673.31 
-1.53333 1.06667 2843.22 
-1.53333 1.13333 3053.11 
-1.53333 1.2 2954.93 
-1.53333 1.26667 2613.9 
-1.53333 1.33333 3017.96 
-1.53333 1.4 2890.74 
-1.53333 1.46667 2601.4 
-1.53333 1.53333 2821.23 
-1.53333 1.6 2732.62 
-1.53333 1.66667 2654.68 
-1.53333 1.73333 3130.29 
-1.53333 1.8 2672.9 
-1.53333 1.86667 3055.01 
-1.53333 1.93333 2387.19 
-1.53333 2 3149.42 
-1.46667 -2 0.00100242 
-1.46667 -1.93333 0.00185138 
-1.46667 -1.86667 0.00341871 
-1.46667 -1.8 0.00631136 
-1.46667 -1.73333 0.0116477 
-1.46667 -1.66667 0.0214861 
-1.46667 -1.6 0.0396103 
-1.46667 -1.53333 0.0729626 
-1.46667 -1.46667 0.134247 
-1.46667 -1.4 0.246637 
-1.46667 -1.33333 0.452203 
-1.46667 -1.26667 0.826876 
-1.46667 -1.2 1.5066 
-1.46667 -1.13333 2.73221 
-1.46667 -1.06667 4.92464 
-1.46667 -1 8.80688 
-1.46667 -0.933333 15.5936 
-1.46667 -0.866667 27.2707 
-1.46667 -0.8 46.9783 
-1.46667 -0.733333 79.4858 
-1.46667 -0.666667 131.696 
-1.46667 -0.6 213.031 
-1.46667 -0.533333 335.453 
-1.46667 -0.466667 512.755 
-1.46667 -0.4 758.778 
-1.46667 -0.333333 1084.35 
-1.46667 -0.266667 1493.24 
-1.46667 -0.2 1978.21 
-1.46667 -0.133333 2518.64 
-1.46667 -0.0666667 3081.31 
-1.46667 -4.16334e-16 3625.15 
-1.46667 0.0666667 4108.33 
-1.46667 0.133333 4492.61 
-1.46667 0.2 4747.22 
-1.46667 0.266667 4856.92 
-1.46667 0.333333 4815.53 
-1.46667 0.4 4634.99 
-1.46667 0.466667 4362.69 
-1.46667 0.533333 4065.4 
-1.46667 0.6 3801.9 
-1.46667 0.666667 3693.86 
-1.46667 0.733333 3613.97 
-1.46667 0.8 3484.87 
-1.46667 0.866667 3340.81 
-1.46667 0.933333 3264.39 
-1.46667 1 3224.85 
-1.46667 1.06667 3418.81 
-1.46667 1.13333 3654.58 
-1.46667 1.2 3545.55 
-1.46667 1.26667 3156.56 
-1.46667 1.33333 3615.87 
-1.46667 1.4 3473.36 
-1.46667 1.46667 3143.65 
-1.46667 1.53333 3394.78 
-1.46667 1.6 3294.29 
-1.46667 1.66667 3205.56 
-1.46667 1.73333 3740.54 
-1.46667 1.8 3225.9 
-1.46667 1.86667 3656.61 
-1.46667 1.93333 2899.47 
-1.46667 2 3761.9 
-1.4 -2 0.0013624 
-1.4 -1.93333 0.00251607 
-1.4 -1.86667 0.00464572 
-1.4 -1.8 0.00857556 
-1.4 -1.73333 0.0158237 
-1.4 -1.66667 0.0291832 
-1.4 -1.6 0.0537846 
-1.4 -1.53333 0.0990328 
-1.4 -1.46667 0.182119 
-1.4 -1.4 0.334348 
-1.4 -1.33333 0.612441 
-1.4 -1.26667 1.11848 
-1.4 -1.2 2.03455 
-1.4 -1.13333 3.68175 
-1.4 -1.06667 6.61792 
-1.4 -1 11.794 
-1.4 -0.933333 20.7934 
-1.4 -0.866667 36.1764 
-1.4 -0.8 61.9411 
-1.4 -0.733333 104.073 
-1.4 -0.666667 171.098 
-1.4 -0.6 274.442 
-1.4 -0.533333 428.298 
-1.4 -0.466667 648.587 
-1.4 -0.4 950.611 
-1.4 -0.333333 1345.25 
-1.4 -0.266667 1834.2 
-1.4 -0.2 2405.6 
-1.4 -0.133333 3032.01 
-1.4 -0.0666667 3672.52 
-1.4 -4.16334e-16 4279.67 
-1.4 0.0666667 4808.48 
-1.4 0.133333 5221.37 
-1.4 0.2 5490.91 
-1.4 0.266667 5606.19 
-1.4 0.333333 5563.54 
-1.4 0.4 5374.74 
-1.4 0.466667 5086.63 
-1.4 0.533333 4767.57 
-1.4 0.6 4479.94 
-1.4 0.666667 4359.92 
-1.4 0.733333 4271.37 
-1.4 0.8 4130.36 
-1.4 0.866667 3972.3 
-1.4 0.933333 3888.72 
-1.4 1 3846.63 
-1.4 1.06667 4063.25 
-1.4 1.13333 4322.42 
-1.4 1.2 4203.77 
-1.4 1.26667 3769.78 
-1.4 1.33333 4280.6 
-1.4 1.4 4124.34 
-1.4 1.46667 3756.64 
-1.4 1.53333 4037.41 
-1.4 1.6 3925.84 
-1.4 1.66667 3826.9 
-1.4 1.73333 4416.12 
-1.4 1.8 3849.22 
-1.4 1.86667 4324.58 
-1.4 1.93333 3483.41 
-1.4 2 4439.42 
-1.33333 -2 0.0018516 
-1.33333 -1.93333 0.00341928 
-1.33333 -1.86667 0.00631277 
-1.33333 -1.8 0.0116512 
-1.33333 -1.73333 0.0214949 
-1.33333 -1.66667 0.0396325 
-1.33333 -1.6 0.0730178 
-1.33333 -1.53333 0.134385 
-1.33333 -1.46667 0.24698 
-1.33333 -1.4 0.453053 
-1.33333 -1.33333 0.828972 
-1.33333 -1.26667 1.51174 
-1.33333 -1.2 2.74471 
-1.33333 -1.13333 4.95476 
-1.33333 -1.06667 8.8785 
-1.33333 -1 15.7612 
-1.33333 -0.933333 27.6554 
-1.33333 -0.866667 47.8415 
-1.33333 -0.8 81.3723 
-1.33333 -0.733333 135.698 
-1.33333 -0.666667 221.247 
-1.33333 -0.6 351.726 
-1.33333 -0.533333 543.759 
-1.33333 -0.466667 815.403 
-1.33333 -0.4 1183.1 
-1.33333 -0.333333 1657 
-1.33333 -0.266667 2235.39 
-1.33333 -0.2 2900.02 
-1.33333 -0.133333 3614.79 
-1.33333 -0.0666667 4329.91 
-1.33333 -4.16334e-16 4991.64 
-1.33333 0.0666667 5553.69 
-1.33333 0.133333 5982.14 
-1.33333 0.2 6256.36 
-1.33333 0.266667 6372.21 
-1.33333 0.333333 6329.52 
-1.33333 0.4 6139.34 
-1.33333 0.466667 5845.32 
-1.33333 0.533333 5514.23 
-1.33333 0.6 5210.24 
-1.33333 0.666667 5081.22 
-1.33333 0.733333 4985.9 
-1.33333 0.8 4835.39 
-1.33333 0.866667 4665.86 
-1.33333 0.933333 4576.34 
-1.33333 1 4532.22 
-1.33333 1.06667 4767.85 
-1.33333 1.13333 5045.33 
-1.33333 1.2 4919.37 
-1.33333 1.26667 4447.91 
-1.33333 1.33333 5001.2 
-1.33333 1.4 4834.24 
-1.33333 1.46667 4434.67 
-1.33333 1.53333 4740.58 
-1.33333 1.6 4619.84 
-1.33333 1.66667 4512.24 
-1.33333 1.73333 5144.77 
-1.33333 1.8 4536.22 
-1.33333 1.86667 5047.6 
-1.33333 1.93333 4135.6 
-1.33333 2 5169.49 
-1.26667 -2 0.00251638 
-1.26667 -1.93333 0.00464649 
-1.26667 -1.86667 0.00857748 
-1.26667 -1.8 0.0158285 
-1.26667 -1.73333 0.0291952 
-1.26667 -1.66667 0.0538147 
-1.26667 -1.6 0.0991078 
-1.26667 -1.53333 0.182306 
-1.26667 -1.46667 0.334812 
-1.26667 -1.4 0.613588 
-1.26667 -1.33333 1.1213 
-1.26667 -1.26667 2.04145 
-1.26667 -1.2 3.69847 
-1.26667 -1.13333 6.65801 
-1.26667 -1.06667 11.8888 
-1.26667 -1 21.0135 
-1.26667 -0.933333 36.6773 
-1.26667 -0.866667 63.0541 
-1.26667 -0.8 106.48 
-1.26667 -0.733333 176.145 
-1.26667 -0.666667 284.679 
-1.26667 -0.6 448.333 
-1.26667 -0.533333 686.296 
-1.26667 -0.466667 1018.63 
-1.26667 -0.4 1462.35 
-1.26667 -0.333333 2025.7 
-1.26667 -0.266667 2701.75 
-1.26667 -0.2 3463.55 
-1.26667 -0.133333 4264.22 
-1.26667 -0.0666667 5044.04 
-1.26667 -4.16334e-16 5743.94 
-1.26667 0.0666667 6319.38 
-1.26667 0.133333 6744.46 
-1.26667 0.2 7009.49 
-1.26667 0.266667 7119.38 
-1.26667 0.333333 7078.21 
-1.26667 0.4 6895.66 
-1.26667 0.466667 6609.18 
-1.26667 0.533333 6280.11 
-1.26667 0.6 5971.67 
-1.26667 0.666667 5838.58 
-1.26667 0.733333 5739.71 
-1.26667 0.8 5583.72 
-1.26667 0.866667 5406.93 
-1.26667 0.933333 5313.47 
-1.26667 1 5268.02 
-1.26667 1.06667 5516.09 
-1.26667 1.13333 5803.56 
-1.26667 1.2 5673.92 
-1.26667 1.26667 5178.4 
-1.26667 1.33333 5758.31 
-1.26667 1.4 5585.63 
-1.26667 1.46667 5165.15 
-1.26667 1.53333 5487.96 
-1.26667 1.6 5361.38 
-1.26667 1.66667 5247.91 
-1.26667 1.73333 5905.56 
-1.26667 1.8 5273.04 
-1.26667 1.86667 5805.88 
-1.26667 1.93333 4846.47 
-1.26667 2 5930.86 
-1.2 -2 0.00341969 
-1.2 -1.93333 0.00631381 
-1.2 -1.86667 0.0116538 
-1.2 -1.8 0.0215014 
-1.2 -1.73333 0.0396488 
-1.2 -1.66667 0.0730586 
-1.2 -1.6 0.134487 
-1.2 -1.53333 0.247232 
-1.2 -1.46667 0.453679 
-1.2 -1.4 0.830519 
-1.2 -1.33333 1.51553 
-1.2 -1.26667 2.75396 
-1.2 -1.2 4.97709 
-1.2 -1.13333 8.9317 
-1.2 -1.06667 15.8861 
-1.2 -1 27.9433 
-1.2 -0.933333 48.4905 
-1.2 -0.866667 82.7993 
-1.2 -0.8 138.748 
-1.2 -0.733333 227.569 
-1.2 -0.666667 364.395 
-1.2 -0.6 568.247 
-1.2 -0.533333 860.914 
-1.2 -0.466667 1264.12 
-1.2 -0.4 1794.55 
-1.2 -0.333333 2456.86 
-1.2 -0.266667 3236.43 
-1.2 -0.2 4094.78 
-1.2 -0.133333 4971.86 
-1.2 -0.0666667 5797.51 
-1.2 -4.16334e-16 6509.82 
-1.2 0.0666667 7071.07 
-1.2 0.133333 7469.03 
-1.2 0.2 7708.94 
-1.2 0.266667 7805.85 
-1.2 0.333333 7767.97 
-1.2 0.4 7603.04 
-1.2 0.466667 7339.85 
-1.2 0.533333 7030.3 
-1.2 0.6 6733.34 
-1.2 0.666667 6603.14 
-1.2 0.733333 6505.37 
-1.2 0.8 6349.71 
-1.2 0.866667 6171.86 
-1.2 0.933333 6077.34 
-1.2 1 6031.48 
-1.2 1.06667 6282.08 
-1.2 1.13333 6567.68 
-1.2 1.2 6439.41 
-1.2 1.26667 5939.94 
-1.2 1.33333 6522.97 
-1.2 1.4 6351.59 
-1.2 1.46667 5926.69 
-1.2 1.53333 6253.9 
-1.2 1.6 6126.43 
-1.2 1.66667 6011.34 
-1.2 1.73333 6667.86 
-1.2 1.8 6036.83 
-1.2 1.86667 6569.97 
-1.2 1.93333 5598.42 
-1.2 2 6692.59 
-1.13333 -2 0.00464705 
-1.13333 -1.93333 0.00857889 
-1.13333 -1.86667 0.015832 
-1.13333 -1.8 0.0292041 
-1.13333 -1.73333 0.0538368 
-1.13333 -1.66667 0.0991629 
-1.13333 -1.6 0.182443 
-1.13333 -1.53333 0.335154 
-1.13333 -1.46667 0.614434 
-1.13333 -1.4 1.12338 
-1.13333 -1.33333 2.04655 
-1.13333 -1.26667 3.71085 
-1.13333 -1.2 6.68772 
-1.13333 -1.13333 11.9592 
-1.13333 -1.06667 21.1775 
-1.13333 -1 37.052 
-1.13333 -0.933333 63.8904 
-1.13333 -0.866667 108.298 
-1.13333 -0.8 179.987 
-1.13333 -0.733333 292.546 
-1.13333 -0.666667 463.901 
-1.13333 -0.6 716.005 
-1.13333 -0.533333 1073.12 
-1.13333 -0.466667 1558.01 
-1.13333 -0.4 2185.62 
-1.13333 -0.333333 2954.7 
-1.13333 -0.266667 3839.7 
-1.13333 -0.2 4787.13 
-1.13333 -0.133333 5721.52 
-1.13333 -0.0666667 6563.23 
-1.13333 -4.16334e-16 7252.76 
-1.13333 0.0666667 7766.97 
-1.13333 0.133333 8113.41 
-1.13333 0.2 8314.12 
-1.13333 0.266667 8392.6 
-1.13333 0.333333 8359.66 
-1.13333 0.4 8220.79 
-1.13333 0.466667 7995.45 
-1.13333 0.533333 7723.41 
-1.13333 0.6 7455.86 
-1.13333 0.666667 7336.83 
-1.13333 0.733333 7245.93 
-1.13333 0.8 7098.03 
-1.13333 0.866667 6927.18 
-1.13333 0.933333 6835.43 
-1.13333 1 6790.36 
-1.13333 1.06667 7030.51 
-1.13333 1.13333 7299.52 
-1.13333 1.2 7178.81 
-1.13333 1.26667 6701.5 
-1.13333 1.33333 7257.36 
-1.13333 1.4 7095.98 
-1.13333 1.46667 6688.24 
-1.13333 1.53333 7003.3 
-1.13333 1.6 6881.35 
-1.13333 1.66667 6770.28 
-1.13333 1.73333 7392.64 
-1.13333 1.8 6795.08 
-1.13333 1.86667 7301.68 
-1.13333 1.93333 6364.33 
-1.13333 2 7415.46 
-1.06667 -2 0.00631457 
-1.06667 -1.93333 0.0116557 
-1.06667 -1.86667 0.0215062 
-1.06667 -1.8 0.0396607 
-1.06667 -1.73333 0.0730885 
-1.06667 -1.66667 0.134562 
-1.06667 -1.6 0.247418 
-1.06667 -1.53333 0.454141 
-1.06667 -1.46667 0.831659 
-1.06667 -1.4 1.51833 
-1.06667 -1.33333 2.7608 
-1.06667 -1.26667 4.9936 
-1.06667 -1.2 8.97112 
-1.06667 -1.13333 15.9789 
-1.06667 -1.06667 28.1576 
-1.06667 -1 48.9756 
-1.06667 -0.933333 83.8708 
-1.06667 -0.866667 141.052 
-1.06667 -0.8 232.377 
-1.06667 -0.733333 374.116 
-1.06667 -0.666667 587.24 
-1.06667 -0.6 896.681 
-1.06667 -0.533333 1328.82 
-1.06667 -0.466667 1906.43 
-1.06667 -0.4 2640.68 
-1.06667 -0.333333 3521.22 
-1.06667 -0.266667 4507.45 
-1.06667 -0.2 5526.94 
-1.06667 -0.133333 6487.54 
-1.06667 -0.0666667 7304.28 
-1.06667 -4.16334e-16 7929.98 
-1.06667 0.0666667 8366.2 
-1.06667 0.133333 8643.88 
-1.06667 0.2 8798.52 
-1.06667 0.266667 8856.93 
-1.06667 0.333333 8829.88 
-1.06667 0.4 8720.91 
-1.06667 0.466667 8541.78 
-1.06667 0.533333 8320.25 
-1.06667 0.6 8097.42 
-1.06667 0.666667 7997.35 
-1.06667 0.733333 7919.02 
-1.06667 0.8 7786.8 
-1.06667 0.866667 7632.01 
-1.06667 0.933333 7547.45 
-1.06667 1 7504.66 
-1.06667 1.06667 7720.11 
-1.06667 1.13333 7957.45 
-1.06667 1.2 7850.59 
-1.06667 1.26667 7423.77 
-1.06667 1.33333 7919.91 
-1.06667 1.4 7777.38 
-1.06667 1.46667 7410.55 
-1.06667 1.53333 7695.03 
-1.06667 1.6 7585.55 
-1.06667 1.66667 7484.81 
-1.06667 1.73333 8038.49 
-1.06667 1.8 7507.74 
-1.06667 1.86667 7959.43 
-1.06667 1.93333 7107.91 
-1.06667 2 8058.14 
-1 -2 0.00857992 
-1 -1.93333 0.0158346 
-1 -1.86667 0.0292106 
-1 -1.8 0.053853 
-1 -1.73333 0.0992036 
-1 -1.66667 0.182544 
-1 -1.6 0.335405 
-1 -1.53333 0.615057 
-1 -1.46667 1.12492 
-1 -1.4 2.05031 
-1 -1.33333 3.71999 
-1 -1.26667 6.70969 
-1 -1.2 12.0113 
-1 -1.13333 21.2992 
-1 -1.06667 37.3309 
-1 -1 64.5152 
-1 -0.933333 109.663 
-1 -0.866667 182.886 
-1 -0.8 298.522 
-1 -0.733333 475.828 
-1 -0.666667 739.003 
-1 -0.6 1115.84 
-1 -0.533333 1634.16 
-1 -0.466667 2315.12 
-1 -0.4 3163.29 
-1 -0.333333 4154.92 
-1 -0.266667 5229.33 
-1 -0.2 6291.49 
-1 -0.133333 7234.17 
-1 -0.0666667 7977.54 
-1 -4.16334e-16 8502.23 
-1 0.0666667 8842.56 
-1 0.133333 9048.47 
-1 0.2 9159.74 
-1 0.266667 9200.47 
-1 0.333333 9179.33 
-1 0.4 9098.47 
-1 0.466667 8964.8 
-1 0.533333 8796.82 
-1 0.6 8625.69 
-1 0.666667 8548.98 
-1 0.733333 8486.91 
-1 0.8 8376.58 
-1 0.866667 8245.68 
-1 0.933333 8172.52 
-1 1 8133.61 
-1 1.06667 8312.67 
-1 1.13333 8507.4 
-1 1.2 8418.93 
-1 1.26667 8065.42 
-1 1.33333 8476.03 
-1 1.4 8358.74 
-1 1.46667 8052.46 
-1 1.53333 8290.74 
-1 1.6 8199.39 
-1 1.66667 8114.42 
-1 1.73333 8573.2 
-1 1.8 8134.36 
-1 1.86667 8509.19 
-1 1.93333 7787.75 
-1 2 8588.91 
-0.933333 -2 0.0116571 
-0.933333 -1.93333 0.0215097 
-0.933333 -1.86667 0.0396696 
-0.933333 -1.8 0.0731106 
-0.933333 -1.73333 0.134617 
-0.933333 -1.66667 0.247555 
-0.933333 -1.6 0.454481 
-0.933333 -1.53333 0.8325 
-0.933333 -1.46667 1.5204 
-0.933333 -1.4 2.76584 
-0.933333 -1.33333 5.00579 
-0.933333 -1.26667 9.00028 
-0.933333 -1.2 16.0476 
-0.933333 -1.13333 28.3168 
-0.933333 -1.06667 49.3367 
-0.933333 -1 84.6711 
-0.933333 -0.933333 142.78 
-0.933333 -0.866667 236.002 
-0.933333 -0.8 381.492 
-0.933333 -0.733333 601.769 
-0.933333 -0.666667 924.319 
-0.933333 -0.6 1379.43 
-0.933333 -0.533333 1995.19 
-0.933333 -0.466667 2788.84 
-0.933333 -0.4 3754.35 
-0.933333 -0.333333 4849.13 
-0.933333 -0.266667 5986.77 
-0.933333 -0.2 7047.86 
-0.933333 -0.133333 7918.45 
-0.933333 -0.0666667 8543.73 
-0.933333 -4.16334e-16 8948.09 
-0.933333 0.0666667 9194.87 
-0.933333 0.133333 9339.3 
-0.933333 0.2 9416.14 
-0.933333 0.266667 9443.54 
-0.933333 0.333333 9427.58 
-0.933333 0.4 9369.56 
-0.933333 0.466667 9273.82 
-0.933333 0.533333 9152.89 
-0.933333 0.6 9029.93 
-0.933333 0.666667 8975.84 
-0.933333 0.733333 8930.23 
-0.933333 0.8 8843.96 
-0.933333 0.866667 8740.71 
-0.933333 0.933333 8681.51 
-0.933333 1 8647.89 
-0.933333 1.06667 8785.76 
-0.933333 1.13333 8935.12 
-0.933333 1.2 8866.22 
-0.933333 1.26667 8594.79 
-0.933333 1.33333 8910.39 
-0.933333 1.4 8819.95 
-0.933333 1.46667 8582.59 
-0.933333 1.53333 8767.6 
-0.933333 1.6 8696.65 
-0.933333 1.66667 8630.04 
-0.933333 1.73333 8985.47 
-0.933333 1.8 8646.33 
-0.933333 1.86667 8936.77 
-0.933333 1.93333 8367 
-0.933333 2 8997.25 
-0.866667 -2 0.0158366 
-0.866667 -1.93333 0.0292154 
-0.866667 -1.86667 0.053865 
-0.866667 -1.8 0.0992335 
-0.866667 -1.73333 0.182619 
-0.866667 -1.66667 0.335591 
-0.866667 -1.6 0.615516 
-0.866667 -1.53333 1.12605 
-0.866667 -1.46667 2.05308 
-0.866667 -1.4 3.72673 
-0.866667 -1.33333 6.72592 
-0.866667 -1.26667 12.0499 
-0.866667 -1.2 21.3894 
-0.866667 -1.13333 37.5379 
-0.866667 -1.06667 64.9802 
-0.866667 -1 110.682 
-0.866667 -0.933333 185.06 
-0.866667 -0.866667 303.024 
-0.866667 -0.8 484.87 
-0.866667 -0.733333 756.573 
-0.866667 -0.666667 1148.79 
-0.866667 -0.6 1693.57 
-0.866667 -0.533333 2417.51 
-0.866667 -0.466667 3330.53 
-0.866667 -0.4 4410.77 
-0.866667 -0.333333 5590.08 
-0.866667 -0.266667 6751.29 
-0.866667 -0.2 7754.42 
-0.866667 -0.133333 8499.34 
-0.866667 -0.0666667 8982.16 
-0.866667 -4.16334e-16 9272.21 
-0.866667 0.0666667 9442.89 
-0.866667 0.133333 9541.47 
-0.866667 0.2 9593.68 
-0.866667 0.266667 9611.91 
-0.866667 0.333333 9600.09 
-0.866667 0.4 9559.07 
-0.866667 0.466667 9491.82 
-0.866667 0.533333 9407.15 
-0.866667 0.6 9322.35 
-0.866667 0.666667 9286.36 
-0.866667 0.733333 9254.45 
-0.866667 0.8 9190.12 
-0.866667 0.866667 9113.13 
-0.866667 0.933333 9067.93 
-0.866667 1 9040.3 
-0.866667 1.06667 9140.23 
-0.866667 1.13333 9249.29 
-0.866667 1.2 9197.97 
-0.866667 1.26667 9001.59 
-0.866667 1.33333 9230.64 
-0.866667 1.4 9164.11 
-0.866667 1.46667 8990.74 
-0.866667 1.53333 9125.85 
-0.866667 1.6 9073.73 
-0.866667 1.66667 9024.52 
-0.866667 1.73333 9286.37 
-0.866667 1.8 9037.16 
-0.866667 1.86667 9250.84 
-0.866667 1.93333 8826.03 
-0.866667 2 9294.83 
-0.8 -2 0.0215123 
-0.8 -1.93333 0.0396761 
-0.8 -1.86667 0.0731268 
-0.8 -1.8 0.134657 
-0.8 -1.73333 0.247656 
-0.8 -1.66667 0.454731 
-0.8 -1.6 0.833119 
-0.8 -1.53333 1.52192 
-0.8 -1.46667 2.76956 
-0.8 -1.4 5.01479 
-0.8 -1.33333 9.02181 
-0.8 -1.26667 16.0984 
-0.8 -1.2 28.4346 
-0.8 -1.13333 49.6047 
-0.8 -1.06667 85.2665 
-0.8 -1 144.069 
-0.8 -0.933333 238.718 
-0.8 -0.866667 387.045 
-0.8 -0.8 612.772 
-0.8 -0.733333 945.405 
-0.8 -0.666667 1418.39 
-0.8 -0.6 2064.27 
-0.8 -0.533333 2905.55 
-0.8 -0.466667 3940.17 
-0.8 -0.4 5123.63 
-0.8 -0.333333 6354.91 
-0.8 -0.266667 7484.45 
-0.8 -0.2 8367.8 
-0.8 -0.133333 8952.53 
-0.8 -0.0666667 9298.68 
-0.8 -4.16334e-16 9497.74 
-0.8 0.0666667 9613.47 
-0.8 0.133333 9680.31 
-0.8 0.2 9715.77 
-0.8 0.266667 9727.93 
-0.8 0.333333 9719.27 
-0.8 0.4 9690.37 
-0.8 0.466667 9643.38 
-0.8 0.533333 9584.67 
-0.8 0.6 9527.21 
-0.8 0.666667 9503.93 
-0.8 0.733333 9482.04 
-0.8 0.8 9435.31 
-0.8 0.866667 9379.84 
-0.8 0.933333 9346.67 
-0.8 1 9324.86 
-0.8 1.06667 9394.75 
-0.8 1.13333 9472.26 
-0.8 1.2 9434.97 
-0.8 1.26667 9297.8 
-0.8 1.33333 9458.55 
-0.8 1.4 9410.87 
-0.8 1.46667 9288.67 
-0.8 1.53333 9383.72 
-0.8 1.6 9346.67 
-0.8 1.66667 9311.6 
-0.8 1.73333 9499.06 
-0.8 1.8 9321.07 
-0.8 1.86667 9473.69 
-0.8 1.93333 9168.32 
-0.8 2 9505.02 
-0.733333 -2 0.0292189 
-0.733333 -1.93333 0.0538738 
-0.733333 -1.86667 0.0992555 
-0.733333 -1.8 0.182674 
-0.733333 -1.73333 0.335727 
-0.733333 -1.66667 0.615854 
-0.733333 -1.6 1.12688 
-0.733333 -1.53333 2.05513 
-0.733333 -1.46667 3.7317 
-0.733333 -1.4 6.73789 
-0.733333 -1.33333 12.0783 
-0.733333 -1.26667 21.4561 
-0.733333 -1.2 37.6912 
-0.733333 -1.13333 65.3252 
-0.733333 -1.06667 111.44 
-0.733333 -1 186.681 
-0.733333 -0.933333 306.394 
-0.733333 -0.866667 491.67 
-0.733333 -0.8 769.865 
-0.733333 -0.733333 1173.9 
-0.733333 -0.666667 1739.22 
-0.733333 -0.6 2496.99 
-0.733333 -0.533333 3461.74 
-0.733333 -0.466667 4613.29 
-0.733333 -0.4 5876.2 
-0.733333 -0.333333 7110.43 
-0.733333 -0.266667 8142.02 
-0.733333 -0.2 8856.88 
-0.733333 -0.133333 9280.71 
-0.733333 -0.0666667 9517.55 
-0.733333 -4.16334e-16 9651.86 
-0.733333 0.0666667 9730.18 
-0.733333 0.133333 9775.68 
-0.733333 0.2 9799.92 
-0.733333 0.266667 9808.1 
-0.733333 0.333333 9801.8 
-0.733333 0.4 9781.4 
-0.733333 0.466667 9748.5 
-0.733333 0.533333 9707.79 
-0.733333 0.6 9668.95 
-0.733333 0.666667 9654 
-0.733333 0.733333 9639 
-0.733333 0.8 9605.4 
-0.733333 0.866667 9566.07 
-0.733333 0.933333 9542.23 
-0.733333 1 9525.5 
-0.733333 1.06667 9573.65 
-0.733333 1.13333 9628.16 
-0.733333 1.2 9601.37 
-0.733333 1.26667 9506.9 
-0.733333 1.33333 9618.22 
-0.733333 1.4 9584.4 
-0.733333 1.46667 9499.58 
-0.733333 1.53333 9565.36 
-0.733333 1.6 9539.38 
-0.733333 1.66667 9514.8 
-0.733333 1.73333 9647.43 
-0.733333 1.8 9521.76 
-0.733333 1.86667 9629.44 
-0.733333 1.93333 9413.7 
-0.733333 2 9651.59 
-0.666667 -2 0.0396808 
-0.666667 -1.93333 0.0731388 
-0.666667 -1.86667 0.134687 
-0.666667 -1.8 0.24773 
-0.666667 -1.73333 0.454916 
-0.666667 -1.66667 0.833574 
-0.666667 -1.6 1.52304 
-0.666667 -1.53333 2.77229 
-0.666667 -1.46667 5.02142 
-0.666667 -1.4 9.03769 
-0.666667 -1.33333 16.1359 
-0.666667 -1.26667 28.5218 
-0.666667 -1.2 49.8031 
-0.666667 -1.13333 85.7081 
-0.666667 -1.06667 145.028 
-0.666667 -1 240.742 
-0.666667 -0.933333 391.2 
-0.666667 -0.866667 621.042 
-0.666667 -0.8 961.34 
-0.666667 -0.733333 1448.03 
-0.666667 -0.666667 2117.27 
-0.666667 -0.6 2995.89 
-0.666667 -0.533333 4085.28 
-0.666667 -0.466667 5339.07 
-0.666667 -0.4 6642.06 
-0.666667 -0.333333 7814.58 
-0.666667 -0.266667 8685.23 
-0.666667 -0.2 9216.36 
-0.666667 -0.133333 9507.27 
-0.666667 -0.0666667 9666.38 
-0.666667 -4.16334e-16 9757 
-0.666667 0.0666667 9810.33 
-0.666667 0.133333 9841.57 
-0.666667 0.2 9858.28 
-0.666667 0.266667 9863.85 
-0.666667 0.333333 9859.27 
-0.666667 0.4 9844.82 
-0.666667 0.466667 9821.68 
-0.666667 0.533333 9793.32 
-0.666667 0.6 9766.94 
-0.666667 0.666667 9757.3 
-0.666667 0.733333 9746.93 
-0.666667 0.8 9722.83 
-0.666667 0.866667 9695.06 
-0.666667 0.933333 9678.07 
-0.666667 1 9665.48 
-0.666667 1.06667 9698.58 
-0.666667 1.13333 9736.87 
-0.666667 1.2 9717.68 
-0.666667 1.26667 9652.73 
-0.666667 1.33333 9729.69 
-0.666667 1.4 9705.74 
-0.666667 1.46667 9647.03 
-0.666667 1.53333 9692.41 
-0.666667 1.6 9674.25 
-0.666667 1.66667 9657.08 
-0.666667 1.73333 9750.72 
-0.666667 1.8 9662.16 
-0.666667 1.86667 9737.97 
-0.666667 1.93333 9586.28 
-0.666667 2 9753.63 
-0.6 -2 0.0538803 
-0.6 -1.93333 0.0992717 
-0.6 -1.86667 0.182714 
-0.6 -1.8 0.335827 
-0.6 -1.73333 0.616103 
-0.6 -1.66667 1.1275 
-0.6 -1.6 2.05663 
-0.6 -1.53333 3.73536 
-0.6 -1.46667 6.74672 
-0.6 -1.4 12.0993 
-0.6 -1.33333 21.5053 
-0.6 -1.26667 37.8045 
-0.6 -1.2 65.5805 
-0.6 -1.13333 112.002 
-0.6 -1.06667 187.885 
-0.6 -1 308.906 
-0.6 -0.933333 496.756 
-0.6 -0.866667 779.847 
-0.6 -0.8 1192.85 
-0.6 -0.733333 1773.92 
-0.6 -0.666667 2557.84 
-0.6 -0.6 3562.99 
-0.6 -0.533333 4770.56 
-0.6 -0.466667 6098.34 
-0.6 -0.4 7384.46 
-0.6 -0.333333 8423.45 
-0.6 -0.266667 9096.49 
-0.6 -0.2 9465.75 
-0.6 -0.133333 9660.66 
-0.6 -0.0666667 9767.53 
-0.6 -4.16334e-16 9829.14 
-0.6 0.0666667 9865.79 
-0.6 0.133333 9887.43 
-0.6 0.2 9899.06 
-0.6 0.266667 9902.89 
-0.6 0.333333 9899.56 
-0.6 0.4 9889.28 
-0.6 0.466667 9872.92 
-0.6 0.533333 9853.04 
-0.6 0.6 9834.98 
-0.6 0.666667 9828.71 
-0.6 0.733333 9821.47 
-0.6 0.8 9804.15 
-0.6 0.866667 9784.53 
-0.6 0.933333 9772.44 
-0.6 1 9763.06 
-0.6 1.06667 9785.92 
-0.6 1.13333 9812.88 
-0.6 1.2 9799.13 
-0.6 1.26667 9754.28 
-0.6 1.33333 9807.71 
-0.6 1.4 9790.72 
-0.6 1.46667 9749.94 
-0.6 1.53333 9781.35 
-0.6 1.6 9768.62 
-0.6 1.66667 9756.6 
-0.6 1.73333 9822.87 
-0.6 1.8 9760.29 
-0.6 1.86667 9813.8 
-0.6 1.93333 9707 
-0.6 2 9824.91 
-0.533333 -2 0.0731475 
-0.533333 -1.93333 0.134709 
-0.533333 -1.86667 0.247785 
-0.533333 -1.8 0.455051 
-0.533333 -1.73333 0.83391 
-0.533333 -1.66667 1.52387 
-0.533333 -1.6 2.77431 
-0.533333 -1.53333 5.02631 
-0.533333 -1.46667 9.0494 
-0.533333 -1.4 16.1636 
-0.533333 -1.33333 28.5861 
-0.533333 -1.26667 49.9497 
-0.533333 -1.2 86.0349 
-0.533333 -1.13333 145.738 
-0.533333 -1.06667 242.246 
-0.533333 -1 394.294 
-0.533333 -0.933333 627.222 
-0.533333 -0.866667 973.299 
-0.533333 -0.8 1470.39 
-0.533333 -0.733333 2157.48 
-0.533333 -0.666667 3064.91 
-0.533333 -0.6 4196.85 
-0.533333 -0.533333 5505.22 
-0.533333 -0.466667 6861.84 
-0.533333 -0.4 8059.35 
-0.533333 -0.333333 8905.68 
-0.533333 -0.266667 9386.38 
-0.533333 -0.2 9634.16 
-0.533333 -0.133333 9764.38 
-0.533333 -0.0666667 9836.75 
-0.533333 -4.16334e-16 9879.04 
-0.533333 0.0666667 9904.46 
-0.533333 0.133333 9919.59 
-0.533333 0.2 9927.75 
-0.533333 0.266667 9930.41 
-0.533333 0.333333 9928 
-0.533333 0.4 9920.65 
-0.533333 0.466667 9909.02 
-0.533333 0.533333 9894.99 
-0.533333 0.6 9882.53 
-0.533333 0.666667 9878.41 
-0.533333 0.733333 9873.3 
-0.533333 0.8 9860.83 
-0.533333 0.866667 9846.91 
-0.533333 0.933333 9838.29 
-0.533333 1 9831.35 
-0.533333 1.06667 9847.24 
-0.533333 1.13333 9866.32 
-0.533333 1.2 9856.44 
-0.533333 1.26667 9825.26 
-0.533333 1.33333 9862.58 
-0.533333 1.4 9850.48 
-0.533333 1.46667 9822 
-0.533333 1.53333 9843.87 
-0.533333 1.6 9834.9 
-0.533333 1.66667 9826.45 
-0.533333 1.73333 9873.54 
-0.533333 1.8 9829.13 
-0.533333 1.86667 9867.06 
-0.533333 1.93333 9791.57 
-0.533333 2 9874.98 
-0.466667 -2 0.0992836 
-0.466667 -1.93333 0.182744 
-0.466667 -1.86667 0.335901 
-0.466667 -1.8 0.616286 
-0.466667 -1.73333 1.12795 
-0.466667 -1.66667 2.05774 
-0.466667 -1.6 3.73806 
-0.466667 -1.53333 6.75322 
-0.466667 -1.46667 12.1148 
-0.466667 -1.4 21.5416 
-0.466667 -1.33333 37.8882 
-0.466667 -1.26667 65.7693 
-0.466667 -1.2 112.418 
-0.466667 -1.13333 188.778 
-0.466667 -1.06667 310.771 
-0.466667 -1 500.542 
-0.466667 -0.933333 787.303 
-0.466667 -0.866667 1207.07 
-0.466667 -0.8 1800.06 
-0.466667 -0.733333 2603.94 
-0.466667 -0.666667 3640.16 
-0.466667 -0.6 4890.95 
-0.466667 -0.533333 6268.13 
-0.466667 -0.466667 7590.28 
-0.466667 -0.4 8625.02 
-0.466667 -0.333333 9256.7 
-0.466667 -0.266667 9582.62 
-0.466667 -0.2 9747.37 
-0.466667 -0.133333 9835.02 
-0.466667 -0.0666667 9884.53 
-0.466667 -4.16334e-16 9913.85 
-0.466667 0.0666667 9931.65 
-0.466667 0.133333 9942.3 
-0.466667 0.2 9948.07 
-0.466667 0.266667 9949.94 
-0.466667 0.333333 9948.18 
-0.466667 0.4 9942.91 
-0.466667 0.466667 9934.6 
-0.466667 0.533333 9924.65 
-0.466667 0.6 9915.98 
-0.466667 0.666667 9913.24 
-0.466667 0.733333 9909.6 
-0.466667 0.8 9900.6 
-0.466667 0.866667 9890.68 
-0.466667 0.933333 9884.52 
-0.466667 1 9879.4 
-0.466667 1.06667 9890.53 
-0.466667 1.13333 9904.09 
-0.466667 1.2 9896.98 
-0.466667 1.26667 9875.15 
-0.466667 1.33333 9901.39 
-0.466667 1.4 9892.74 
-0.466667 1.46667 9872.72 
-0.466667 1.53333 9888.05 
-0.466667 1.6 9881.7 
-0.466667 1.66667 9875.71 
-0.466667 1.73333 9909.32 
-0.466667 1.8 9877.67 
-0.466667 1.86667 9904.68 
-0.466667 1.93333 9851.06 
-0.466667 2 9910.34 
-0.4 -2 0.134725 
-0.4 -1.93333 0.247825 
-0.4 -1.86667 0.455151 
-0.4 -1.8 0.834157 
-0.4 -1.73333 1.52448 
-0.4 -1.66667 2.7758 
-0.4 -1.6 5.02991 
-0.4 -1.53333 9.05803 
-0.4 -1.46667 16.184 
-0.4 -1.4 28.6335 
-0.4 -1.33333 50.0579 
-0.4 -1.26667 86.2764 
-0.4 -1.2 146.264 
-0.4 -1.13333 243.361 
-0.4 -1.06667 396.592 
-0.4 -1 631.821 
-0.4 -0.933333 982.226 
-0.4 -0.866667 1487.15 
-0.4 -0.8 2187.75 
-0.4 -0.733333 3117.12 
-0.4 -0.666667 4281.64 
-0.4 -0.6 5631.7 
-0.4 -0.533333 7027.86 
-0.4 -0.466667 8238.77 
-0.4 -0.4 9058.22 
-0.4 -0.333333 9497.48 
-0.4 -0.266667 9713.83 
-0.4 -0.2 9823.95 
-0.4 -0.133333 9883.6 
-0.4 -0.0666667 9917.82 
-0.4 -4.16334e-16 9938.33 
-0.4 0.0666667 9950.88 
-0.4 0.133333 9958.43 
-0.4 0.2 9962.54 
-0.4 0.266667 9963.86 
-0.4 0.333333 9962.58 
-0.4 0.4 9958.79 
-0.4 0.466667 9952.83 
-0.4 0.533333 9945.74 
-0.4 0.6 9939.66 
-0.4 0.666667 9937.81 
-0.4 0.733333 9935.21 
-0.4 0.8 9928.68 
-0.4 0.866667 9921.59 
-0.4 0.933333 9917.17 
-0.4 1 9913.41 
-0.4 1.06667 9921.25 
-0.4 1.13333 9930.93 
-0.4 1.2 9925.8 
-0.4 1.26667 9910.42 
-0.4 1.33333 9928.98 
-0.4 1.4 9922.77 
-0.4 1.46667 9908.62 
-0.4 1.53333 9919.43 
-0.4 1.6 9914.91 
-0.4 1.66667 9910.65 
-0.4 1.73333 9934.74 
-0.4 1.8 9912.07 
-0.4 1.86667 9931.39 
-0.4 1.93333 9893.14 
-0.4 2 9935.46 
-0.333333 -2 0.182766 
-0.333333 -1.93333 0.335956 
-0.333333 -1.86667 0.616421 
-0.333333 -1.8 1.12828 
-0.333333 -1.73333 2.05856 
-0.333333 -1.66667 3.74005 
-0.333333 -1.6 6.75801 
-0.333333 -1.53333 12.1262 
-0.333333 -1.46667 21.5684 
-0.333333 -1.4 37.9499 
-0.333333 -1.33333 65.9086 
-0.333333 -1.26667 112.725 
-0.333333 -1.2 189.439 
-0.333333 -1.13333 312.153 
-0.333333 -1.06667 503.352 
-0.333333 -1 792.849 
-0.333333 -0.933333 1217.67 
-0.333333 -0.866667 1819.64 
-0.333333 -0.8 2638.61 
-0.333333 -0.733333 3698.43 
-0.333333 -0.666667 4982.13 
-0.333333 -0.6 6396.47 
-0.333333 -0.533333 7743.34 
-0.333333 -0.466667 8768.71 
-0.333333 -0.4 9364.77 
-0.333333 -0.333333 9658.29 
-0.333333 -0.266667 9801.89 
-0.333333 -0.2 9876.28 
-0.333333 -0.133333 9917.32 
-0.333333 -0.0666667 9941.2 
-0.333333 -4.16334e-16 9955.66 
-0.333333 0.0666667 9964.56 
-0.333333 0.133333 9969.95 
-0.333333 0.2 9972.89 
-0.333333 0.266667 9973.83 
-0.333333 0.333333 9972.9 
-0.333333 0.4 9970.17 
-0.333333 0.466667 9965.88 
-0.333333 0.533333 9960.8 
-0.333333 0.6 9956.51 
-0.333333 0.666667 9955.25 
-0.333333 0.733333 9953.38 
-0.333333 0.8 9948.64 
-0.333333 0.866667 9943.55 
-0.333333 0.933333 9940.37 
-0.333333 1 9937.6 
-0.333333 1.06667 9943.16 
-0.333333 1.13333 9950.11 
-0.333333 1.2 9946.39 
-0.333333 1.26667 9935.49 
-0.333333 1.33333 9948.68 
-0.333333 1.4 9944.22 
-0.333333 1.46667 9934.15 
-0.333333 1.53333 9941.82 
-0.333333 1.6 9938.59 
-0.333333 1.66667 9935.55 
-0.333333 1.73333 9952.88 
-0.333333 1.8 9936.59 
-0.333333 1.86667 9950.46 
-0.333333 1.93333 9923.05 
-0.333333 2 9953.39 
-0.266667 -2 0.247855 
-0.266667 -1.93333 0.455225 
-0.266667 -1.86667 0.834338 
-0.266667 -1.8 1.52492 
-0.266667 -1.73333 2.77689 
-0.266667 -1.66667 5.03256 
-0.266667 -1.6 9.06438 
-0.266667 -1.53333 16.199 
-0.266667 -1.46667 28.6685 
-0.266667 -1.4 50.1378 
-0.266667 -1.33333 86.4546 
-0.266667 -1.26667 146.652 
-0.266667 -1.2 244.185 
-0.266667 -1.13333 398.294 
-0.266667 -1.06667 635.234 
-0.266667 -1 988.864 
-0.266667 -0.933333 1499.64 
-0.266667 -0.866667 2210.4 
-0.266667 -0.8 3156.33 
-0.266667 -0.733333 4345.54 
-0.266667 -0.666667 5727.09 
-0.266667 -0.6 7152.17 
-0.266667 -0.533333 8369.59 
-0.266667 -0.466667 9164.22 
-0.266667 -0.4 9571.45 
-0.266667 -0.333333 9765.37 
-0.266667 -0.266667 9861.56 
-0.266667 -0.2 9912.41 
-0.266667 -0.133333 9940.93 
-0.266667 -0.0666667 9957.74 
-0.266667 -4.16334e-16 9967.99 
-0.266667 0.0666667 9974.35 
-0.266667 0.133333 9978.22 
-0.266667 0.2 9980.33 
-0.266667 0.266667 9981 
-0.266667 0.333333 9980.33 
-0.266667 0.4 9978.35 
-0.266667 0.466667 9975.26 
-0.266667 0.533333 9971.6 
-0.266667 0.6 9968.56 
-0.266667 0.666667 9967.69 
-0.266667 0.733333 9966.34 
-0.266667 0.8 9962.89 
-0.266667 0.866667 9959.22 
-0.266667 0.933333 9956.93 
-0.266667 1 9954.9 
-0.266667 1.06667 9958.86 
-0.266667 1.13333 9963.86 
-0.266667 1.2 9961.16 
-0.266667 1.26667 9953.39 
-0.266667 1.33333 9962.82 
-0.266667 1.4 9959.6 
-0.266667 1.46667 9952.41 
-0.266667 1.53333 9957.87 
-0.266667 1.6 9955.55 
-0.266667 1.66667 9953.38 
-0.266667 1.73333 9965.88 
-0.266667 1.8 9954.13 
-0.266667 1.86667 9964.12 
-0.266667 1.93333 9944.41 
-0.266667 2 9966.24 
-0.2 -2 0.335996 
-0.2 -1.93333 0.61652 
-0.2 -1.86667 1.12853 
-0.2 -1.8 2.05916 
-0.2 -1.73333 3.74151 
-0.2 -1.66667 6.76154 
-0.2 -1.6 12.1346 
-0.2 -1.53333 21.5881 
-0.2 -1.46667 37.9954 
-0.2 -1.4 66.0113 
-0.2 -1.33333 112.952 
-0.2 -1.26667 189.926 
-0.2 -1.2 313.175 
-0.2 -1.13333 505.433 
-0.2 -1.06667 796.964 
-0.2 -1 1225.55 
-0.2 -0.933333 1834.23 
-0.2 -0.866667 2664.53 
-0.2 -0.8 3742.13 
-0.2 -0.733333 5050.66 
-0.2 -0.666667 6492.71 
-0.2 -0.6 7856.51 
-0.2 -0.533333 8871.22 
-0.2 -0.466667 9438.63 
-0.2 -0.4 9708.49 
-0.2 -0.333333 9837.24 
-0.2 -0.266667 9902.46 
-0.2 -0.2 9937.6 
-0.2 -0.133333 9957.6 
-0.2 -0.0666667 9969.5 
-0.2 -4.16334e-16 9976.82 
-0.2 0.0666667 9981.38 
-0.2 0.133333 9984.16 
-0.2 0.2 9985.69 
-0.2 0.266667 9986.18 
-0.2 0.333333 9985.69 
-0.2 0.4 9984.26 
-0.2 0.466667 9982.02 
-0.2 0.533333 9979.38 
-0.2 0.6 9977.21 
-0.2 0.666667 9976.61 
-0.2 0.733333 9975.63 
-0.2 0.8 9973.12 
-0.2 0.866667 9970.46 
-0.2 0.933333 9968.8 
-0.2 1 9967.31 
-0.2 1.06667 9970.15 
-0.2 1.13333 9973.76 
-0.2 1.2 9971.79 
-0.2 1.26667 9966.24 
-0.2 1.33333 9973 
-0.2 1.4 9970.66 
-0.2 1.46667 9965.51 
-0.2 1.53333 9969.42 
-0.2 1.6 9967.75 
-0.2 1.66667 9966.19 
-0.2 1.73333 9975.23 
-0.2 1.8 9966.74 
-0.2 1.86667 9973.96 
-0.2 1.93333 9959.74 
-0.2 2 9975.49 
-0.133333 -2 0.455279 
-0.133333 -1.93333 0.834472 
-0.133333 -1.86667 1.52525 
-0.133333 -1.8 2.7777 
-0.133333 -1.73333 5.03451 
-0.133333 -1.66667 9.06906 
-0.133333 -1.6 16.2101 
-0.133333 -1.53333 28.6943 
-0.133333 -1.46667 50.1966 
-0.133333 -1.4 86.5861 
-0.133333 -1.33333 146.939 
-0.133333 -1.26667 244.794 
-0.133333 -1.2 399.552 
-0.133333 -1.13333 637.76 
-0.133333 -1.06667 993.787 
-0.133333 -1 1508.92 
-0.133333 -0.933333 2227.27 
-0.133333 -0.866667 3185.62 
-0.133333 -0.8 4393.38 
-0.133333 -0.733333 5798.55 
-0.133333 -0.666667 7244.69 
-0.133333 -0.6 8464.81 
-0.133333 -0.533333 9238.48 
-0.133333 -0.466667 9621.64 
-0.133333 -0.4 9799.58 
-0.133333 -0.333333 9886.04 
-0.133333 -0.266667 9930.79 
-0.133333 -0.2 9955.31 
-0.133333 -0.133333 9969.43 
-0.133333 -0.0666667 9977.91 
-0.133333 -4.16334e-16 9983.16 
-0.133333 0.0666667 9986.45 
-0.133333 0.133333 9988.46 
-0.133333 0.2 9989.57 
-0.133333 0.266667 9989.92 
-0.133333 0.333333 9989.57 
-0.133333 0.4 9988.53 
-0.133333 0.466667 9986.91 
-0.133333 0.533333 9985 
-0.133333 0.6 9983.45 
-0.133333 0.666667 9983.03 
-0.133333 0.733333 9982.31 
-0.133333 0.8 9980.48 
-0.133333 0.866667 9978.55 
-0.133333 0.933333 9977.34 
-0.133333 1 9976.25 
-0.133333 1.06667 9978.29 
-0.133333 1.13333 9980.91 
-0.133333 1.2 9979.48 
-0.133333 1.26667 9975.48 
-0.133333 1.33333 9980.35 
-0.133333 1.4 9978.66 
-0.133333 1.46667 9974.95 
-0.133333 1.53333 9977.76 
-0.133333 1.6 9976.55 
-0.133333 1.66667 9975.42 
-0.133333 1.73333 9981.98 
-0.133333 1.8 9975.82 
-0.133333 1.86667 9981.05 
-0.133333 1.93333 9970.77 
-0.133333 2 9982.17 
-0.0666667 -2 0.616593 
-0.0666667 -1.93333 1.12871 
-0.0666667 -1.86667 2.0596 
-0.0666667 -1.8 3.74259 
-0.0666667 -1.73333 6.76413 
-0.0666667 -1.66667 12.1408 
-0.0666667 -1.6 21.6027 
-0.0666667 -1.53333 38.0289 
-0.0666667 -1.46667 66.087 
-0.0666667 -1.4 113.119 
-0.0666667 -1.33333 190.286 
-0.0666667 -1.26667 313.93 
-0.0666667 -1.2 506.971 
-0.0666667 -1.13333 800.009 
-0.0666667 -1.06667 1231.4 
-0.0666667 -1 1845.06 
-0.0666667 -0.933333 2683.82 
-0.0666667 -0.866667 3774.74 
-0.0666667 -0.8 5101.87 
-0.0666667 -0.733333 6564.5 
-0.0666667 -0.666667 7939.91 
-0.0666667 -0.6 8944.61 
-0.0666667 -0.533333 9489.81 
-0.0666667 -0.466667 9742.5 
-0.0666667 -0.4 9860.77 
-0.0666667 -0.333333 9919.57 
-0.0666667 -0.266667 9950.59 
-0.0666667 -0.2 9967.84 
-0.0666667 -0.133333 9977.88 
-0.0666667 -0.0666667 9983.96 
-0.0666667 -4.16334e-16 9987.74 
-0.0666667 0.0666667 9990.11 
-0.0666667 0.133333 9991.57 
-0.0666667 0.2 9992.38 
-0.0666667 0.266667 9992.64 
-0.0666667 0.333333 9992.38 
-0.0666667 0.4 9991.63 
-0.0666667 0.466667 9990.45 
-0.0666667 0.533333 9989.07 
-0.0666667 0.6 9987.95 
-0.0666667 0.666667 9987.66 
-0.0666667 0.733333 9987.14 
-0.0666667 0.8 9985.79 
-0.0666667 0.866667 9984.39 
-0.0666667 0.933333 9983.51 
-0.0666667 1 9982.71 
-0.0666667 1.06667 9984.19 
-0.0666667 1.13333 9986.08 
-0.0666667 1.2 9985.04 
-0.0666667 1.26667 9982.16 
-0.0666667 1.33333 9985.68 
-0.0666667 1.4 9984.44 
-0.0666667 1.46667 9981.77 
-0.0666667 1.53333 9983.79 
-0.0666667 1.6 9982.92 
-0.0666667 1.66667 9982.1 
-0.0666667 1.73333 9986.87 
-0.0666667 1.8 9982.4 
-0.0666667 1.86667 9986.19 
-0.0666667 1.93333 9978.74 
-0.0666667 2 9987 
