-3 -1 19.762658 
-3 -0.95 19.763045 
-3 -0.9 19.762630 
-3 -0.85 19.761680 
-3 -0.8 19.768016 
-3 -0.75 19.763682 
-3 -0.7 19.762721 
-3 -0.65 19.707383 
-3 -0.6 19.824977 
-3 -0.55 19.736114 
-3 -0.5 19.895555 
-3 -0.45 19.540060 
-3 -0.4 19.846683 
-3 -0.35 20.006101 
-3 -0.3 20.120183 
-3 -0.25 20.135191 
-3 -0.2 20.466288 
-3 -0.15 20.471983 
-3 -0.1 21.012585 
-3 -0.05 22.190137 
-3 0 22.996099 
-3 0.05 23.799832 
-3 0.1 25.386116 
-3 0.15 25.947264 
-3 0.2 26.844928 
-3 0.25 27.980174 
-3 0.3 29.748649 
-3 0.35 32.461020 
-3 0.4 36.152169 
-3 0.45 40.927890 
-3 0.5 47.240639 
-3 0.55 55.851663 
-3 0.6 67.853180 
-3 0.65 85.157728 
-3 0.7 111.174755 
-3 0.75 152.835964 
-3 0.8 225.835132 
-2.95 -1 19.762670 
-2.95 -0.95 19.763361 
-2.95 -0.9 19.762634 
-2.95 -0.85 19.761950 
-2.95 -0.8 19.767963 
-2.95 -0.75 19.763668 
-2.95 -0.7 19.762757 
-2.95 -0.65 19.707077 
-2.95 -0.6 19.825190 
-2.95 -0.55 19.736019 
-2.95 -0.5 19.895631 
-2.95 -0.45 19.539992 
-2.95 -0.4 19.846947 
-2.95 -0.35 20.006328 
-2.95 -0.3 20.120361 
-2.95 -0.25 20.135436 
-2.95 -0.2 20.466547 
-2.95 -0.15 20.472312 
-2.95 -0.1 21.013100 
-2.95 -0.05 22.190978 
-2.95 0 22.997140 
-2.95 0.05 23.801677 
-2.95 0.1 25.387920 
-2.95 0.15 25.949381 
-2.95 0.2 26.847875 
-2.95 0.25 27.983235 
-2.95 0.3 29.752149 
-2.95 0.35 32.466313 
-2.95 0.4 36.158134 
-2.95 0.45 40.936255 
-2.95 0.5 47.251375 
-2.95 0.55 55.864765 
-2.95 0.6 67.871473 
-2.95 0.65 85.183275 
-2.95 0.7 111.210766 
-2.95 0.75 152.889338 
-2.95 0.8 225.924317 
-2.9 -1 19.762464 
-2.9 -0.95 19.763039 
-2.9 -0.9 19.762446 
-2.9 -0.85 19.761662 
-2.9 -0.8 19.767935 
-2.9 -0.75 19.763814 
-2.9 -0.7 19.762445 
-2.9 -0.65 19.707249 
-2.9 -0.6 19.824935 
-2.9 -0.55 19.736063 
-2.9 -0.5 19.895365 
-2.9 -0.45 19.540059 
-2.9 -0.4 19.846898 
-2.9 -0.35 20.006386 
-2.9 -0.3 20.120467 
-2.9 -0.25 20.135819 
-2.9 -0.2 20.466866 
-2.9 -0.15 20.472707 
-2.9 -0.1 21.013273 
-2.9 -0.05 22.192134 
-2.9 0 22.998788 
-2.9 0.05 23.803546 
-2.9 0.1 25.390597 
-2.9 0.15 25.952592 
-2.9 0.2 26.850971 
-2.9 0.25 27.986966 
-2.9 0.3 29.757671 
-2.9 0.35 32.472194 
-2.9 0.4 36.165978 
-2.9 0.45 40.946148 
-2.9 0.5 47.264368 
-2.9 0.55 55.882184 
-2.9 0.6 67.895857 
-2.9 0.65 85.215049 
-2.9 0.7 111.255455 
-2.9 0.75 152.957655 
-2.9 0.8 226.034128 
-2.85 -1 19.762651 
-2.85 -0.95 19.763343 
-2.85 -0.9 19.762604 
-2.85 -0.85 19.761672 
-2.85 -0.8 19.768083 
-2.85 -0.75 19.763768 
-2.85 -0.7 19.762693 
-2.85 -0.65 19.706959 
-2.85 -0.6 19.824898 
-2.85 -0.55 19.735813 
-2.85 -0.5 19.895606 
-2.85 -0.45 19.540058 
-2.85 -0.4 19.847103 
-2.85 -0.35 20.006446 
-2.85 -0.3 20.120626 
-2.85 -0.25 20.136231 
-2.85 -0.2 20.467318 
-2.85 -0.15 20.473116 
-2.85 -0.1 21.014358 
-2.85 -0.05 22.193455 
-2.85 0 23.000452 
-2.85 0.05 23.806266 
-2.85 0.1 25.394028 
-2.85 0.15 25.956103 
-2.85 0.2 26.855703 
-2.85 0.25 27.992373 
-2.85 0.3 29.763777 
-2.85 0.35 32.479382 
-2.85 0.4 36.175787 
-2.85 0.45 40.958993 
-2.85 0.5 47.280541 
-2.85 0.55 55.904093 
-2.85 0.6 67.924794 
-2.85 0.65 85.255251 
-2.85 0.7 111.313796 
-2.85 0.75 153.043404 
-2.85 0.8 226.174025 
-2.8 -1 19.762438 
-2.8 -0.95 19.763047 
-2.8 -0.9 19.762625 
-2.8 -0.85 19.761978 
-2.8 -0.8 19.767767 
-2.8 -0.75 19.763738 
-2.8 -0.7 19.762353 
-2.8 -0.65 19.706853 
-2.8 -0.6 19.824990 
-2.8 -0.55 19.735948 
-2.8 -0.5 19.895812 
-2.8 -0.45 19.540069 
-2.8 -0.4 19.847186 
-2.8 -0.35 20.006481 
-2.8 -0.3 20.120923 
-2.8 -0.25 20.136626 
-2.8 -0.2 20.467650 
-2.8 -0.15 20.473886 
-2.8 -0.1 21.015629 
-2.8 -0.05 22.195111 
-2.8 0 23.003175 
-2.8 0.05 23.809129 
-2.8 0.1 25.398049 
-2.8 0.15 25.961037 
-2.8 0.2 26.860418 
-2.8 0.25 27.998172 
-2.8 0.3 29.770482 
-2.8 0.35 32.489089 
-2.8 0.4 36.188475 
-2.8 0.45 40.974611 
-2.8 0.5 47.301669 
-2.8 0.55 55.931867 
-2.8 0.6 67.961655 
-2.8 0.65 85.306198 
-2.8 0.7 111.386037 
-2.8 0.75 153.150990 
-2.8 0.8 226.348245 
-2.75 -1 19.762621 
-2.75 -0.95 19.763051 
-2.75 -0.9 19.762695 
-2.75 -0.85 19.761861 
-2.75 -0.8 19.768020 
-2.75 -0.75 19.763770 
-2.75 -0.7 19.762328 
-2.75 -0.65 19.706928 
-2.75 -0.6 19.824841 
-2.75 -0.55 19.736035 
-2.75 -0.5 19.895908 
-2.75 -0.45 19.539989 
-2.75 -0.4 19.847076 
-2.75 -0.35 20.006963 
-2.75 -0.3 20.121244 
-2.75 -0.25 20.136943 
-2.75 -0.2 20.468638 
-2.75 -0.15 20.474895 
-2.75 -0.1 21.016393 
-2.75 -0.05 22.197564 
-2.75 0 23.006526 
-2.75 0.05 23.813292 
-2.75 0.1 25.403223 
-2.75 0.15 25.967101 
-2.75 0.2 26.867762 
-2.75 0.25 28.006633 
-2.75 0.3 29.780058 
-2.75 0.35 32.501636 
-2.75 0.4 36.204464 
-2.75 0.45 40.995574 
-2.75 0.5 47.328195 
-2.75 0.55 55.967095 
-2.75 0.6 68.008446 
-2.75 0.65 85.370350 
-2.75 0.7 111.476151 
-2.75 0.75 153.286481 
-2.75 0.8 226.571677 
-2.7 -1 19.762635 
-2.7 -0.95 19.763146 
-2.7 -0.9 19.762391 
-2.7 -0.85 19.761951 
-2.7 -0.8 19.767761 
-2.7 -0.75 19.763744 
-2.7 -0.7 19.762490 
-2.7 -0.65 19.706655 
-2.7 -0.6 19.825043 
-2.7 -0.55 19.735927 
-2.7 -0.5 19.896048 
-2.7 -0.45 19.539842 
-2.7 -0.4 19.847287 
-2.7 -0.35 20.007094 
-2.7 -0.3 20.121707 
-2.7 -0.25 20.137287 
-2.7 -0.2 20.469415 
-2.7 -0.15 20.475733 
-2.7 -0.1 21.017952 
-2.7 -0.05 22.200416 
-2.7 0 23.010255 
-2.7 0.05 23.818298 
-2.7 0.1 25.410634 
-2.7 0.15 25.974515 
-2.7 0.2 26.876032 
-2.7 0.25 28.015912 
-2.7 0.3 29.791663 
-2.7 0.35 32.517079 
-2.7 0.4 36.224717 
-2.7 0.45 41.021019 
-2.7 0.5 47.361955 
-2.7 0.55 56.010583 
-2.7 0.6 68.066211 
-2.7 0.65 85.449084 
-2.7 0.7 111.588862 
-2.7 0.75 153.456983 
-2.7 0.8 226.847705 
-2.65 -1 19.762758 
-2.65 -0.95 19.763323 
-2.65 -0.9 19.762401 
-2.65 -0.85 19.761645 
-2.65 -0.8 19.767890 
-2.65 -0.75 19.763617 
-2.65 -0.7 19.762174 
-2.65 -0.65 19.706752 
-2.65 -0.6 19.824733 
-2.65 -0.55 19.735927 
-2.65 -0.5 19.895843 
-2.65 -0.45 19.539852 
-2.65 -0.4 19.847469 
-2.65 -0.35 20.007359 
-2.65 -0.3 20.122336 
-2.65 -0.25 20.137999 
-2.65 -0.2 20.470468 
-2.65 -0.15 20.477036 
-2.65 -0.1 21.020289 
-2.65 -0.05 22.203847 
-2.65 0 23.015190 
-2.65 0.05 23.824929 
-2.65 0.1 25.418621 
-2.65 0.15 25.984170 
-2.65 0.2 26.886883 
-2.65 0.25 28.028350 
-2.65 0.3 29.807544 
-2.65 0.35 32.536479 
-2.65 0.4 36.248723 
-2.65 0.45 41.053731 
-2.65 0.5 47.403967 
-2.65 0.55 56.065725 
-2.65 0.6 68.140232 
-2.65 0.65 85.551314 
-2.65 0.7 111.733966 
-2.65 0.75 153.672856 
-2.65 0.8 227.200945 
-2.6 -1 19.762642 
-2.6 -0.95 19.763322 
-2.6 -0.9 19.762586 
-2.6 -0.85 19.761899 
-2.6 -0.8 19.767971 
-2.6 -0.75 19.763666 
-2.6 -0.7 19.762413 
-2.6 -0.65 19.706328 
-2.6 -0.6 19.824686 
-2.6 -0.55 19.735564 
-2.6 -0.5 19.896387 
-2.6 -0.45 19.539787 
-2.6 -0.4 19.847601 
-2.6 -0.35 20.007869 
-2.6 -0.3 20.122895 
-2.6 -0.25 20.138990 
-2.6 -0.2 20.471789 
-2.6 -0.15 20.478845 
-2.6 -0.1 21.023034 
-2.6 -0.05 22.208297 
-2.6 0 23.021481 
-2.6 0.05 23.833016 
-2.6 0.1 25.429191 
-2.6 0.15 25.996237 
-2.6 0.2 26.900505 
-2.6 0.25 28.044539 
-2.6 0.3 29.827018 
-2.6 0.35 32.560472 
-2.6 0.4 36.280915 
-2.6 0.45 41.093962 
-2.6 0.5 47.456166 
-2.6 0.55 56.136062 
-2.6 0.6 68.233883 
-2.6 0.65 85.678535 
-2.6 0.7 111.915195 
-2.6 0.75 153.943992 
-2.6 0.8 227.640943 
-2.55 -1 19.762429 
-2.55 -0.95 19.763216 
-2.55 -0.9 19.762352 
-2.55 -0.85 19.761652 
-2.55 -0.8 19.767800 
-2.55 -0.75 19.763662 
-2.55 -0.7 19.762031 
-2.55 -0.65 19.706080 
-2.55 -0.6 19.824823 
-2.55 -0.55 19.735885 
-2.55 -0.5 19.896649 
-2.55 -0.45 19.539665 
-2.55 -0.4 19.848224 
-2.55 -0.35 20.008279 
-2.55 -0.3 20.123730 
-2.55 -0.25 20.140149 
-2.55 -0.2 20.473726 
-2.55 -0.15 20.480725 
-2.55 -0.1 21.026085 
-2.55 -0.05 22.213935 
-2.55 0 23.029441 
-2.55 0.05 23.843394 
-2.55 0.1 25.442545 
-2.55 0.15 26.011125 
-2.55 0.2 26.917833 
-2.55 0.25 28.064555 
-2.55 0.3 29.850646 
-2.55 0.35 32.591041 
-2.55 0.4 36.320798 
-2.55 0.45 41.145552 
-2.55 0.5 47.522147 
-2.55 0.55 56.224142 
-2.55 0.6 68.351430 
-2.55 0.65 85.840241 
-2.55 0.7 112.143137 
-2.55 0.75 154.288208 
-2.55 0.8 228.197936 
-2.5 -1 19.762593 
-2.5 -0.95 19.763271 
-2.5 -0.9 19.762548 
-2.5 -0.85 19.761634 
-2.5 -0.8 19.768047 
-2.5 -0.75 19.763636 
-2.5 -0.7 19.761899 
-2.5 -0.65 19.705918 
-2.5 -0.6 19.824814 
-2.5 -0.55 19.735809 
-2.5 -0.5 19.896655 
-2.5 -0.45 19.539617 
-2.5 -0.4 19.848532 
-2.5 -0.35 20.008984 
-2.5 -0.3 20.124852 
-2.5 -0.25 20.141420 
-2.5 -0.2 20.475756 
-2.5 -0.15 20.483442 
-2.5 -0.1 21.030410 
-2.5 -0.05 22.221120 
-2.5 0 23.039107 
-2.5 0.05 23.856200 
-2.5 0.1 25.459423 
-2.5 0.15 26.030649 
-2.5 0.2 26.939446 
-2.5 0.25 28.090295 
-2.5 0.3 29.881081 
-2.5 0.35 32.629625 
-2.5 0.4 36.370518 
-2.5 0.45 41.210180 
-2.5 0.5 47.606714 
-2.5 0.55 56.334437 
-2.5 0.6 68.498737 
-2.5 0.65 86.042561 
-2.5 0.7 112.431954 
-2.5 0.75 154.718015 
-2.5 0.8 228.902215 
-2.45 -1 19.762580 
-2.45 -0.95 19.762988 
-2.45 -0.9 19.762295 
-2.45 -0.85 19.761905 
-2.45 -0.8 19.767769 
-2.45 -0.75 19.763557 
-2.45 -0.7 19.761984 
-2.45 -0.65 19.705692 
-2.45 -0.6 19.824718 
-2.45 -0.55 19.735324 
-2.45 -0.5 19.897262 
-2.45 -0.45 19.539469 
-2.45 -0.4 19.848718 
-2.45 -0.35 20.009832 
-2.45 -0.3 20.126184 
-2.45 -0.25 20.143447 
-2.45 -0.2 20.478763 
-2.45 -0.15 20.486816 
-2.45 -0.1 21.035761 
-2.45 -0.05 22.230032 
-2.45 0 23.052007 
-2.45 0.05 23.872483 
-2.45 0.1 25.480437 
-2.45 0.15 26.054462 
-2.45 0.2 26.966761 
-2.45 0.25 28.121958 
-2.45 0.3 29.919426 
-2.45 0.35 32.679043 
-2.45 0.4 36.434057 
-2.45 0.45 41.290537 
-2.45 0.5 47.713153 
-2.45 0.55 56.473859 
-2.45 0.6 68.685128 
-2.45 0.65 86.298601 
-2.45 0.7 112.795694 
-2.45 0.75 155.263350 
-2.45 0.8 229.787856 
-2.4 -1 19.762543 
-2.4 -0.95 19.763162 
-2.4 -0.9 19.762508 
-2.4 -0.85 19.761831 
-2.4 -0.8 19.767761 
-2.4 -0.75 19.763581 
-2.4 -0.7 19.761765 
-2.4 -0.65 19.705141 
-2.4 -0.6 19.824426 
-2.4 -0.55 19.735471 
-2.4 -0.5 19.897647 
-2.4 -0.45 19.539478 
-2.4 -0.4 19.849369 
-2.4 -0.35 20.010916 
-2.4 -0.3 20.127749 
-2.4 -0.25 20.145638 
-2.4 -0.2 20.482293 
-2.4 -0.15 20.491123 
-2.4 -0.1 21.042146 
-2.4 -0.05 22.241438 
-2.4 0 23.067574 
-2.4 0.05 23.893023 
-2.4 0.1 25.507485 
-2.4 0.15 26.084382 
-2.4 0.2 27.001474 
-2.4 0.25 28.161954 
-2.4 0.3 29.968211 
-2.4 0.35 32.740486 
-2.4 0.4 36.513241 
-2.4 0.45 41.393921 
-2.4 0.5 47.846985 
-2.4 0.55 56.650068 
-2.4 0.6 68.920366 
-2.4 0.65 86.621110 
-2.4 0.7 113.252935 
-2.4 0.75 155.950919 
-2.4 0.8 230.907429 
-2.35 -1 19.762525 
-2.35 -0.95 19.763223 
-2.35 -0.9 19.762262 
-2.35 -0.85 19.761789 
-2.35 -0.8 19.768005 
-2.35 -0.75 19.763467 
-2.35 -0.7 19.761498 
-2.35 -0.65 19.704427 
-2.35 -0.6 19.824108 
-2.35 -0.55 19.735340 
-2.35 -0.5 19.898079 
-2.35 -0.45 19.539175 
-2.35 -0.4 19.850264 
-2.35 -0.35 20.012134 
-2.35 -0.3 20.129943 
-2.35 -0.25 20.148643 
-2.35 -0.2 20.486786 
-2.35 -0.15 20.496491 
-2.35 -0.1 21.050502 
-2.35 -0.05 22.255642 
-2.35 0 23.087641 
-2.35 0.05 23.918832 
-2.35 0.1 25.541094 
-2.35 0.15 26.122974 
-2.35 0.2 27.045217 
-2.35 0.25 28.212334 
-2.35 0.3 30.029586 
-2.35 0.35 32.818789 
-2.35 0.4 36.612617 
-2.35 0.45 41.523325 
-2.35 0.5 48.015564 
-2.35 0.55 56.871423 
-2.35 0.6 69.216925 
-2.35 0.65 87.028727 
-2.35 0.7 113.832152 
-2.35 0.75 156.818165 
-2.35 0.8 232.320826 
-2.3 -1 19.762306 
-2.3 -0.95 19.763190 
-2.3 -0.9 19.762175 
-2.3 -0.85 19.761569 
-2.3 -0.8 19.768070 
-2.3 -0.75 19.763359 
-2.3 -0.7 19.761100 
-2.3 -0.65 19.703501 
-2.3 -0.6 19.823854 
-2.3 -0.55 19.734790 
-2.3 -0.5 19.898772 
-2.3 -0.45 19.538796 
-2.3 -0.4 19.851075 
-2.3 -0.35 20.013852 
-2.3 -0.3 20.132610 
-2.3 -0.25 20.152296 
-2.3 -0.2 20.492516 
-2.3 -0.15 20.503070 
-2.3 -0.1 21.060702 
-2.3 -0.05 22.273741 
-2.3 0 23.113096 
-2.3 0.05 23.951668 
-2.3 0.1 25.583816 
-2.3 0.15 26.171640 
-2.3 0.2 27.100488 
-2.3 0.25 28.275601 
-2.3 0.3 30.107425 
-2.3 0.35 32.916718 
-2.3 0.4 36.741233 
-2.3 0.45 41.688603 
-2.3 0.5 48.227324 
-2.3 0.55 57.151021 
-2.3 0.6 69.591592 
-2.3 0.65 87.542384 
-2.3 0.7 114.563749 
-2.3 0.75 157.914823 
-2.3 0.8 234.107276 
-2.25 -1 19.762443 
-2.25 -0.95 19.763136 
-2.25 -0.9 19.762328 
-2.25 -0.85 19.761829 
-2.25 -0.8 19.768084 
-2.25 -0.75 19.763152 
-2.25 -0.7 19.760440 
-2.25 -0.65 19.702495 
-2.25 -0.6 19.823682 
-2.25 -0.55 19.734557 
-2.25 -0.5 19.899696 
-2.25 -0.45 19.538322 
-2.25 -0.4 19.852192 
-2.25 -0.35 20.015901 
-2.25 -0.3 20.136142 
-2.25 -0.25 20.156638 
-2.25 -0.2 20.499763 
-2.25 -0.15 20.511490 
-2.25 -0.1 21.073676 
-2.25 -0.05 22.296329 
-2.25 0 23.144971 
-2.25 0.05 23.992361 
-2.25 0.1 25.637595 
-2.25 0.15 26.232579 
-2.25 0.2 27.169625 
-2.25 0.25 28.356095 
-2.25 0.3 30.205682 
-2.25 0.35 33.040682 
-2.25 0.4 36.900348 
-2.25 0.45 41.894586 
-2.25 0.5 48.496211 
-2.25 0.55 57.505214 
-2.25 0.6 70.066831 
-2.25 0.65 88.192712 
-2.25 0.7 115.488974 
-2.25 0.75 159.300624 
-2.25 0.8 236.370786 
-2.2 -1 19.762438 
-2.2 -0.95 19.762777 
-2.2 -0.9 19.762300 
-2.2 -0.85 19.761789 
-2.2 -0.8 19.767995 
-2.2 -0.75 19.763128 
-2.2 -0.7 19.759961 
-2.2 -0.65 19.701505 
-2.2 -0.6 19.823350 
-2.2 -0.55 19.734176 
-2.2 -0.5 19.900796 
-2.2 -0.45 19.538194 
-2.2 -0.4 19.853813 
-2.2 -0.35 20.018751 
-2.2 -0.3 20.140401 
-2.2 -0.25 20.162468 
-2.2 -0.2 20.508314 
-2.2 -0.15 20.522115 
-2.2 -0.1 21.090627 
-2.2 -0.05 22.324631 
-2.2 0 23.184945 
-2.2 0.05 24.045089 
-2.2 0.1 25.706184 
-2.2 0.15 26.309310 
-2.2 0.2 27.258423 
-2.2 0.25 28.458143 
-2.2 0.3 30.329262 
-2.2 0.35 33.198274 
-2.2 0.4 37.103349 
-2.2 0.45 42.155913 
-2.2 0.5 48.836220 
-2.2 0.55 57.952183 
-2.2 0.6 70.665780 
-2.2 0.65 89.016831 
-2.2 0.7 116.658471 
-2.2 0.75 161.056883 
-2.2 0.8 239.238918 
-2.15 -1 19.762356 
-2.15 -0.95 19.762792 
-2.15 -0.9 19.762229 
-2.15 -0.85 19.761392 
-2.15 -0.8 19.767831 
-2.15 -0.75 19.762892 
-2.15 -0.7 19.759144 
-2.15 -0.65 19.699917 
-2.15 -0.6 19.822652 
-2.15 -0.55 19.733841 
-2.15 -0.5 19.902305 
-2.15 -0.45 19.537387 
-2.15 -0.4 19.855927 
-2.15 -0.35 20.022070 
-2.15 -0.3 20.145615 
-2.15 -0.25 20.169690 
-2.15 -0.2 20.520119 
-2.15 -0.15 20.535815 
-2.15 -0.1 21.111467 
-2.15 -0.05 22.360504 
-2.15 0 23.236027 
-2.15 0.05 24.111095 
-2.15 0.1 25.791676 
-2.15 0.15 26.407449 
-2.15 0.2 27.370587 
-2.15 0.25 28.587812 
-2.15 0.3 30.486324 
-2.15 0.35 33.398197 
-2.15 0.4 37.359648 
-2.15 0.45 42.487248 
-2.15 0.5 49.267206 
-2.15 0.55 58.518424 
-2.15 0.6 71.424310 
-2.15 0.65 90.062505 
-2.15 0.7 118.145835 
-2.15 0.75 163.286208 
-2.15 0.8 242.882014 
-2.1 -1 19.762105 
-2.1 -0.95 19.762892 
-2.1 -0.9 19.762046 
-2.1 -0.85 19.761567 
-2.1 -0.8 19.767873 
-2.1 -0.75 19.762872 
-2.1 -0.7 19.758356 
-2.1 -0.65 19.697793 
-2.1 -0.6 19.822270 
-2.1 -0.55 19.733194 
-2.1 -0.5 19.904127 
-2.1 -0.45 19.536813 
-2.1 -0.4 19.858509 
-2.1 -0.35 20.026262 
-2.1 -0.3 20.152579 
-2.1 -0.25 20.178759 
-2.1 -0.2 20.534732 
-2.1 -0.15 20.552751 
-2.1 -0.1 21.138478 
-2.1 -0.05 22.406995 
-2.1 0 23.301452 
-2.1 0.05 24.195052 
-2.1 0.1 25.900909 
-2.1 0.15 26.531861 
-2.1 0.2 27.510935 
-2.1 0.25 28.749603 
-2.1 0.3 30.685565 
-2.1 0.35 33.650128 
-2.1 0.4 37.686271 
-2.1 0.45 42.907796 
-2.1 0.5 49.812929 
-2.1 0.55 59.238678 
-2.1 0.6 72.390505 
-2.1 0.65 91.388692 
-2.1 0.7 120.035948 
-2.1 0.75 166.116306 
-2.1 0.8 247.512345 
-2.05 -1 19.761964 
-2.05 -0.95 19.762453 
-2.05 -0.9 19.761643 
-2.05 -0.85 19.761509 
-2.05 -0.8 19.767844 
-2.05 -0.75 19.762565 
-2.05 -0.7 19.757259 
-2.05 -0.65 19.695597 
-2.05 -0.6 19.821530 
-2.05 -0.55 19.732538 
-2.05 -0.5 19.906828 
-2.05 -0.45 19.536015 
-2.05 -0.4 19.861257 
-2.05 -0.35 20.031622 
-2.05 -0.3 20.161273 
-2.05 -0.25 20.190586 
-2.05 -0.2 20.552919 
-2.05 -0.15 20.575063 
-2.05 -0.1 21.172622 
-2.05 -0.05 22.465454 
-2.05 0 23.382939 
-2.05 0.05 24.301477 
-2.05 0.1 26.040229 
-2.05 0.15 26.690284 
-2.05 0.2 27.690004 
-2.05 0.25 28.958847 
-2.05 0.3 30.937303 
-2.05 0.35 33.972481 
-2.05 0.4 38.099607 
-2.05 0.45 43.441434 
-2.05 0.5 50.508124 
-2.05 0.55 60.155392 
-2.05 0.6 73.620470 
-2.05 0.65 93.075724 
-2.05 0.7 122.431276 
-2.05 0.75 169.719097 
-2.05 0.8 253.423827 
-2 -1 19.762028 
-2 -0.95 19.762606 
-2 -0.9 19.761488 
-2 -0.85 19.761245 
-2 -0.8 19.767878 
-2 -0.75 19.762089 
-2 -0.7 19.756116 
-2 -0.65 19.692498 
-2 -0.6 19.820524 
-2 -0.55 19.732003 
-2 -0.5 19.909710 
-2 -0.45 19.534871 
-2 -0.4 19.865025 
-2 -0.35 20.038389 
-2 -0.3 20.172022 
-2 -0.25 20.205006 
-2 -0.2 20.576650 
-2 -0.15 20.602585 
-2 -0.1 21.215478 
-2 -0.05 22.539312 
-2 0 23.487580 
-2 0.05 24.438429 
-2 0.1 26.217772 
-2 0.15 26.890981 
-2 0.2 27.918671 
-2 0.25 29.224182 
-2 0.3 31.259834 
-2 0.35 34.379916 
-2 0.4 38.626199 
-2 0.45 44.123658 
-2 0.5 51.395120 
-2 0.55 61.325204 
-2 0.6 75.185829 
-2 0.65 95.226045 
-2 0.7 125.493731 
-2 0.75 174.329905 
-2 0.8 260.996270 
-1.95 -1 19.761851 
-1.95 -0.95 19.762409 
-1.95 -0.9 19.761456 
-1.95 -0.85 19.761083 
-1.95 -0.8 19.767963 
-1.95 -0.75 19.761558 
-1.95 -0.7 19.754174 
-1.95 -0.65 19.688616 
-1.95 -0.6 19.819188 
-1.95 -0.55 19.730897 
-1.95 -0.5 19.913481 
-1.95 -0.45 19.533470 
-1.95 -0.4 19.869885 
-1.95 -0.35 20.046803 
-1.95 -0.3 20.186018 
-1.95 -0.25 20.223948 
-1.95 -0.2 20.606749 
-1.95 -0.15 20.637826 
-1.95 -0.1 21.270861 
-1.95 -0.05 22.633896 
-1.95 0 23.621682 
-1.95 0.05 24.611429 
-1.95 0.1 26.443831 
-1.95 0.15 27.147500 
-1.95 0.2 28.211581 
-1.95 0.25 29.561919 
-1.95 0.3 31.670501 
-1.95 0.35 34.901412 
-1.95 0.4 39.302851 
-1.95 0.45 44.996180 
-1.95 0.5 52.528590 
-1.95 0.55 62.814987 
-1.95 0.6 77.184996 
-1.95 0.65 97.979114 
-1.95 0.7 129.420299 
-1.95 0.75 180.239488 
-1.95 0.8 270.722622 
-1.9 -1 19.761675 
-1.9 -0.95 19.761879 
-1.9 -0.9 19.761120 
-1.9 -0.85 19.760905 
-1.9 -0.8 19.768178 
-1.9 -0.75 19.761246 
-1.9 -0.7 19.752262 
-1.9 -0.65 19.683654 
-1.9 -0.6 19.817706 
-1.9 -0.55 19.729593 
-1.9 -0.5 19.917931 
-1.9 -0.45 19.531937 
-1.9 -0.4 19.876109 
-1.9 -0.35 20.058081 
-1.9 -0.3 20.203736 
-1.9 -0.25 20.248319 
-1.9 -0.2 20.644524 
-1.9 -0.15 20.683702 
-1.9 -0.1 21.341152 
-1.9 -0.05 22.755693 
-1.9 0 23.792563 
-1.9 0.05 24.834663 
-1.9 0.1 26.733195 
-1.9 0.15 27.477319 
-1.9 0.2 28.585319 
-1.9 0.25 29.996205 
-1.9 0.3 32.197398 
-1.9 0.35 35.573762 
-1.9 0.4 40.167259 
-1.9 0.45 46.113747 
-1.9 0.5 53.981345 
-1.9 0.55 64.732067 
-1.9 0.6 79.757607 
-1.9 0.65 101.515109 
-1.9 0.7 134.462997 
-1.9 0.75 187.843477 
-1.9 0.8 283.287687 
-1.85 -1 19.761375 
-1.85 -0.95 19.761577 
-1.85 -0.9 19.760704 
-1.85 -0.85 19.760692 
-1.85 -0.8 19.768103 
-1.85 -0.75 19.760342 
-1.85 -0.7 19.749651 
-1.85 -0.65 19.677599 
-1.85 -0.6 19.816015 
-1.85 -0.55 19.727543 
-1.85 -0.5 19.923936 
-1.85 -0.45 19.529853 
-1.85 -0.4 19.883923 
-1.85 -0.35 20.072007 
-1.85 -0.3 20.226221 
-1.85 -0.25 20.279131 
-1.85 -0.2 20.693503 
-1.85 -0.15 20.741831 
-1.85 -0.1 21.431399 
-1.85 -0.05 22.910602 
-1.85 0 24.014136 
-1.85 0.05 25.121599 
-1.85 0.1 27.105919 
-1.85 0.15 27.900745 
-1.85 0.2 29.066967 
-1.85 0.25 30.554491 
-1.85 0.3 32.879244 
-1.85 0.35 36.436761 
-1.85 0.4 41.282209 
-1.85 0.45 47.552557 
-1.85 0.5 55.853464 
-1.85 0.55 67.201983 
-1.85 0.6 83.072158 
-1.85 0.65 106.079020 
-1.85 0.7 140.980371 
-1.85 0.75 197.696620 
-1.85 0.8 299.626795 
-1.8 -1 19.761078 
-1.8 -0.95 19.761067 
-1.8 -0.9 19.760178 
-1.8 -0.85 19.760475 
-1.8 -0.8 19.768339 
-1.8 -0.75 19.759521 
-1.8 -0.7 19.746168 
-1.8 -0.65 19.670227 
-1.8 -0.6 19.813587 
-1.8 -0.55 19.725500 
-1.8 -0.5 19.931573 
-1.8 -0.45 19.527405 
-1.8 -0.4 19.894163 
-1.8 -0.35 20.089649 
-1.8 -0.3 20.255749 
-1.8 -0.25 20.319044 
-1.8 -0.2 20.756755 
-1.8 -0.15 20.817462 
-1.8 -0.1 21.548119 
-1.8 -0.05 23.111125 
-1.8 0 24.298700 
-1.8 0.05 25.493075 
-1.8 0.1 27.588487 
-1.8 0.15 28.448780 
-1.8 0.2 29.691471 
-1.8 0.25 31.276582 
-1.8 0.3 33.756885 
-1.8 0.35 37.554303 
-1.8 0.4 42.723539 
-1.8 0.45 49.416869 
-1.8 0.5 58.281715 
-1.8 0.55 70.404090 
-1.8 0.6 87.370183 
-1.8 0.65 112.000830 
-1.8 0.7 149.451083 
-1.8 0.75 210.530024 
-1.8 0.8 321.019225 
-1.75 -1 19.760601 
-1.75 -0.95 19.760721 
-1.75 -0.9 19.759537 
-1.75 -0.85 19.760122 
-1.75 -0.8 19.768508 
-1.75 -0.75 19.758447 
-1.75 -0.7 19.741836 
-1.75 -0.65 19.660405 
-1.75 -0.6 19.810507 
-1.75 -0.55 19.723008 
-1.75 -0.5 19.940936 
-1.75 -0.45 19.524446 
-1.75 -0.4 19.906701 
-1.75 -0.35 20.112879 
-1.75 -0.3 20.293100 
-1.75 -0.25 20.370587 
-1.75 -0.2 20.838202 
-1.75 -0.15 20.915703 
-1.75 -0.1 21.700338 
-1.75 -0.05 23.371869 
-1.75 0 24.669587 
-1.75 0.05 25.975859 
-1.75 0.1 28.215342 
-1.75 0.15 29.162981 
-1.75 0.2 30.502665 
-1.75 0.25 32.218385 
-1.75 0.3 34.901279 
-1.75 0.35 39.010506 
-1.75 0.4 44.604247 
-1.75 0.45 51.848999 
-1.75 0.5 61.444705 
-1.75 0.55 74.577192 
-1.75 0.6 92.981842 
-1.75 0.65 119.744019 
-1.75 0.7 160.539058 
-1.75 0.75 227.384320 
-1.75 0.8 349.289454 
-1.7 -1 19.760066 
-1.7 -0.95 19.760044 
-1.7 -0.9 19.758709 
-1.7 -0.85 19.759940 
-1.7 -0.8 19.768617 
-1.7 -0.75 19.757018 
-1.7 -0.7 19.736293 
-1.7 -0.65 19.648231 
-1.7 -0.6 19.806851 
-1.7 -0.55 19.719722 
-1.7 -0.5 19.953089 
-1.7 -0.45 19.520646 
-1.7 -0.4 19.923287 
-1.7 -0.35 20.142381 
-1.7 -0.3 20.341171 
-1.7 -0.25 20.438348 
-1.7 -0.2 20.944726 
-1.7 -0.15 21.043927 
-1.7 -0.1 21.899114 
-1.7 -0.05 23.712027 
-1.7 0 25.155321 
-1.7 0.05 26.609941 
-1.7 0.1 29.036427 
-1.7 0.15 30.099752 
-1.7 0.2 31.567798 
-1.7 0.25 33.451086 
-1.7 0.3 36.403471 
-1.7 0.35 40.920466 
-1.7 0.4 47.071005 
-1.7 0.45 55.039634 
-1.7 0.5 65.602164 
-1.7 0.55 80.065989 
-1.7 0.6 100.359658 
-1.7 0.65 129.933550 
-1.7 0.7 175.170282 
-1.7 0.75 249.716695 
-1.7 0.8 387.040478 
-1.65 -1 19.759372 
-1.65 -0.95 19.759326 
-1.65 -0.9 19.757548 
-1.65 -0.85 19.759426 
-1.65 -0.8 19.768850 
-1.65 -0.75 19.755218 
-1.65 -0.7 19.729467 
-1.65 -0.65 19.632964 
-1.65 -0.6 19.802112 
-1.65 -0.55 19.715611 
-1.65 -0.5 19.968378 
-1.65 -0.45 19.516462 
-1.65 -0.4 19.944535 
-1.65 -0.35 20.180277 
-1.65 -0.3 20.403948 
-1.65 -0.25 20.526824 
-1.65 -0.2 21.083696 
-1.65 -0.15 21.214400 
-1.65 -0.1 22.160649 
-1.65 -0.05 24.160070 
-1.65 0 25.796083 
-1.65 0.05 27.449926 
-1.65 0.1 30.119309 
-1.65 0.15 31.337246 
-1.65 0.2 32.974516 
-1.65 0.25 35.082495 
-1.65 0.3 38.388245 
-1.65 0.35 43.445958 
-1.65 0.4 50.336056 
-1.65 0.45 59.265250 
-1.65 0.5 71.105243 
-1.65 0.55 87.340111 
-1.65 0.6 110.152431 
-1.65 0.65 143.473864 
-1.65 0.7 194.671016 
-1.65 0.75 279.631966 
-1.65 0.8 438.129199 
-1.6 -1 19.758560 
-1.6 -0.95 19.758666 
-1.6 -0.9 19.756303 
-1.6 -0.85 19.758840 
-1.6 -0.8 19.768952 
-1.6 -0.75 19.753066 
-1.6 -0.7 19.721052 
-1.6 -0.65 19.613551 
-1.6 -0.6 19.795935 
-1.6 -0.55 19.710461 
-1.6 -0.5 19.987578 
-1.6 -0.45 19.511000 
-1.6 -0.4 19.972236 
-1.6 -0.35 20.230129 
-1.6 -0.3 20.486543 
-1.6 -0.25 20.643911 
-1.6 -0.2 21.268675 
-1.6 -0.15 21.439936 
-1.6 -0.1 22.509273 
-1.6 -0.05 24.754344 
-1.6 0 26.650169 
-1.6 0.05 28.570114 
-1.6 0.1 31.564637 
-1.6 0.15 32.987293 
-1.6 0.2 34.851299 
-1.6 0.25 37.258664 
-1.6 0.3 41.037994 
-1.6 0.35 46.821523 
-1.6 0.4 54.697879 
-1.6 0.45 64.909853 
-1.6 0.5 78.466836 
-1.6 0.55 97.076261 
-1.6 0.6 123.272369 
-1.6 0.65 161.660590 
-1.6 0.7 220.938478 
-1.6 0.75 320.180050 
-1.55 -1 19.757477 
-1.55 -0.95 19.757407 
-1.55 -0.9 19.754908 
-1.55 -0.85 19.757692 
-1.55 -0.8 19.769259 
-1.55 -0.75 19.750339 
-1.55 -0.7 19.710099 
-1.55 -0.65 19.589262 
-1.55 -0.6 19.788722 
-1.55 -0.55 19.704058 
-1.55 -0.5 20.012113 
-1.55 -0.45 19.505028 
-1.55 -0.4 20.008140 
-1.55 -0.35 20.295033 
-1.55 -0.3 20.594962 
-1.55 -0.25 20.799897 
-1.55 -0.2 21.515288 
-1.55 -0.15 21.745118 
-1.55 -0.1 22.977465 
-1.55 -0.05 25.550763 
-1.55 0 27.800489 
-1.55 0.05 30.083449 
-1.55 0.1 33.509352 
-1.55 0.15 35.214979 
-1.55 0.2 37.379976 
-1.55 0.25 40.191254 
-1.55 0.3 44.610840 
-1.55 0.35 51.374292 
-1.55 0.4 60.586242 
-1.55 0.45 72.538472 
-1.55 0.5 88.421412 
-1.55 0.55 110.251469 
-1.55 0.6 141.052964 
-1.55 0.65 186.359065 
-1.55 0.7 256.766404 
-1.55 0.75 375.945962 
-1.5 -1 19.756101 
-1.5 -0.95 19.755680 
-1.5 -0.9 19.752836 
-1.5 -0.85 19.756678 
-1.5 -0.8 19.769712 
-1.5 -0.75 19.746762 
-1.5 -0.7 19.696302 
-1.5 -0.65 19.559082 
-1.5 -0.6 19.779486 
-1.5 -0.55 19.696265 
-1.5 -0.5 20.043795 
-1.5 -0.45 19.498516 
-1.5 -0.4 20.055180 
-1.5 -0.35 20.380660 
-1.5 -0.3 20.740034 
-1.5 -0.25 21.011501 
-1.5 -0.2 21.849331 
-1.5 -0.15 22.159444 
-1.5 -0.1 23.612999 
-1.5 -0.05 26.632386 
-1.5 0 29.366907 
-1.5 0.05 32.148581 
-1.5 0.1 36.157914 
-1.5 0.15 38.253684 
-1.5 0.2 40.829936 
-1.5 0.25 44.190779 
-1.5 0.3 49.488730 
-1.5 0.35 57.590509 
-1.5 0.4 68.631768 
-1.5 0.45 82.966996 
-1.5 0.5 102.033182 
-1.5 0.55 128.287959 
-1.5 0.6 165.443278 
-1.5 0.65 220.341136 
-1.5 0.7 306.325957 
-1.5 0.75 453.841215 
-1.45 -1 19.754242 
-1.45 -0.95 19.753634 
-1.45 -0.9 19.750285 
-1.45 -0.85 19.755667 
-1.45 -0.8 19.770106 
-1.45 -0.75 19.742613 
-1.45 -0.7 19.679515 
-1.45 -0.65 19.520680 
-1.45 -0.6 19.767486 
-1.45 -0.55 19.686408 
-1.45 -0.5 20.083851 
-1.45 -0.45 19.491433 
-1.45 -0.4 20.118045 
-1.45 -0.35 20.495137 
-1.45 -0.3 20.934920 
-1.45 -0.25 21.300953 
-1.45 -0.2 22.305614 
-1.45 -0.15 22.730331 
-1.45 -0.1 24.487845 
-1.45 -0.05 28.117029 
-1.45 0 31.527096 
-1.45 0.05 35.003945 
-1.45 0.1 39.808142 
-1.45 0.15 42.446485 
-1.45 0.2 45.589107 
-1.45 0.25 49.712881 
-1.45 0.3 56.223146 
-1.45 0.35 66.181354 
-1.45 0.4 79.756474 
-1.45 0.45 97.393875 
-1.45 0.5 120.885184 
-1.45 0.55 153.303270 
-1.45 0.6 199.328777 
-1.45 0.65 267.723893 
-1.45 0.7 375.885003 
-1.45 0.75 564.570071 
-1.4 -1 19.752315 
-1.4 -0.95 19.751191 
-1.4 -0.9 19.747214 
-1.4 -0.85 19.753755 
-1.4 -0.8 19.770476 
-1.4 -0.75 19.737055 
-1.4 -0.7 19.657928 
-1.4 -0.65 19.472013 
-1.4 -0.6 19.752965 
-1.4 -0.55 19.674563 
-1.4 -0.5 20.135336 
-1.4 -0.45 19.485004 
-1.4 -0.4 20.201627 
-1.4 -0.35 20.649710 
-1.4 -0.3 21.200359 
-1.4 -0.25 21.702133 
-1.4 -0.2 22.936851 
-1.4 -0.15 23.529067 
-1.4 -0.1 25.707166 
-1.4 -0.05 30.181233 
-1.4 0 34.544632 
-1.4 0.05 39.002120 
-1.4 0.1 44.903865 
-1.4 0.15 48.308858 
-1.4 0.2 52.240678 
-1.4 0.25 57.431541 
-1.4 0.3 65.643358 
-1.4 0.35 78.207653 
-1.4 0.4 95.335553 
-1.4 0.45 117.611429 
-1.4 0.5 147.330741 
-1.4 0.55 188.444109 
-1.4 0.6 247.061218 
-1.4 0.65 334.757195 
-1.4 0.7 475.083118 
-1.35 -1 19.749581 
-1.35 -0.95 19.748339 
-1.35 -0.9 19.743093 
-1.35 -0.85 19.751852 
-1.35 -0.8 19.771469 
-1.35 -0.75 19.730398 
-1.35 -0.7 19.630663 
-1.35 -0.65 19.411483 
-1.35 -0.6 19.734860 
-1.35 -0.55 19.659724 
-1.35 -0.5 20.201977 
-1.35 -0.45 19.479785 
-1.35 -0.4 20.315569 
-1.35 -0.35 20.859843 
-1.35 -0.3 21.566649 
-1.35 -0.25 22.264265 
-1.35 -0.2 23.822789 
-1.35 -0.15 24.658998 
-1.35 -0.1 27.429183 
-1.35 -0.05 33.087575 
-1.35 0 38.813627 
-1.35 0.05 44.674099 
-1.35 0.1 52.108331 
-1.35 0.15 56.609402 
-1.35 0.2 61.656680 
-1.35 0.25 68.357668 
-1.35 0.3 78.989678 
-1.35 0.35 95.251144 
-1.35 0.4 117.436379 
-1.35 0.45 146.309034 
-1.35 0.5 184.911670 
-1.35 0.55 238.471924 
-1.35 0.6 315.209239 
-1.35 0.65 430.975744 
-1.35 0.7 618.931283 
-1.3 -1 19.746266 
-1.3 -0.95 19.744392 
-1.3 -0.9 19.738068 
-1.3 -0.85 19.749493 
-1.3 -0.8 19.772443 
-1.3 -0.75 19.721657 
-1.3 -0.7 19.596842 
-1.3 -0.65 19.335160 
-1.3 -0.6 19.712662 
-1.3 -0.55 19.642438 
-1.3 -0.5 20.287718 
-1.3 -0.45 19.479914 
-1.3 -0.4 20.471958 
-1.3 -0.35 21.149879 
-1.3 -0.3 22.077920 
-1.3 -0.25 23.063594 
-1.3 -0.2 25.082078 
-1.3 -0.15 26.280591 
-1.3 -0.1 29.894852 
-1.3 -0.05 37.237880 
-1.3 0 44.937154 
-1.3 0.05 52.824147 
-1.3 0.1 62.424524 
-1.3 0.15 68.508722 
-1.3 0.2 75.146954 
-1.3 0.25 84.022238 
-1.3 0.3 98.133432 
-1.3 0.35 119.718413 
-1.3 0.4 149.176140 
-1.3 0.45 187.561532 
-1.3 0.5 238.994530 
-1.3 0.55 310.604524 
-1.3 0.6 413.830374 
-1.3 0.65 571.140800 
-1.3 0.7 831.140446 
-1.25 -1 19.741963 
-1.25 -0.95 19.739598 
-1.25 -0.9 19.731694 
-1.25 -0.85 19.746332 
-1.25 -0.8 19.773302 
-1.25 -0.75 19.710851 
-1.25 -0.7 19.554191 
-1.25 -0.65 19.239542 
-1.25 -0.6 19.684892 
-1.25 -0.55 19.621276 
-1.25 -0.5 20.399896 
-1.25 -0.45 19.488428 
-1.25 -0.4 20.688307 
-1.25 -0.35 21.555387 
-1.25 -0.3 22.802035 
-1.25 -0.25 24.216068 
-1.25 -0.2 26.895906 
-1.25 -0.15 28.638586 
-1.25 -0.1 33.471752 
-1.25 -0.05 43.243711 
-1.25 0 53.828915 
-1.25 0.05 64.680364 
-1.25 0.1 77.375720 
-1.25 0.15 85.772666 
-1.25 0.2 94.704175 
-1.25 0.25 106.739728 
-1.25 0.3 125.917580 
-1.25 0.35 155.253740 
-1.25 0.4 195.298013 
-1.25 0.45 247.551718 
-1.25 0.5 317.751315 
-1.25 0.55 415.903546 
-1.25 0.6 558.409498 
-1.25 0.65 778.297990 
-1.2 -1 19.736613 
-1.2 -0.95 19.733393 
-1.2 -0.9 19.723977 
-1.2 -0.85 19.742081 
-1.2 -0.8 19.774802 
-1.2 -0.75 19.697512 
-1.2 -0.7 19.500988 
-1.2 -0.65 19.119124 
-1.2 -0.6 19.650756 
-1.2 -0.55 19.597124 
-1.2 -0.5 20.547976 
-1.2 -0.45 19.513061 
-1.2 -0.4 20.993353 
-1.2 -0.35 22.130791 
-1.2 -0.3 23.839555 
-1.2 -0.25 25.897076 
-1.2 -0.2 29.545050 
-1.2 -0.15 32.110510 
-1.2 -0.1 38.727047 
-1.2 -0.05 52.042555 
-1.2 0 66.898859 
-1.2 0.05 82.122501 
-1.2 0.1 99.289275 
-1.2 0.15 111.088571 
-1.2 0.2 123.368449 
-1.2 0.25 140.045062 
-1.2 0.3 166.685900 
-1.2 0.35 207.420727 
-1.2 0.4 263.049039 
-1.2 0.45 335.741924 
-1.2 0.5 433.695977 
-1.2 0.55 571.354524 
-1.2 0.6 772.961556 
-1.2 0.65 1088.748193 
-1.15 -1 19.729974 
-1.15 -0.95 19.725708 
-1.15 -0.9 19.713742 
-1.15 -0.85 19.737202 
-1.15 -0.8 19.776838 
-1.15 -0.75 19.680601 
-1.15 -0.7 19.433999 
-1.15 -0.65 18.967903 
-1.15 -0.6 19.608913 
-1.15 -0.55 19.569824 
-1.15 -0.5 20.743930 
-1.15 -0.45 19.566649 
-1.15 -0.4 21.428747 
-1.15 -0.35 22.955580 
-1.15 -0.3 25.347117 
-1.15 -0.25 28.379170 
-1.15 -0.2 33.456423 
-1.15 -0.15 37.282958 
-1.15 -0.1 46.539731 
-1.15 -0.05 65.084120 
-1.15 0 86.321955 
-1.15 0.05 108.053932 
-1.15 0.1 131.730507 
-1.15 0.15 148.570904 
-1.15 0.2 165.768519 
-1.15 0.25 189.337339 
-1.15 0.3 227.071482 
-1.15 0.35 284.737411 
-1.15 0.4 363.495512 
-1.15 0.45 466.601669 
-1.15 0.5 606.022020 
-1.15 0.55 803.123719 
-1.15 0.6 1094.819007 
-1.1 -1 19.721466 
-1.1 -0.95 19.716184 
-1.1 -0.9 19.700834 
-1.1 -0.85 19.731060 
-1.1 -0.8 19.779671 
-1.1 -0.75 19.659559 
-1.1 -0.7 19.350293 
-1.1 -0.65 18.778919 
-1.1 -0.6 19.558526 
-1.1 -0.55 19.540980 
-1.1 -0.5 21.006087 
-1.1 -0.45 19.669487 
-1.1 -0.4 22.056051 
-1.1 -0.35 24.154771 
-1.1 -0.3 27.562287 
-1.1 -0.25 32.085302 
-1.1 -0.2 39.302419 
-1.1 -0.15 45.072237 
-1.1 -0.1 58.285955 
-1.1 -0.05 84.627994 
-1.1 0 115.471101 
-1.1 0.05 146.950279 
-1.1 0.1 180.167945 
-1.1 0.15 204.504271 
-1.1 0.2 228.991141 
-1.1 0.25 262.867042 
-1.1 0.3 317.226395 
-1.1 0.35 400.224831 
-1.1 0.4 513.587225 
-1.1 0.45 662.263558 
-1.1 0.5 864.134961 
-1.1 0.55 1151.550530 
-1.1 0.6 1582.193504 
-1.05 -1 19.710913 
-1.05 -0.95 19.704042 
-1.05 -0.9 19.684985 
-1.05 -0.85 19.723015 
-1.05 -0.8 19.782582 
-1.05 -0.75 19.633270 
-1.05 -0.7 19.245379 
-1.05 -0.65 18.541684 
-1.05 -0.6 19.498011 
-1.05 -0.55 19.512263 
-1.05 -0.5 21.361625 
-1.05 -0.45 19.854676 
-1.05 -0.4 22.974284 
-1.05 -0.35 25.918265 
-1.05 -0.3 30.855360 
-1.05 -0.25 37.670433 
-1.05 -0.2 48.128394 
-1.05 -0.15 56.920188 
-1.05 -0.1 76.120709 
-1.05 -0.05 114.202557 
-1.05 0 159.598715 
-1.05 0.05 205.731544 
-1.05 0.1 252.993388 
-1.05 0.15 288.500724 
-1.05 0.2 323.823266 
-1.05 0.25 373.231396 
-1.05 0.3 452.663798 
-1.05 0.35 573.772330 
-1.05 0.4 739.138116 
-1.05 0.45 956.477939 
-1.05 0.5 1252.983511 
-1.05 0.55 1678.575696 
-1 -1 19.697460 
-1 -0.95 19.688837 
-1 -0.9 19.665438 
-1 -0.85 19.713438 
-1 -0.8 19.786871 
-1 -0.75 19.601017 
-1 -0.7 19.115253 
-1 -0.65 18.245040 
-1 -0.6 19.426814 
-1 -0.55 19.489562 
-1 -0.5 21.847998 
-1 -0.45 20.177111 
-1 -0.4 24.332111 
-1 -0.35 28.540265 
-1 -0.3 35.799142 
-1 -0.25 46.165364 
-1 -0.2 61.578254 
-1 -0.15 75.104808 
-1 -0.1 103.442187 
-1 -0.05 159.344135 
-1 0 226.886301 
-1 0.05 295.103104 
-1 0.1 363.060238 
-1 0.15 415.180284 
-1 0.2 466.647980 
-1 0.25 539.551679 
-1 0.3 656.956904 
-1 0.35 835.594163 
-1 0.4 1079.326243 
-1 0.45 1400.379060 
-1 0.5 1840.705127 
-1 0.55 2478.597669 
-0.95 -1 19.680598 
-0.95 -0.95 19.669472 
-0.95 -0.9 19.640428 
-0.95 -0.85 19.700978 
-0.95 -0.8 19.792547 
-0.95 -0.75 19.561137 
-0.95 -0.7 18.952966 
-0.95 -0.65 17.874495 
-0.95 -0.6 19.345245 
-0.95 -0.55 19.481102 
-0.95 -0.5 22.523424 
-0.95 -0.45 20.722861 
-0.95 -0.4 26.362233 
-0.95 -0.35 32.477887 
-0.95 -0.3 43.287176 
-0.95 -0.25 59.181234 
-0.95 -0.2 82.245314 
-0.95 -0.15 103.236484 
-0.95 -0.1 145.643254 
-0.95 -0.05 228.758564 
-0.95 0 330.104923 
-0.95 0.05 431.560602 
-0.95 0.1 529.929466 
-0.95 0.15 606.628151 
-0.95 0.2 682.118882 
-0.95 0.25 790.673142 
-0.95 0.3 965.682489 
-0.95 0.35 1231.139908 
-0.95 0.4 1592.905168 
-0.95 0.45 2070.481630 
-0.95 0.5 2729.260337 
-0.9 -1 19.659451 
-0.9 -0.95 19.645303 
-0.9 -0.9 19.608983 
-0.9 -0.85 19.686190 
-0.9 -0.8 19.800303 
-0.9 -0.75 19.511717 
-0.9 -0.7 18.751538 
-0.9 -0.65 17.412602 
-0.9 -0.6 19.255784 
-0.9 -0.55 19.502744 
-0.9 -0.5 23.472002 
-0.9 -0.45 21.632722 
-0.9 -0.4 29.423754 
-0.9 -0.35 38.439689 
-0.9 -0.3 54.713025 
-0.9 -0.25 79.254646 
-0.9 -0.2 114.237931 
-0.9 -0.15 147.079949 
-0.9 -0.1 211.299037 
-0.9 -0.05 336.188253 
-0.9 0 489.151009 
-0.9 0.05 640.434522 
-0.9 0.1 783.141152 
-0.9 0.15 895.828132 
-0.9 0.2 1006.923391 
-0.9 0.25 1169.538499 
-0.9 0.3 1431.816365 
-0.9 0.35 1827.862558 
-0.9 0.4 2366.531820 
-0.9 0.45 3079.079590 
-0.85 -1 19.632641 
-0.85 -0.95 19.614873 
-0.85 -0.9 19.569724 
-0.85 -0.85 19.668181 
-0.85 -0.8 19.810521 
-0.85 -0.75 19.451889 
-0.85 -0.7 18.503900 
-0.85 -0.65 16.839680 
-0.85 -0.6 19.163117 
-0.85 -0.55 19.581668 
-0.85 -0.5 24.823166 
-0.85 -0.45 23.130442 
-0.85 -0.4 34.081928 
-0.85 -0.35 47.536614 
-0.85 -0.3 72.262841 
-0.85 -0.25 110.381627 
-0.85 -0.2 164.084305 
-0.85 -0.15 215.867666 
-0.85 -0.1 314.111514 
-0.85 -0.05 503.336791 
-0.85 0 734.963634 
-0.85 0.05 960.286708 
-0.85 0.1 1166.700508 
-0.85 0.15 1331.228083 
-0.85 0.2 1494.608128 
-0.85 0.25 1738.934743 
-0.85 0.3 2132.703852 
-0.85 0.35 2723.604008 
-0.85 0.4 3524.707172 
-0.8 -1 19.599408 
-0.8 -0.95 19.576827 
-0.8 -0.9 19.520554 
-0.8 -0.85 19.645815 
-0.8 -0.8 19.824065 
-0.8 -0.75 19.379328 
-0.8 -0.7 18.199595 
-0.8 -0.65 16.130325 
-0.8 -0.6 19.078587 
-0.8 -0.55 19.761989 
-0.8 -0.5 26.770883 
-0.8 -0.45 25.573738 
-0.8 -0.4 41.214181 
-0.8 -0.35 61.498255 
-0.8 -0.3 99.358674 
-0.8 -0.25 158.872716 
-0.8 -0.2 242.205026 
-0.8 -0.15 324.463548 
-0.8 -0.1 476.073220 
-0.8 -0.05 764.506507 
-0.8 0 1115.363244 
-0.8 0.05 1449.048234 
-0.8 0.1 1744.805212 
-0.8 0.15 1982.120344 
-0.8 0.2 2221.228096 
-0.8 0.25 2588.153454 
-0.8 0.3 3177.973792 
-0.8 0.35 4055.355333 
-0.8 0.4 5239.029718 
-0.75 -1 19.557348 
-0.75 -0.95 19.529553 
-0.75 -0.9 19.458846 
-0.75 -0.85 19.618282 
-0.75 -0.8 19.843490 
-0.75 -0.75 19.292782 
-0.75 -0.7 17.829573 
-0.75 -0.65 15.256947 
-0.75 -0.6 19.024542 
-0.75 -0.55 20.118100 
-0.75 -0.5 29.614850 
-0.75 -0.45 29.530322 
-0.75 -0.4 52.201090 
-0.75 -0.35 83.032704 
-0.75 -0.3 141.369128 
-0.75 -0.25 234.690946 
-0.75 -0.2 365.273441 
-0.75 -0.15 496.908990 
-0.75 -0.1 732.580677 
-0.75 -0.05 1173.810936 
-0.75 0 1703.565413 
-0.75 0.05 2192.015396 
-0.75 0.1 2608.214248 
-0.75 0.15 2943.899341 
-0.75 0.2 3290.468456 
-0.75 0.25 3838.988347 
-0.75 0.3 4715.903079 
-0.75 0.35 6004.770345 
-0.7 -1 19.504815 
-0.7 -0.95 19.469954 
-0.7 -0.9 19.382041 
-0.7 -0.85 19.585985 
-0.7 -0.8 19.870485 
-0.7 -0.75 19.191997 
-0.7 -0.7 17.383812 
-0.7 -0.65 14.188814 
-0.7 -0.6 19.038736 
-0.7 -0.55 20.772018 
-0.7 -0.5 33.809813 
-0.7 -0.45 35.904313 
-0.7 -0.4 69.205447 
-0.7 -0.35 116.371681 
-0.7 -0.3 206.709765 
-0.7 -0.25 353.575753 
-0.7 -0.2 560.048985 
-0.7 -0.15 772.268055 
-0.7 -0.1 1140.765539 
-0.7 -0.05 1816.223636 
-0.7 0 2609.867147 
-0.7 0.05 3310.870074 
-0.7 0.1 3879.151299 
-0.7 0.15 4340.260502 
-0.7 0.2 4834.954063 
-0.7 0.25 5646.969105 
-0.7 0.3 6932.499732 
-0.65 -1 19.439024 
-0.65 -0.95 19.395668 
-0.65 -0.9 19.286258 
-0.65 -0.85 19.547677 
-0.65 -0.8 19.908741 
-0.65 -0.75 19.077131 
-0.65 -0.7 16.854944 
-0.65 -0.65 12.895067 
-0.65 -0.6 19.189496 
-0.65 -0.55 21.919044 
-0.65 -0.5 40.064033 
-0.65 -0.45 46.126558 
-0.65 -0.4 95.618275 
-0.65 -0.35 168.122043 
-0.65 -0.3 308.538585 
-0.65 -0.25 540.344141 
-0.65 -0.2 869.516206 
-0.65 -0.15 1214.197966 
-0.65 -0.1 1792.864993 
-0.65 -0.05 2823.885105 
-0.65 0 3996.177498 
-0.65 0.05 4970.643519 
-0.65 0.1 5709.802718 
-0.65 0.15 6316.794486 
-0.65 0.2 7007.501195 
-0.65 0.25 8189.579499 
-0.6 -1 19.356404 
-0.6 -0.95 19.303214 
-0.6 -0.9 19.167917 
-0.6 -0.85 19.503706 
-0.6 -0.8 19.963044 
-0.6 -0.75 18.951220 
-0.6 -0.7 16.240573 
-0.6 -0.65 11.346568 
-0.6 -0.6 19.591416 
-0.6 -0.55 23.881277 
-0.6 -0.5 49.469744 
-0.6 -0.45 62.466984 
-0.6 -0.4 136.753034 
-0.6 -0.35 248.564872 
-0.6 -0.3 467.368821 
-0.6 -0.25 833.978185 
-0.6 -0.2 1362.671921 
-0.6 -0.15 1926.527950 
-0.6 -0.1 2837.304610 
-0.6 -0.05 4398.639425 
-0.6 0 6090.329237 
-0.6 0.05 7377.450487 
-0.6 0.1 8265.249432 
-0.6 0.15 9016.530525 
-0.6 0.2 9951.531791 
-0.55 -1 19.253323 
-0.55 -0.95 19.188588 
-0.55 -0.9 19.021963 
-0.55 -0.85 19.455969 
-0.55 -0.8 20.042481 
-0.55 -0.75 18.824258 
-0.55 -0.7 15.547021 
-0.55 -0.65 9.527668 
-0.55 -0.6 20.440799 
-0.55 -0.55 27.174790 
-0.55 -0.5 63.718317 
-0.55 -0.45 88.498888 
-0.55 -0.4 200.923802 
-0.55 -0.35 373.627918 
-0.55 -0.3 714.974016 
-0.55 -0.25 1295.263899 
-0.55 -0.2 2149.693538 
-0.55 -0.15 3077.921470 
-0.55 -0.1 4510.433149 
-0.55 -0.05 6839.043356 
-0.55 0 9190.952172 
-0.55 0.05 10752.648248 
-0.55 0.1 11677.488193 
-0.55 0.15 12525.670082 
-0.5 -1 19.124669 
-0.5 -0.95 19.046100 
-0.5 -0.9 18.841669 
-0.5 -0.85 19.406195 
-0.5 -0.8 20.158812 
-0.5 -0.75 18.712251 
-0.5 -0.7 14.804152 
-0.5 -0.65 7.448031 
-0.5 -0.6 22.068620 
-0.5 -0.55 32.636093 
-0.5 -0.5 85.437085 
-0.5 -0.45 129.862461 
-0.5 -0.4 301.086992 
-0.5 -0.35 567.798458 
-0.5 -0.3 1100.057670 
-0.5 -0.25 2017.706737 
-0.5 -0.2 3404.301226 
-0.5 -0.15 4938.784127 
-0.5 -0.1 7179.825643 
-0.5 -0.05 10562.097028 
-0.5 0 13642.980632 
-0.5 0.05 15263.264527 
-0.5 0.1 15958.465703 
-0.45 -1 18.965162 
-0.45 -0.95 18.871304 
-0.45 -0.9 18.622553 
-0.45 -0.85 19.360985 
-0.45 -0.8 20.331598 
-0.45 -0.75 18.647659 
-0.45 -0.7 14.074320 
-0.45 -0.65 5.172870 
-0.45 -0.6 25.031247 
-0.45 -0.55 41.623976 
-0.45 -0.5 118.703463 
-0.45 -0.45 195.403371 
-0.45 -0.4 457.318181 
-0.45 -0.35 868.284297 
-0.45 -0.3 1696.074127 
-0.45 -0.25 3141.868446 
-0.45 -0.2 5393.297613 
-0.45 -0.15 7929.467989 
-0.45 -0.1 11389.960230 
-0.45 -0.05 16091.281862 
-0.45 0 19749.963540 
-0.45 0.05 20892.686392 
-0.4 -1 18.766536 
-0.4 -0.95 18.657551 
-0.4 -0.9 18.357675 
-0.4 -0.85 19.332370 
-0.4 -0.8 20.589238 
-0.4 -0.75 18.686467 
-0.4 -0.7 13.481243 
-0.4 -0.65 2.871868 
-0.4 -0.6 30.269697 
-0.4 -0.55 56.354064 
-0.4 -0.5 169.838417 
-0.4 -0.45 298.967990 
-0.4 -0.4 700.409339 
-0.4 -0.35 1330.629413 
-0.4 -0.3 2610.918971 
-0.4 -0.25 4870.817753 
-0.4 -0.2 8506.222839 
-0.4 -0.15 12662.999306 
-0.4 -0.1 17871.465225 
-0.4 -0.05 23950.672427 
-0.4 0 27590.138142 
-0.4 0.05 27272.004772 
-0.35 -1 18.521977 
-0.35 -0.95 18.399113 
-0.35 -0.9 18.041249 
-0.35 -0.85 19.339923 
-0.35 -0.8 20.976527 
-0.35 -0.75 18.924051 
-0.35 -0.7 13.256174 
-0.35 -0.65 0.908110 
-0.35 -0.6 39.393212 
-0.35 -0.55 80.479054 
-0.35 -0.5 248.653002 
-0.35 -0.45 462.101075 
-0.35 -0.4 1076.852540 
-0.35 -0.35 2035.551273 
-0.35 -0.3 3996.623942 
-0.35 -0.25 7478.433346 
-0.35 -0.2 13258.457119 
-0.35 -0.15 19922.049802 
-0.35 -0.1 27411.960071 
-0.35 -0.05 34380.624199 
-0.35 0 36751.382667 
-0.3 -1 18.221365 
-0.3 -0.95 18.090145 
-0.3 -0.9 17.669926 
-0.3 -0.85 19.419775 
-0.3 -0.8 21.560003 
-0.3 -0.75 19.523067 
-0.3 -0.7 13.802001 
-0.3 -0.65 0.000000 
-0.3 -0.6 55.174744 
-0.3 -0.55 120.112643 
-0.3 -0.5 370.360169 
-0.3 -0.45 718.111285 
-0.3 -0.4 1655.042225 
-0.3 -0.35 3095.676185 
-0.3 -0.3 6053.090637 
-0.3 -0.25 11291.009794 
-0.3 -0.2 20204.748456 
-0.3 -0.15 30434.569533 
-0.3 -0.1 40418.997917 
-0.3 -0.05 46853.318674 
-0.25 -1 17.854979 
-0.25 -0.95 17.727294 
-0.25 -0.9 17.246703 
-0.25 -0.85 19.633513 
-0.25 -0.8 22.441258 
-0.25 -0.75 20.749651 
-0.25 -0.7 15.817283 
-0.25 -0.65 1.515414 
-0.25 -0.6 82.464272 
-0.25 -0.55 185.674904 
-0.25 -0.5 558.591095 
-0.25 -0.45 1117.879668 
-0.25 -0.4 2531.250984 
-0.25 -0.35 4658.663678 
-0.25 -0.3 9013.670661 
-0.25 -0.25 16608.871897 
-0.25 -0.2 29666.084692 
-0.25 -0.15 44286.015876 
-0.25 -0.1 56111.701415 
-0.2 -1 17.411162 
-0.2 -0.95 17.310409 
-0.2 -0.9 16.781233 
-0.2 -0.85 20.079886 
-0.2 -0.8 23.773459 
-0.2 -0.75 23.054161 
-0.2 -0.7 20.490891 
-0.2 -0.65 8.016086 
-0.2 -0.6 129.808540 
-0.2 -0.55 295.255338 
-0.2 -0.5 850.060876 
-0.2 -0.45 1737.484582 
-0.2 -0.4 3830.990347 
-0.2 -0.35 6900.270293 
-0.2 -0.3 13092.663277 
-0.2 -0.25 23538.157163 
-0.2 -0.2 41238.297552 
-0.2 -0.15 60082.981619 
-0.15 -1 16.881917 
-0.15 -0.95 16.842413 
-0.15 -0.9 16.300961 
-0.15 -0.85 20.918987 
-0.15 -0.8 25.785785 
-0.15 -0.75 27.191364 
-0.15 -0.7 29.848610 
-0.15 -0.65 24.269199 
-0.15 -0.6 212.200511 
-0.15 -0.55 480.442404 
-0.15 -0.5 1301.267067 
-0.15 -0.45 2685.582182 
-0.15 -0.4 5695.605962 
-0.15 -0.35 9999.266559 
-0.15 -0.3 18376.139050 
-0.15 -0.25 31760.643831 
-0.15 -0.2 53341.044690 
-0.1 -1 16.261866 
-0.1 -0.95 16.328513 
-0.1 -0.9 15.869227 
-0.1 -0.85 22.381338 
-0.1 -0.8 28.819792 
-0.1 -0.75 34.442131 
-0.1 -0.7 47.303605 
-0.1 -0.65 59.078880 
-0.1 -0.6 355.153774 
-0.1 -0.55 794.811751 
-0.1 -0.5 1995.109747 
-0.1 -0.45 4101.490128 
-0.1 -0.4 8237.935887 
-0.1 -0.35 14088.492621 
-0.1 -0.3 24663.481311 
-0.1 -0.25 40379.695697 
-0.05 -1 15.559089 
-0.05 -0.95 15.790047 
-0.05 -0.9 15.616961 
-0.05 -0.85 24.788788 
-0.05 -0.8 33.418156 
-0.05 -0.75 46.794134 
-0.05 -0.7 78.381186 
-0.05 -0.65 128.425221 
-0.05 -0.6 599.288377 
-0.05 -0.55 1319.942430 
-0.05 -0.5 3034.300947 
-0.05 -0.45 6116.389907 
-0.05 -0.4 11456.931777 
-0.05 -0.35 19175.501305 
-0.05 -0.3 31327.993749 
0 -1 14.813117 
0 -0.95 15.308432 
0 -0.9 15.844743 
0 -0.85 28.438891 
0 -0.8 40.456088 
0 -0.75 66.662588 
0 -0.7 131.973032 
0 -0.65 259.994309 
0 -0.6 999.197175 
0 -0.55 2143.410890 
0 -0.5 4480.110346 
0 -0.45 8730.245646 
0 -0.4 15155.269219 
0 -0.35 24988.249952 
0.05 -1 14.143415 
0.05 -0.95 15.046568 
0.05 -0.9 17.239565 
0.05 -0.85 33.774779 
0.05 -0.8 51.406731 
0.05 -0.75 99.065211 
0.05 -0.7 222.873750 
0.05 -0.65 494.365398 
0.05 -0.6 1591.514328 
0.05 -0.55 3237.793739 
0.05 -0.5 6163.823295 
0.05 -0.45 11624.847168 
0.05 -0.4 19040.114221 
0.1 -1 13.639985 
0.1 -0.95 15.335157 
0.1 -0.9 20.845542 
0.1 -0.85 42.932773 
0.1 -0.8 69.203881 
0.1 -0.75 150.809013 
0.1 -0.7 371.730873 
0.1 -0.65 874.503666 
0.1 -0.6 2307.933336 
0.1 -0.55 4235.590501 
0.1 -0.5 7503.380337 
0.1 -0.45 14259.278251 
0.15 -1 13.190109 
0.15 -0.95 16.809886 
0.15 -0.9 27.048745 
0.15 -0.85 57.368384 
0.15 -0.8 96.007866 
0.15 -0.75 229.964494 
0.15 -0.7 598.238863 
0.15 -0.65 1396.781177 
0.15 -0.6 2876.599100 
0.15 -0.55 4448.729760 
0.15 -0.5 8142.634884 
0.2 -1 13.670114 
0.2 -0.95 20.767729 
0.2 -0.9 34.292762 
0.2 -0.85 82.278372 
0.2 -0.8 134.719356 
0.2 -0.75 344.126777 
0.2 -0.7 915.721861 
0.2 -0.65 1909.480872 
0.2 -0.6 2955.007720 
0.2 -0.55 4187.716395 
0.25 -1 17.293434 
0.25 -0.95 28.128798 
0.25 -0.9 47.448040 
0.25 -0.85 117.896062 
0.25 -0.8 191.729748 
0.25 -0.75 484.492595 
0.25 -0.7 1286.168371 
0.25 -0.65 2194.658188 
0.25 -0.6 2794.807025 
0.3 -1 25.841151 
0.3 -0.95 39.928785 
0.3 -0.9 58.841984 
0.3 -0.85 177.344842 
0.3 -0.8 267.207301 
0.3 -0.75 632.879810 
0.3 -0.7 1583.306930 
0.3 -0.65 2336.095980 
0.35 -1 42.460324 
0.35 -0.95 61.759205 
0.35 -0.9 88.811066 
0.35 -0.85 261.342201 
0.35 -0.8 354.282102 
0.35 -0.75 721.130297 
0.35 -0.7 1646.761934 
0.4 -1 48.955254 
0.4 -0.95 97.221278 
0.4 -0.9 161.577758 
0.4 -0.85 408.048622 
0.4 -0.8 490.639742 
0.4 -0.75 921.838700 
0.45 -1 74.696868 
0.45 -0.95 135.453910 
0.45 -0.9 268.139117 
0.45 -0.85 647.668975 
0.45 -0.8 723.605716 
0.5 -1 127.505457 
0.5 -0.95 222.258243 
0.5 -0.9 471.137495 
0.5 -0.85 716.971184 
0.55 -1 184.913150 
0.55 -0.95 336.382501 
0.55 -0.9 688.029566 
0.6 -1 288.413221 
0.6 -0.95 527.721163 
0.65 -1 451.489762 
