-3 -1 0.000000 
-3 -0.95 0.000000 
-3 -0.9 0.000000 
-3 -0.85 0.000002 
-3 -0.8 0.000005 
-3 -0.75 0.000009 
-3 -0.7 0.000029 
-3 -0.65 0.000123 
-3 -0.6 0.000624 
-3 -0.55 0.002782 
-3 -0.5 0.008940 
-3 -0.45 0.021420 
-3 -0.4 0.050009 
-3 -0.35 0.099909 
-3 -0.3 0.198529 
-3 -0.25 0.361911 
-3 -0.2 0.565682 
-3 -0.15 0.773143 
-3 -0.1 1.157802 
-3 -0.05 1.928442 
-3 0 2.972723 
-3 0.05 4.073520 
-3 0.1 5.089972 
-3 0.15 5.978410 
-3 0.2 6.768886 
-3 0.25 7.846645 
-3 0.3 9.581825 
-3 0.35 12.259212 
-3 0.4 15.915379 
-3 0.45 20.656406 
-3 0.5 26.936419 
-3 0.55 35.519950 
-3 0.6 47.504501 
-3 0.65 64.805150 
-3 0.7 90.860388 
-3 0.75 132.617796 
-3 0.8 205.824551 
-2.95 -1 0.000000 
-2.95 -0.95 0.000000 
-2.95 -0.9 0.000000 
-2.95 -0.85 0.000002 
-2.95 -0.8 0.000005 
-2.95 -0.75 0.000009 
-2.95 -0.7 0.000029 
-2.95 -0.65 0.000123 
-2.95 -0.6 0.000624 
-2.95 -0.55 0.002783 
-2.95 -0.5 0.008943 
-2.95 -0.45 0.021429 
-2.95 -0.4 0.050028 
-2.95 -0.35 0.099948 
-2.95 -0.3 0.198606 
-2.95 -0.25 0.362051 
-2.95 -0.2 0.565901 
-2.95 -0.15 0.773442 
-2.95 -0.1 1.158251 
-2.95 -0.05 1.929190 
-2.95 0 2.973875 
-2.95 0.05 4.075099 
-2.95 0.1 5.091942 
-2.95 0.15 5.980722 
-2.95 0.2 6.771502 
-2.95 0.25 7.849676 
-2.95 0.3 9.585530 
-2.95 0.35 12.263955 
-2.95 0.4 15.921542 
-2.95 0.45 20.664416 
-2.95 0.5 26.946887 
-2.95 0.55 35.533802 
-2.95 0.6 47.523136 
-2.95 0.65 64.830815 
-2.95 0.7 90.896937 
-2.95 0.75 132.672600 
-2.95 0.8 205.913783 
-2.9 -1 0.000000 
-2.9 -0.95 0.000000 
-2.9 -0.9 0.000000 
-2.9 -0.85 0.000002 
-2.9 -0.8 0.000005 
-2.9 -0.75 0.000009 
-2.9 -0.7 0.000029 
-2.9 -0.65 0.000123 
-2.9 -0.6 0.000624 
-2.9 -0.55 0.002784 
-2.9 -0.5 0.008948 
-2.9 -0.45 0.021439 
-2.9 -0.4 0.050053 
-2.9 -0.35 0.099997 
-2.9 -0.3 0.198703 
-2.9 -0.25 0.362227 
-2.9 -0.2 0.566176 
-2.9 -0.15 0.773819 
-2.9 -0.1 1.158816 
-2.9 -0.05 1.930132 
-2.9 0 2.975326 
-2.9 0.05 4.077086 
-2.9 0.1 5.094422 
-2.9 0.15 5.983633 
-2.9 0.2 6.774795 
-2.9 0.25 7.853494 
-2.9 0.3 9.590194 
-2.9 0.35 12.269927 
-2.9 0.4 15.929302 
-2.9 0.45 20.674500 
-2.9 0.5 26.960067 
-2.9 0.55 35.551245 
-2.9 0.6 47.546602 
-2.9 0.65 64.863132 
-2.9 0.7 90.942960 
-2.9 0.75 132.741615 
-2.9 0.8 206.026148 
-2.85 -1 0.000000 
-2.85 -0.95 0.000000 
-2.85 -0.9 0.000000 
-2.85 -0.85 0.000002 
-2.85 -0.8 0.000005 
-2.85 -0.75 0.000009 
-2.85 -0.7 0.000029 
-2.85 -0.65 0.000123 
-2.85 -0.6 0.000625 
-2.85 -0.55 0.002786 
-2.85 -0.5 0.008953 
-2.85 -0.45 0.021452 
-2.85 -0.4 0.050083 
-2.85 -0.35 0.100058 
-2.85 -0.3 0.198825 
-2.85 -0.25 0.362449 
-2.85 -0.2 0.566524 
-2.85 -0.15 0.774295 
-2.85 -0.1 1.159528 
-2.85 -0.05 1.931318 
-2.85 0 2.977153 
-2.85 0.05 4.079588 
-2.85 0.1 5.097547 
-2.85 0.15 5.987298 
-2.85 0.2 6.778943 
-2.85 0.25 7.858301 
-2.85 0.3 9.596067 
-2.85 0.35 12.277448 
-2.85 0.4 15.939073 
-2.85 0.45 20.687200 
-2.85 0.5 26.976665 
-2.85 0.55 35.573212 
-2.85 0.6 47.576151 
-2.85 0.65 64.903827 
-2.85 0.7 91.000928 
-2.85 0.75 132.828527 
-2.85 0.8 206.167657 
-2.8 -1 0.000000 
-2.8 -0.95 0.000000 
-2.8 -0.9 0.000000 
-2.8 -0.85 0.000002 
-2.8 -0.8 0.000005 
-2.8 -0.75 0.000009 
-2.8 -0.7 0.000029 
-2.8 -0.65 0.000123 
-2.8 -0.6 0.000625 
-2.8 -0.55 0.002788 
-2.8 -0.5 0.008960 
-2.8 -0.45 0.021469 
-2.8 -0.4 0.050122 
-2.8 -0.35 0.100135 
-2.8 -0.3 0.198978 
-2.8 -0.25 0.362729 
-2.8 -0.2 0.566961 
-2.8 -0.15 0.774893 
-2.8 -0.1 1.160425 
-2.8 -0.05 1.932811 
-2.8 0 2.979454 
-2.8 0.05 4.082739 
-2.8 0.1 5.101481 
-2.8 0.15 5.991915 
-2.8 0.2 6.784166 
-2.8 0.25 7.864355 
-2.8 0.3 9.603464 
-2.8 0.35 12.286918 
-2.8 0.4 15.951379 
-2.8 0.45 20.703193 
-2.8 0.5 26.997567 
-2.8 0.55 35.600874 
-2.8 0.6 47.613361 
-2.8 0.65 64.955079 
-2.8 0.7 91.073919 
-2.8 0.75 132.937982 
-2.8 0.8 206.345880 
-2.75 -1 0.000000 
-2.75 -0.95 0.000000 
-2.75 -0.9 0.000000 
-2.75 -0.85 0.000002 
-2.75 -0.8 0.000005 
-2.75 -0.75 0.000009 
-2.75 -0.7 0.000029 
-2.75 -0.65 0.000123 
-2.75 -0.6 0.000626 
-2.75 -0.55 0.002791 
-2.75 -0.5 0.008969 
-2.75 -0.45 0.021490 
-2.75 -0.4 0.050171 
-2.75 -0.35 0.100232 
-2.75 -0.3 0.199172 
-2.75 -0.25 0.363082 
-2.75 -0.2 0.567512 
-2.75 -0.15 0.775647 
-2.75 -0.1 1.161554 
-2.75 -0.05 1.934692 
-2.75 0 2.982353 
-2.75 0.05 4.086708 
-2.75 0.1 5.106436 
-2.75 0.15 5.997729 
-2.75 0.2 6.790744 
-2.75 0.25 7.871980 
-2.75 0.3 9.612780 
-2.75 0.35 12.298846 
-2.75 0.4 15.966879 
-2.75 0.45 20.723337 
-2.75 0.5 27.023894 
-2.75 0.55 35.635715 
-2.75 0.6 47.660230 
-2.75 0.65 65.019631 
-2.75 0.7 91.165857 
-2.75 0.75 133.075849 
-2.75 0.8 206.570390 
-2.7 -1 0.000000 
-2.7 -0.95 0.000000 
-2.7 -0.9 0.000000 
-2.7 -0.85 0.000002 
-2.7 -0.8 0.000005 
-2.7 -0.75 0.000009 
-2.7 -0.7 0.000029 
-2.7 -0.65 0.000123 
-2.7 -0.6 0.000627 
-2.7 -0.55 0.002794 
-2.7 -0.5 0.008980 
-2.7 -0.45 0.021516 
-2.7 -0.4 0.050232 
-2.7 -0.35 0.100355 
-2.7 -0.3 0.199415 
-2.7 -0.25 0.363525 
-2.7 -0.2 0.568206 
-2.7 -0.15 0.776596 
-2.7 -0.1 1.162977 
-2.7 -0.05 1.937061 
-2.7 0 2.986004 
-2.7 0.05 4.091708 
-2.7 0.1 5.112677 
-2.7 0.15 6.005053 
-2.7 0.2 6.799030 
-2.7 0.25 7.881585 
-2.7 0.3 9.624515 
-2.7 0.35 12.313871 
-2.7 0.4 15.986402 
-2.7 0.45 20.748710 
-2.7 0.5 27.057055 
-2.7 0.55 35.679601 
-2.7 0.6 47.719267 
-2.7 0.65 65.100945 
-2.7 0.7 91.281671 
-2.7 0.75 133.249525 
-2.7 0.8 206.853210 
-2.65 -1 0.000000 
-2.65 -0.95 0.000000 
-2.65 -0.9 0.000000 
-2.65 -0.85 0.000002 
-2.65 -0.8 0.000005 
-2.65 -0.75 0.000009 
-2.65 -0.7 0.000030 
-2.65 -0.65 0.000124 
-2.65 -0.6 0.000628 
-2.65 -0.55 0.002799 
-2.65 -0.5 0.008994 
-2.65 -0.45 0.021550 
-2.65 -0.4 0.050310 
-2.65 -0.35 0.100510 
-2.65 -0.3 0.199722 
-2.65 -0.25 0.364084 
-2.65 -0.2 0.569080 
-2.65 -0.15 0.777792 
-2.65 -0.1 1.164769 
-2.65 -0.05 1.940046 
-2.65 0 2.990603 
-2.65 0.05 4.098007 
-2.65 0.1 5.120540 
-2.65 0.15 6.014281 
-2.65 0.2 6.809470 
-2.65 0.25 7.893685 
-2.65 0.3 9.639299 
-2.65 0.35 12.332801 
-2.65 0.4 16.010998 
-2.65 0.45 20.780676 
-2.65 0.5 27.098833 
-2.65 0.55 35.734891 
-2.65 0.6 47.793645 
-2.65 0.65 65.203387 
-2.65 0.7 91.427584 
-2.65 0.75 133.468351 
-2.65 0.8 207.209605 
-2.6 -1 0.000000 
-2.6 -0.95 0.000000 
-2.6 -0.9 0.000000 
-2.6 -0.85 0.000002 
-2.6 -0.8 0.000006 
-2.6 -0.75 0.000009 
-2.6 -0.7 0.000030 
-2.6 -0.65 0.000124 
-2.6 -0.6 0.000629 
-2.6 -0.55 0.002804 
-2.6 -0.5 0.009012 
-2.6 -0.45 0.021591 
-2.6 -0.4 0.050407 
-2.6 -0.35 0.100704 
-2.6 -0.3 0.200108 
-2.6 -0.25 0.364789 
-2.6 -0.2 0.570182 
-2.6 -0.15 0.779299 
-2.6 -0.1 1.167027 
-2.6 -0.05 1.943807 
-2.6 0 2.996398 
-2.6 0.05 4.105943 
-2.6 0.1 5.130448 
-2.6 0.15 6.025907 
-2.6 0.2 6.822623 
-2.6 0.25 7.908931 
-2.6 0.3 9.657927 
-2.6 0.35 12.356652 
-2.6 0.4 16.041990 
-2.6 0.45 20.820955 
-2.6 0.5 27.151474 
-2.6 0.55 35.804559 
-2.6 0.6 47.887368 
-2.6 0.65 65.332477 
-2.6 0.7 91.611453 
-2.6 0.75 133.744109 
-2.6 0.8 207.658774 
-2.55 -1 0.000000 
-2.55 -0.95 0.000000 
-2.55 -0.9 0.000000 
-2.55 -0.85 0.000002 
-2.55 -0.8 0.000006 
-2.55 -0.75 0.000009 
-2.55 -0.7 0.000030 
-2.55 -0.65 0.000124 
-2.55 -0.6 0.000631 
-2.55 -0.55 0.002811 
-2.55 -0.5 0.009034 
-2.55 -0.45 0.021644 
-2.55 -0.4 0.050530 
-2.55 -0.35 0.100949 
-2.55 -0.3 0.200595 
-2.55 -0.25 0.365677 
-2.55 -0.2 0.571570 
-2.55 -0.15 0.781199 
-2.55 -0.1 1.169873 
-2.55 -0.05 1.948547 
-2.55 0 3.003703 
-2.55 0.05 4.115945 
-2.55 0.1 5.142935 
-2.55 0.15 6.040560 
-2.55 0.2 6.839201 
-2.55 0.25 7.928146 
-2.55 0.3 9.681403 
-2.55 0.35 12.386712 
-2.55 0.4 16.081049 
-2.55 0.45 20.871718 
-2.55 0.5 27.217819 
-2.55 0.55 35.892365 
-2.55 0.6 48.005487 
-2.55 0.65 65.495175 
-2.55 0.7 91.843203 
-2.55 0.75 134.091712 
-2.55 0.8 208.225045 
-2.5 -1 0.000000 
-2.5 -0.95 0.000000 
-2.5 -0.9 0.000000 
-2.5 -0.85 0.000002 
-2.5 -0.8 0.000006 
-2.5 -0.75 0.000009 
-2.5 -0.7 0.000030 
-2.5 -0.65 0.000125 
-2.5 -0.6 0.000633 
-2.5 -0.55 0.002820 
-2.5 -0.5 0.009062 
-2.5 -0.45 0.021711 
-2.5 -0.4 0.050685 
-2.5 -0.35 0.101259 
-2.5 -0.3 0.201210 
-2.5 -0.25 0.366796 
-2.5 -0.2 0.573321 
-2.5 -0.15 0.783594 
-2.5 -0.1 1.173462 
-2.5 -0.05 1.954522 
-2.5 0 3.012911 
-2.5 0.05 4.128555 
-2.5 0.1 5.158678 
-2.5 0.15 6.059032 
-2.5 0.2 6.860100 
-2.5 0.25 7.952370 
-2.5 0.3 9.711001 
-2.5 0.35 12.424609 
-2.5 0.4 16.130292 
-2.5 0.45 20.935715 
-2.5 0.5 27.301461 
-2.5 0.55 36.003062 
-2.5 0.6 48.154408 
-2.5 0.65 65.700299 
-2.5 0.7 92.135408 
-2.5 0.75 134.530024 
-2.5 0.8 208.939217 
-2.45 -1 0.000000 
-2.45 -0.95 0.000000 
-2.45 -0.9 0.000000 
-2.45 -0.85 0.000002 
-2.45 -0.8 0.000006 
-2.45 -0.75 0.000009 
-2.45 -0.7 0.000030 
-2.45 -0.65 0.000125 
-2.45 -0.6 0.000635 
-2.45 -0.55 0.002831 
-2.45 -0.5 0.009097 
-2.45 -0.45 0.021795 
-2.45 -0.4 0.050881 
-2.45 -0.35 0.101649 
-2.45 -0.3 0.201984 
-2.45 -0.25 0.368208 
-2.45 -0.2 0.575528 
-2.45 -0.15 0.786614 
-2.45 -0.1 1.177987 
-2.45 -0.05 1.962058 
-2.45 0 3.024524 
-2.45 0.05 4.144457 
-2.45 0.1 5.178530 
-2.45 0.15 6.082328 
-2.45 0.2 6.886456 
-2.45 0.25 7.982920 
-2.45 0.3 9.748327 
-2.45 0.35 12.472401 
-2.45 0.4 16.192392 
-2.45 0.45 21.016426 
-2.45 0.5 27.406947 
-2.45 0.55 36.142668 
-2.45 0.6 48.342222 
-2.45 0.65 65.959009 
-2.45 0.7 92.503961 
-2.45 0.75 135.082930 
-2.45 0.8 209.840331 
-2.4 -1 0.000000 
-2.4 -0.95 0.000000 
-2.4 -0.9 0.000000 
-2.4 -0.85 0.000002 
-2.4 -0.8 0.000006 
-2.4 -0.75 0.000009 
-2.4 -0.7 0.000030 
-2.4 -0.65 0.000126 
-2.4 -0.6 0.000638 
-2.4 -0.55 0.002845 
-2.4 -0.5 0.009141 
-2.4 -0.45 0.021901 
-2.4 -0.4 0.051127 
-2.4 -0.35 0.102141 
-2.4 -0.3 0.202961 
-2.4 -0.25 0.369989 
-2.4 -0.2 0.578313 
-2.4 -0.15 0.790424 
-2.4 -0.1 1.183697 
-2.4 -0.05 1.971567 
-2.4 0 3.039176 
-2.4 0.05 4.164521 
-2.4 0.1 5.203579 
-2.4 0.15 6.111720 
-2.4 0.2 6.919710 
-2.4 0.25 8.021464 
-2.4 0.3 9.795421 
-2.4 0.35 12.532701 
-2.4 0.4 16.270746 
-2.4 0.45 21.118259 
-2.4 0.5 27.540040 
-2.4 0.55 36.318816 
-2.4 0.6 48.579203 
-2.4 0.65 66.285453 
-2.4 0.7 92.969052 
-2.4 0.75 135.780763 
-2.4 0.8 210.977960 
-2.35 -1 0.000000 
-2.35 -0.95 0.000000 
-2.35 -0.9 0.000000 
-2.35 -0.85 0.000002 
-2.35 -0.8 0.000006 
-2.35 -0.75 0.000009 
-2.35 -0.7 0.000031 
-2.35 -0.65 0.000127 
-2.35 -0.6 0.000643 
-2.35 -0.55 0.002863 
-2.35 -0.5 0.009197 
-2.35 -0.45 0.022035 
-2.35 -0.4 0.051439 
-2.35 -0.35 0.102762 
-2.35 -0.3 0.204195 
-2.35 -0.25 0.372238 
-2.35 -0.2 0.581830 
-2.35 -0.15 0.795235 
-2.35 -0.1 1.190905 
-2.35 -0.05 1.983571 
-2.35 0 3.057673 
-2.35 0.05 4.189851 
-2.35 0.1 5.235199 
-2.35 0.15 6.148825 
-2.35 0.2 6.961689 
-2.35 0.25 8.070123 
-2.35 0.3 9.854874 
-2.35 0.35 12.608826 
-2.35 0.4 16.369661 
-2.35 0.45 21.246815 
-2.35 0.5 27.708062 
-2.35 0.55 36.541194 
-2.35 0.6 48.878386 
-2.35 0.65 66.697615 
-2.35 0.7 93.556316 
-2.35 0.75 136.662079 
-2.35 0.8 212.415247 
-2.3 -1 0.000000 
-2.3 -0.95 0.000000 
-2.3 -0.9 0.000000 
-2.3 -0.85 0.000002 
-2.3 -0.8 0.000006 
-2.3 -0.75 0.000010 
-2.3 -0.7 0.000031 
-2.3 -0.65 0.000128 
-2.3 -0.6 0.000648 
-2.3 -0.55 0.002885 
-2.3 -0.5 0.009268 
-2.3 -0.45 0.022204 
-2.3 -0.4 0.051832 
-2.3 -0.35 0.103547 
-2.3 -0.3 0.205754 
-2.3 -0.25 0.375079 
-2.3 -0.2 0.586272 
-2.3 -0.15 0.801312 
-2.3 -0.1 1.200011 
-2.3 -0.05 1.998736 
-2.3 0 3.081040 
-2.3 0.05 4.221849 
-2.3 0.1 5.275145 
-2.3 0.15 6.195699 
-2.3 0.2 7.014721 
-2.3 0.25 8.131594 
-2.3 0.3 9.929981 
-2.3 0.35 12.704994 
-2.3 0.4 16.494621 
-2.3 0.45 21.409223 
-2.3 0.5 27.920329 
-2.3 0.55 36.822142 
-2.3 0.6 49.256382 
-2.3 0.65 67.218377 
-2.3 0.7 94.298417 
-2.3 0.75 137.776013 
-2.3 0.8 214.232770 
-2.25 -1 0.000000 
-2.25 -0.95 0.000000 
-2.25 -0.9 0.000000 
-2.25 -0.85 0.000002 
-2.25 -0.8 0.000006 
-2.25 -0.75 0.000010 
-2.25 -0.7 0.000031 
-2.25 -0.65 0.000130 
-2.25 -0.6 0.000654 
-2.25 -0.55 0.002914 
-2.25 -0.5 0.009358 
-2.25 -0.45 0.022418 
-2.25 -0.4 0.052330 
-2.25 -0.35 0.104539 
-2.25 -0.3 0.207724 
-2.25 -0.25 0.378671 
-2.25 -0.2 0.591889 
-2.25 -0.15 0.808997 
-2.25 -0.1 1.211526 
-2.25 -0.05 2.017911 
-2.25 0 3.110587 
-2.25 0.05 4.262308 
-2.25 0.1 5.325653 
-2.25 0.15 6.254966 
-2.25 0.2 7.081774 
-2.25 0.25 8.209317 
-2.25 0.3 10.024948 
-2.25 0.35 12.826591 
-2.25 0.4 16.652625 
-2.25 0.45 21.614578 
-2.25 0.5 28.188733 
-2.25 0.55 37.177395 
-2.25 0.6 49.734378 
-2.25 0.65 67.876965 
-2.25 0.7 95.237074 
-2.25 0.75 139.185421 
-2.25 0.8 216.533694 
-2.2 -1 0.000000 
-2.2 -0.95 0.000000 
-2.2 -0.9 0.000000 
-2.2 -0.85 0.000002 
-2.2 -0.8 0.000006 
-2.2 -0.75 0.000010 
-2.2 -0.7 0.000032 
-2.2 -0.65 0.000132 
-2.2 -0.6 0.000663 
-2.2 -0.55 0.002949 
-2.2 -0.5 0.009472 
-2.2 -0.45 0.022688 
-2.2 -0.4 0.052960 
-2.2 -0.35 0.105796 
-2.2 -0.3 0.210219 
-2.2 -0.25 0.383218 
-2.2 -0.2 0.598999 
-2.2 -0.15 0.818726 
-2.2 -0.1 1.226103 
-2.2 -0.05 2.042185 
-2.2 0 3.147988 
-2.2 0.05 4.313522 
-2.2 0.1 5.389586 
-2.2 0.15 6.329984 
-2.2 0.2 7.166649 
-2.2 0.25 8.307699 
-2.2 0.3 10.145156 
-2.2 0.35 12.980511 
-2.2 0.4 16.852630 
-2.2 0.45 21.874523 
-2.2 0.5 28.528494 
-2.2 0.55 37.627112 
-2.2 0.6 50.339509 
-2.2 0.65 68.710817 
-2.2 0.7 96.425755 
-2.2 0.75 140.970899 
-2.2 0.8 219.450759 
-2.15 -1 0.000000 
-2.15 -0.95 0.000000 
-2.15 -0.9 0.000000 
-2.15 -0.85 0.000002 
-2.15 -0.8 0.000006 
-2.15 -0.75 0.000010 
-2.15 -0.7 0.000033 
-2.15 -0.65 0.000134 
-2.15 -0.6 0.000674 
-2.15 -0.55 0.002995 
-2.15 -0.5 0.009616 
-2.15 -0.45 0.023032 
-2.15 -0.4 0.053758 
-2.15 -0.35 0.107389 
-2.15 -0.3 0.213382 
-2.15 -0.25 0.388982 
-2.15 -0.2 0.608013 
-2.15 -0.15 0.831058 
-2.15 -0.1 1.244581 
-2.15 -0.05 2.072954 
-2.15 0 3.195397 
-2.15 0.05 4.378437 
-2.15 0.1 5.470620 
-2.15 0.15 6.425070 
-2.15 0.2 7.274228 
-2.15 0.25 8.432400 
-2.15 0.3 10.297526 
-2.15 0.35 13.175611 
-2.15 0.4 17.106148 
-2.15 0.45 22.204024 
-2.15 0.5 28.959179 
-2.15 0.55 38.197202 
-2.15 0.6 51.106670 
-2.15 0.65 69.768083 
-2.15 0.7 97.933299 
-2.15 0.75 143.236396 
-2.15 0.8 223.155511 
-2.1 -1 0.000000 
-2.1 -0.95 0.000000 
-2.1 -0.9 0.000000 
-2.1 -0.85 0.000002 
-2.1 -0.8 0.000006 
-2.1 -0.75 0.000011 
-2.1 -0.7 0.000034 
-2.1 -0.65 0.000137 
-2.1 -0.6 0.000687 
-2.1 -0.55 0.003053 
-2.1 -0.5 0.009799 
-2.1 -0.45 0.023468 
-2.1 -0.4 0.054772 
-2.1 -0.35 0.109411 
-2.1 -0.3 0.217398 
-2.1 -0.25 0.396302 
-2.1 -0.2 0.619458 
-2.1 -0.15 0.846718 
-2.1 -0.1 1.268046 
-2.1 -0.05 2.112023 
-2.1 0 3.255593 
-2.1 0.05 4.460859 
-2.1 0.1 5.573506 
-2.1 0.15 6.545795 
-2.1 0.2 7.410816 
-2.1 0.25 8.590730 
-2.1 0.3 10.490991 
-2.1 0.35 13.423333 
-2.1 0.4 17.428045 
-2.1 0.45 22.622404 
-2.1 0.5 29.506054 
-2.1 0.55 38.921129 
-2.1 0.6 52.080944 
-2.1 0.65 71.111001 
-2.1 0.7 99.848761 
-2.1 0.75 146.116594 
-2.1 0.8 227.871017 
-2.05 -1 0.000000 
-2.05 -0.95 0.000000 
-2.05 -0.9 0.000000 
-2.05 -0.85 0.000002 
-2.05 -0.8 0.000007 
-2.05 -0.75 0.000011 
-2.05 -0.7 0.000035 
-2.05 -0.65 0.000142 
-2.05 -0.6 0.000705 
-2.05 -0.55 0.003127 
-2.05 -0.5 0.010032 
-2.05 -0.45 0.024023 
-2.05 -0.4 0.056063 
-2.05 -0.35 0.111986 
-2.05 -0.3 0.222509 
-2.05 -0.25 0.405616 
-2.05 -0.2 0.634021 
-2.05 -0.15 0.866646 
-2.05 -0.1 1.297905 
-2.05 -0.05 2.161738 
-2.05 0 3.332187 
-2.05 0.05 4.565730 
-2.05 0.1 5.704412 
-2.05 0.15 6.699396 
-2.05 0.2 7.584598 
-2.05 0.25 8.792180 
-2.05 0.3 10.737150 
-2.05 0.35 13.738530 
-2.05 0.4 17.837628 
-2.05 0.45 23.154761 
-2.05 0.5 30.201937 
-2.05 0.55 39.842368 
-2.05 0.6 53.320913 
-2.05 0.65 72.820516 
-2.05 0.7 102.288074 
-2.05 0.75 149.787214 
-2.05 0.8 233.889508 
-2 -1 0.000000 
-2 -0.95 0.000000 
-2 -0.9 0.000000 
-2 -0.85 0.000002 
-2 -0.8 0.000007 
-2 -0.75 0.000012 
-2 -0.7 0.000037 
-2 -0.65 0.000147 
-2 -0.6 0.000727 
-2 -0.55 0.003221 
-2 -0.5 0.010330 
-2 -0.45 0.024732 
-2 -0.4 0.057710 
-2 -0.35 0.115270 
-2 -0.3 0.229031 
-2 -0.25 0.417499 
-2 -0.2 0.652603 
-2 -0.15 0.892073 
-2 -0.1 1.336002 
-2 -0.05 2.225164 
-2 0 3.429901 
-2 0.05 4.699510 
-2 0.1 5.871397 
-2 0.15 6.895327 
-2 0.2 7.806276 
-2 0.25 9.049155 
-2 0.3 11.051166 
-2 0.35 14.140623 
-2 0.4 18.360135 
-2 0.45 23.833909 
-2 0.5 31.089742 
-2 0.55 41.017781 
-2 0.6 54.903225 
-2 0.65 75.002601 
-2 0.7 105.403243 
-2 0.75 154.479246 
-2 0.8 241.597072 
-1.95 -1 0.000000 
-1.95 -0.95 0.000000 
-1.95 -0.9 0.000000 
-1.95 -0.85 0.000003 
-1.95 -0.8 0.000007 
-1.95 -0.75 0.000013 
-1.95 -0.7 0.000040 
-1.95 -0.65 0.000155 
-1.95 -0.6 0.000757 
-1.95 -0.55 0.003343 
-1.95 -0.5 0.010711 
-1.95 -0.45 0.025639 
-1.95 -0.4 0.059819 
-1.95 -0.35 0.119475 
-1.95 -0.3 0.237378 
-1.95 -0.25 0.432709 
-1.95 -0.2 0.676385 
-1.95 -0.15 0.924619 
-1.95 -0.1 1.384766 
-1.95 -0.05 2.306341 
-1.95 0 3.554955 
-1.95 0.05 4.870712 
-1.95 0.1 6.085080 
-1.95 0.15 7.146047 
-1.95 0.2 8.089942 
-1.95 0.25 9.378001 
-1.95 0.3 11.453020 
-1.95 0.35 14.655199 
-1.95 0.4 19.028821 
-1.95 0.45 24.703086 
-1.95 0.5 32.226029 
-1.95 0.55 42.522333 
-1.95 0.6 56.928999 
-1.95 0.65 77.797170 
-1.95 0.7 109.395292 
-1.95 0.75 160.499092 
-1.95 0.8 251.509093 
-1.9 -1 0.000000 
-1.9 -0.95 0.000000 
-1.9 -0.9 0.000000 
-1.9 -0.85 0.000003 
-1.9 -0.8 0.000008 
-1.9 -0.75 0.000015 
-1.9 -0.7 0.000043 
-1.9 -0.65 0.000165 
-1.9 -0.6 0.000795 
-1.9 -0.55 0.003500 
-1.9 -0.5 0.011202 
-1.9 -0.45 0.026806 
-1.9 -0.4 0.062530 
-1.9 -0.35 0.124879 
-1.9 -0.3 0.248105 
-1.9 -0.25 0.452253 
-1.9 -0.2 0.706944 
-1.9 -0.15 0.966441 
-1.9 -0.1 1.447428 
-1.9 -0.05 2.410644 
-1.9 0 3.715621 
-1.9 0.05 5.090651 
-1.9 0.1 6.359578 
-1.9 0.15 7.468112 
-1.9 0.2 8.454332 
-1.9 0.25 9.800441 
-1.9 0.3 11.969272 
-1.9 0.35 15.316277 
-1.9 0.4 19.887903 
-1.9 0.45 25.819786 
-1.9 0.5 33.686011 
-1.9 0.55 44.455738 
-1.9 0.6 59.532804 
-1.9 0.65 81.390654 
-1.9 0.7 114.532610 
-1.9 0.75 168.257439 
-1.9 0.8 264.321577 
-1.85 -1 0.000000 
-1.85 -0.95 0.000000 
-1.85 -0.9 0.000000 
-1.85 -0.85 0.000003 
-1.85 -0.8 0.000009 
-1.85 -0.75 0.000017 
-1.85 -0.7 0.000048 
-1.85 -0.65 0.000178 
-1.85 -0.6 0.000845 
-1.85 -0.55 0.003703 
-1.85 -0.5 0.011838 
-1.85 -0.45 0.028313 
-1.85 -0.4 0.066030 
-1.85 -0.35 0.131858 
-1.85 -0.3 0.261956 
-1.85 -0.25 0.477485 
-1.85 -0.2 0.746396 
-1.85 -0.15 1.020440 
-1.85 -0.1 1.528332 
-1.85 -0.05 2.545293 
-1.85 0 3.923011 
-1.85 0.05 5.374525 
-1.85 0.1 6.713841 
-1.85 0.15 7.883748 
-1.85 0.2 8.924595 
-1.85 0.25 10.345645 
-1.85 0.3 12.635588 
-1.85 0.35 16.169540 
-1.85 0.4 20.996761 
-1.85 0.45 27.261226 
-1.85 0.5 35.570736 
-1.85 0.55 46.952026 
-1.85 0.6 62.895658 
-1.85 0.65 86.034134 
-1.85 0.7 121.177546 
-1.85 0.75 178.311279 
-1.85 0.8 280.987167 
-1.8 -1 0.000000 
-1.8 -0.95 0.000000 
-1.8 -0.9 0.000001 
-1.8 -0.85 0.000004 
-1.8 -0.8 0.000010 
-1.8 -0.75 0.000019 
-1.8 -0.7 0.000056 
-1.8 -0.65 0.000197 
-1.8 -0.6 0.000911 
-1.8 -0.55 0.003968 
-1.8 -0.5 0.012664 
-1.8 -0.45 0.030273 
-1.8 -0.4 0.070578 
-1.8 -0.35 0.140921 
-1.8 -0.3 0.279941 
-1.8 -0.25 0.510245 
-1.8 -0.2 0.797617 
-1.8 -0.15 1.090556 
-1.8 -0.1 1.633382 
-1.8 -0.05 2.720099 
-1.8 0 4.192219 
-1.8 0.05 5.742970 
-1.8 0.1 7.173601 
-1.8 0.15 8.423132 
-1.8 0.2 9.534872 
-1.8 0.25 11.053219 
-1.8 0.3 13.500400 
-1.8 0.35 17.277024 
-1.8 0.4 22.436038 
-1.8 0.45 29.132297 
-1.8 0.5 38.017485 
-1.8 0.55 50.193365 
-1.8 0.6 67.263798 
-1.8 0.65 92.069699 
-1.8 0.7 129.825228 
-1.8 0.75 191.425991 
-1.8 0.8 302.829535 
-1.75 -1 0.000000 
-1.75 -0.95 0.000001 
-1.75 -0.9 0.000001 
-1.75 -0.85 0.000005 
-1.75 -0.8 0.000012 
-1.75 -0.75 0.000024 
-1.75 -0.7 0.000066 
-1.75 -0.65 0.000223 
-1.75 -0.6 0.001000 
-1.75 -0.55 0.004318 
-1.75 -0.5 0.013746 
-1.75 -0.45 0.032837 
-1.75 -0.4 0.076525 
-1.75 -0.35 0.152770 
-1.75 -0.3 0.303451 
-1.75 -0.25 0.553062 
-1.75 -0.2 0.864566 
-1.75 -0.15 1.182213 
-1.75 -0.1 1.770701 
-1.75 -0.05 2.948557 
-1.75 0 4.544001 
-1.75 0.05 6.224357 
-1.75 0.1 7.774217 
-1.75 0.15 9.127721 
-1.75 0.2 10.332075 
-1.75 0.25 11.977580 
-1.75 0.3 14.630265 
-1.75 0.35 18.723993 
-1.75 0.4 24.316581 
-1.75 0.45 31.577175 
-1.75 0.5 41.215042 
-1.75 0.55 54.430397 
-1.75 0.6 72.976363 
-1.75 0.65 99.969388 
-1.75 0.7 141.161293 
-1.75 0.75 208.668583 
-1.75 0.8 331.718994 
-1.7 -1 0.000000 
-1.7 -0.95 0.000001 
-1.7 -0.9 0.000001 
-1.7 -0.85 0.000006 
-1.7 -0.8 0.000014 
-1.7 -0.75 0.000030 
-1.7 -0.7 0.000081 
-1.7 -0.65 0.000259 
-1.7 -0.6 0.001120 
-1.7 -0.55 0.004782 
-1.7 -0.5 0.015177 
-1.7 -0.45 0.036218 
-1.7 -0.4 0.084363 
-1.7 -0.35 0.168384 
-1.7 -0.3 0.334426 
-1.7 -0.25 0.609465 
-1.7 -0.2 0.952755 
-1.7 -0.15 1.302971 
-1.7 -0.1 1.951612 
-1.7 -0.05 3.249470 
-1.7 0 5.007263 
-1.7 0.05 6.858177 
-1.7 0.1 8.564894 
-1.7 0.15 10.055197 
-1.7 0.2 11.381467 
-1.7 0.25 13.194451 
-1.7 0.3 16.117818 
-1.7 0.35 20.629126 
-1.7 0.4 26.792684 
-1.7 0.45 34.796604 
-1.7 0.5 45.426314 
-1.7 0.55 60.012428 
-1.7 0.6 80.506580 
-1.7 0.65 110.393356 
-1.7 0.7 156.148635 
-1.7 0.75 231.549766 
-1.7 0.8 370.347029 
-1.65 -1 0.000000 
-1.65 -0.95 0.000001 
-1.65 -0.9 0.000002 
-1.65 -0.85 0.000008 
-1.65 -0.8 0.000017 
-1.65 -0.75 0.000039 
-1.65 -0.7 0.000102 
-1.65 -0.65 0.000310 
-1.65 -0.6 0.001283 
-1.65 -0.55 0.005405 
-1.65 -0.5 0.017084 
-1.65 -0.45 0.040720 
-1.65 -0.4 0.094789 
-1.65 -0.35 0.189146 
-1.65 -0.3 0.375604 
-1.65 -0.25 0.684431 
-1.65 -0.2 1.069972 
-1.65 -0.15 1.463508 
-1.65 -0.1 2.192110 
-1.65 -0.05 3.649383 
-1.65 0 5.622797 
-1.65 0.05 7.700136 
-1.65 0.1 9.615009 
-1.65 0.15 11.286862 
-1.65 0.2 12.775032 
-1.65 0.25 14.810578 
-1.65 0.3 18.093669 
-1.65 0.35 23.159771 
-1.65 0.4 30.081943 
-1.65 0.45 39.073717 
-1.65 0.5 51.022288 
-1.65 0.55 67.432720 
-1.65 0.6 90.523658 
-1.65 0.65 124.277647 
-1.65 0.7 176.159583 
-1.65 0.75 262.243861 
-1.65 0.8 422.664981 
-1.6 -1 0.000001 
-1.6 -0.95 0.000002 
-1.6 -0.9 0.000003 
-1.6 -0.85 0.000011 
-1.6 -0.8 0.000022 
-1.6 -0.75 0.000052 
-1.6 -0.7 0.000135 
-1.6 -0.65 0.000385 
-1.6 -0.6 0.001510 
-1.6 -0.55 0.006249 
-1.6 -0.5 0.019653 
-1.6 -0.45 0.046773 
-1.6 -0.4 0.108799 
-1.6 -0.35 0.217033 
-1.6 -0.3 0.430902 
-1.6 -0.25 0.785084 
-1.6 -0.2 1.227359 
-1.6 -0.15 1.679113 
-1.6 -0.1 2.515089 
-1.6 -0.05 4.186274 
-1.6 0 6.448934 
-1.6 0.05 8.829840 
-1.6 0.1 11.023647 
-1.6 0.15 12.938800 
-1.6 0.2 14.644098 
-1.6 0.25 16.978383 
-1.6 0.3 20.744363 
-1.6 0.35 26.554972 
-1.6 0.4 34.495196 
-1.6 0.45 44.813071 
-1.6 0.5 58.533290 
-1.6 0.55 77.397049 
-1.6 0.6 103.986785 
-1.6 0.65 142.968260 
-1.6 0.7 203.179618 
-1.6 0.75 303.934524 
-1.55 -1 0.000001 
-1.55 -0.95 0.000003 
-1.55 -0.9 0.000005 
-1.55 -0.85 0.000016 
-1.55 -0.8 0.000030 
-1.55 -0.75 0.000073 
-1.55 -0.7 0.000183 
-1.55 -0.65 0.000494 
-1.55 -0.6 0.001828 
-1.55 -0.55 0.007408 
-1.55 -0.5 0.023156 
-1.55 -0.45 0.055008 
-1.55 -0.4 0.127836 
-1.55 -0.35 0.254914 
-1.55 -0.3 0.506000 
-1.55 -0.25 0.921748 
-1.55 -0.2 1.441070 
-1.55 -0.15 1.971959 
-1.55 -0.1 2.953750 
-1.55 -0.05 4.915188 
-1.55 0 7.570160 
-1.55 0.05 10.362510 
-1.55 0.1 12.934124 
-1.55 0.15 15.178843 
-1.55 0.2 17.178511 
-1.55 0.25 19.918259 
-1.55 0.3 24.339694 
-1.55 0.35 31.160497 
-1.55 0.4 40.482109 
-1.55 0.45 52.600030 
-1.55 0.5 68.727099 
-1.55 0.55 90.928305 
-1.55 0.6 122.288985 
-1.55 0.65 168.427627 
-1.55 0.7 240.125232 
-1.55 0.75 361.366959 
-1.5 -1 0.000002 
-1.5 -0.95 0.000005 
-1.5 -0.9 0.000007 
-1.5 -0.85 0.000023 
-1.5 -0.8 0.000041 
-1.5 -0.75 0.000104 
-1.5 -0.7 0.000257 
-1.5 -0.65 0.000655 
-1.5 -0.6 0.002279 
-1.5 -0.55 0.009020 
-1.5 -0.5 0.027989 
-1.5 -0.45 0.066346 
-1.5 -0.4 0.154023 
-1.5 -0.35 0.307000 
-1.5 -0.3 0.609230 
-1.5 -0.25 1.109568 
-1.5 -0.2 1.734813 
-1.5 -0.15 2.374605 
-1.5 -0.1 3.556847 
-1.5 -0.05 5.916891 
-1.5 0 9.110350 
-1.5 0.05 12.466938 
-1.5 0.1 15.556221 
-1.5 0.15 18.252517 
-1.5 0.2 20.655963 
-1.5 0.25 23.952638 
-1.5 0.3 29.274501 
-1.5 0.35 37.482418 
-1.5 0.4 48.700898 
-1.5 0.45 63.291679 
-1.5 0.5 82.728590 
-1.5 0.55 109.527074 
-1.5 0.6 147.478948 
-1.5 0.65 203.555547 
-1.5 0.7 291.345420 
-1.5 0.75 441.745282 
-1.45 -1 0.000003 
-1.45 -0.95 0.000007 
-1.45 -0.9 0.000011 
-1.45 -0.85 0.000033 
-1.45 -0.8 0.000058 
-1.45 -0.75 0.000152 
-1.45 -0.7 0.000369 
-1.45 -0.65 0.000895 
-1.45 -0.6 0.002928 
-1.45 -0.55 0.011289 
-1.45 -0.5 0.034745 
-1.45 -0.45 0.082159 
-1.45 -0.4 0.190509 
-1.45 -0.35 0.379537 
-1.45 -0.3 0.752956 
-1.45 -0.25 1.371022 
-1.45 -0.2 2.143788 
-1.45 -0.15 2.935424 
-1.45 -0.1 4.396796 
-1.45 -0.05 7.311272 
-1.45 0 11.253207 
-1.45 0.05 15.393166 
-1.45 0.1 19.200371 
-1.45 0.15 22.522911 
-1.45 0.2 25.487016 
-1.45 0.25 29.558345 
-1.45 0.3 36.132870 
-1.45 0.35 46.269507 
-1.45 0.4 60.125518 
-1.45 0.45 78.156607 
-1.45 0.5 102.204001 
-1.45 0.55 135.419540 
-1.45 0.6 182.605169 
-1.45 0.65 252.691990 
-1.45 0.7 363.422415 
-1.45 0.75 556.217024 
-1.4 -1 0.000004 
-1.4 -0.95 0.000011 
-1.4 -0.9 0.000017 
-1.4 -0.85 0.000049 
-1.4 -0.8 0.000083 
-1.4 -0.75 0.000225 
-1.4 -0.7 0.000541 
-1.4 -0.65 0.001259 
-1.4 -0.6 0.003875 
-1.4 -0.55 0.014529 
-1.4 -0.5 0.044315 
-1.4 -0.45 0.104506 
-1.4 -0.4 0.242018 
-1.4 -0.35 0.481892 
-1.4 -0.3 0.955715 
-1.4 -0.25 1.739810 
-1.4 -0.2 2.720810 
-1.4 -0.15 3.727046 
-1.4 -0.1 5.582321 
-1.4 -0.05 9.278153 
-1.4 0 14.273966 
-1.4 0.05 19.515326 
-1.4 0.1 24.330463 
-1.4 0.15 28.532132 
-1.4 0.2 32.284469 
-1.4 0.25 37.447284 
-1.4 0.3 45.787179 
-1.4 0.35 58.640282 
-1.4 0.4 76.211017 
-1.4 0.45 99.090662 
-1.4 0.5 129.645649 
-1.4 0.55 171.941781 
-1.4 0.6 232.252766 
-1.4 0.65 322.410972 
-1.4 0.7 466.465264 
-1.35 -1 0.000007 
-1.35 -0.95 0.000017 
-1.35 -0.9 0.000027 
-1.35 -0.85 0.000075 
-1.35 -0.8 0.000122 
-1.35 -0.75 0.000340 
-1.35 -0.7 0.000807 
-1.35 -0.65 0.001812 
-1.35 -0.6 0.005272 
-1.35 -0.55 0.019213 
-1.35 -0.5 0.058051 
-1.35 -0.45 0.136507 
-1.35 -0.4 0.315701 
-1.35 -0.35 0.628239 
-1.35 -0.3 1.245551 
-1.35 -0.25 2.266931 
-1.35 -0.2 3.545876 
-1.35 -0.15 4.859574 
-1.35 -0.1 7.278205 
-1.35 -0.05 12.089801 
-1.35 0 18.588773 
-1.35 0.05 25.398156 
-1.35 0.1 31.645586 
-1.35 0.15 37.096248 
-1.35 0.2 41.970436 
-1.35 0.25 48.691011 
-1.35 0.3 59.551136 
-1.35 0.35 76.279380 
-1.35 0.4 99.149060 
-1.35 0.45 128.950518 
-1.35 0.5 168.812931 
-1.35 0.55 224.137165 
-1.35 0.6 303.384368 
-1.35 0.65 422.782755 
-1.35 0.7 616.225310 
-1.3 -1 0.000011 
-1.3 -0.95 0.000027 
-1.3 -0.9 0.000042 
-1.3 -0.85 0.000114 
-1.3 -0.8 0.000183 
-1.3 -0.75 0.000517 
-1.3 -0.7 0.001221 
-1.3 -0.65 0.002659 
-1.3 -0.6 0.007356 
-1.3 -0.55 0.026070 
-1.3 -0.5 0.078016 
-1.3 -0.45 0.182920 
-1.3 -0.4 0.422465 
-1.3 -0.35 0.840187 
-1.3 -0.3 1.665230 
-1.3 -0.25 3.030188 
-1.3 -0.2 4.741166 
-1.3 -0.15 6.501341 
-1.3 -0.1 9.736330 
-1.3 -0.05 16.161861 
-1.3 0 24.831827 
-1.3 0.05 33.900520 
-1.3 0.1 42.206729 
-1.3 0.15 49.452059 
-1.3 0.2 55.941705 
-1.3 0.25 64.913295 
-1.3 0.3 79.416430 
-1.3 0.35 101.741307 
-1.3 0.4 132.263124 
-1.3 0.45 172.069812 
-1.3 0.5 225.415914 
-1.3 0.55 299.686652 
-1.3 0.6 406.661761 
-1.3 0.65 569.393530 
-1.3 0.7 837.598143 
-1.25 -1 0.000017 
-1.25 -0.95 0.000043 
-1.25 -0.9 0.000066 
-1.25 -0.85 0.000175 
-1.25 -0.8 0.000277 
-1.25 -0.75 0.000795 
-1.25 -0.7 0.001866 
-1.25 -0.65 0.003965 
-1.25 -0.6 0.010494 
-1.25 -0.55 0.036224 
-1.25 -0.5 0.107385 
-1.25 -0.45 0.251060 
-1.25 -0.4 0.579065 
-1.25 -0.35 1.150914 
-1.25 -0.3 2.280407 
-1.25 -0.25 4.149100 
-1.25 -0.2 6.494650 
-1.25 -0.15 8.911641 
-1.25 -0.1 13.344593 
-1.25 -0.05 22.133430 
-1.25 0 33.976160 
-1.25 0.05 46.336690 
-1.25 0.1 57.633235 
-1.25 0.15 67.483894 
-1.25 0.2 76.324893 
-1.25 0.25 88.587358 
-1.25 0.3 108.418543 
-1.25 0.35 138.919809 
-1.25 0.4 180.619011 
-1.25 0.45 235.056770 
-1.25 0.5 308.174152 
-1.25 0.55 410.357027 
-1.25 0.6 558.526273 
-1.25 0.65 786.594426 
-1.2 -1 0.000027 
-1.2 -0.95 0.000067 
-1.2 -0.9 0.000104 
-1.2 -0.85 0.000270 
-1.2 -0.8 0.000423 
-1.2 -0.75 0.001230 
-1.2 -0.7 0.002874 
-1.2 -0.65 0.005991 
-1.2 -0.6 0.015261 
-1.2 -0.55 0.051419 
-1.2 -0.5 0.151068 
-1.2 -0.45 0.352225 
-1.2 -0.4 0.811376 
-1.2 -0.35 1.611639 
-1.2 -0.3 3.192467 
-1.2 -0.25 5.808368 
-1.2 -0.2 9.097351 
-1.2 -0.15 12.492537 
-1.2 -0.1 18.704270 
-1.2 -0.05 30.993273 
-1.2 0 47.523063 
-1.2 0.05 64.727714 
-1.2 0.1 80.407010 
-1.2 0.15 94.073220 
-1.2 0.2 106.369039 
-1.2 0.25 123.493721 
-1.2 0.3 151.200554 
-1.2 0.35 193.771425 
-1.2 0.4 251.965183 
-1.2 0.45 328.022983 
-1.2 0.5 430.451393 
-1.2 0.55 574.250813 
-1.2 0.6 784.472699 
-1.2 0.65 1112.743024 
-1.15 -1 0.000043 
-1.15 -0.95 0.000105 
-1.15 -0.9 0.000163 
-1.15 -0.85 0.000421 
-1.15 -0.8 0.000651 
-1.15 -0.75 0.001912 
-1.15 -0.7 0.004456 
-1.15 -0.65 0.009144 
-1.15 -0.6 0.022559 
-1.15 -0.55 0.074370 
-1.15 -0.5 0.216692 
-1.15 -0.45 0.503955 
-1.15 -0.4 1.159559 
-1.15 -0.35 2.301808 
-1.15 -0.3 4.558704 
-1.15 -0.25 8.294860 
-1.15 -0.2 13.002341 
-1.15 -0.15 17.871145 
-1.15 -0.1 26.752808 
-1.15 -0.05 44.279244 
-1.15 0 67.799420 
-1.15 0.05 92.192771 
-1.15 0.1 114.342208 
-1.15 0.15 133.635318 
-1.15 0.2 151.046906 
-1.15 0.25 175.422014 
-1.15 0.3 214.878611 
-1.15 0.35 275.425087 
-1.15 0.4 358.172954 
-1.15 0.45 466.464870 
-1.15 0.5 612.764219 
-1.15 0.55 819.281198 
-1.15 0.6 1124.178853 
-1.1 -1 0.000069 
-1.1 -0.95 0.000166 
-1.1 -0.9 0.000257 
-1.1 -0.85 0.000657 
-1.1 -0.8 0.001008 
-1.1 -0.75 0.002986 
-1.1 -0.7 0.006941 
-1.1 -0.65 0.014071 
-1.1 -0.6 0.033804 
-1.1 -0.55 0.109321 
-1.1 -0.5 0.316143 
-1.1 -0.45 0.733581 
-1.1 -0.4 1.686179 
-1.1 -0.35 3.345121 
-1.1 -0.3 6.624126 
-1.1 -0.25 12.056007 
-1.1 -0.2 18.918386 
-1.1 -0.15 26.030767 
-1.1 -0.1 38.959309 
-1.1 -0.05 64.394031 
-1.1 0 98.424528 
-1.1 0.05 133.557088 
-1.1 0.1 165.306880 
-1.1 0.15 192.937514 
-1.1 0.2 217.968809 
-1.1 0.25 253.239122 
-1.1 0.3 310.360098 
-1.1 0.35 397.870277 
-1.1 0.4 517.422299 
-1.1 0.45 674.115474 
-1.1 0.5 886.590493 
-1.1 0.55 1188.481298 
-1.1 0.6 1639.456600 
-1.05 -1 0.000109 
-1.05 -0.95 0.000262 
-1.05 -0.9 0.000406 
-1.05 -0.85 0.001029 
-1.05 -0.8 0.001570 
-1.05 -0.75 0.004678 
-1.05 -0.7 0.010853 
-1.05 -0.65 0.021793 
-1.05 -0.6 0.051227 
-1.05 -0.55 0.162924 
-1.05 -0.5 0.468009 
-1.05 -0.45 1.083820 
-1.05 -0.4 2.489024 
-1.05 -0.35 4.934769 
-1.05 -0.3 9.771562 
-1.05 -0.25 17.792142 
-1.05 -0.2 27.959005 
-1.05 -0.15 38.520684 
-1.05 -0.1 57.636846 
-1.05 -0.05 95.105872 
-1.05 0 145.042299 
-1.05 0.05 196.292227 
-1.05 0.1 242.323029 
-1.05 0.15 282.333756 
-1.05 0.2 318.755716 
-1.05 0.25 370.496131 
-1.05 0.3 454.329118 
-1.05 0.35 582.492576 
-1.05 0.4 757.471245 
-1.05 0.45 987.197683 
-1.05 0.5 1300.048647 
-1.05 0.55 1747.956659 
-1 -1 0.000173 
-1 -0.95 0.000414 
-1 -0.9 0.000642 
-1 -0.85 0.001616 
-1 -0.8 0.002452 
-1 -0.75 0.007345 
-1 -0.7 0.017020 
-1 -0.65 0.033923 
-1 -0.6 0.078347 
-1 -0.55 0.245622 
-1 -0.5 0.701416 
-1 -0.45 1.621601 
-1 -0.4 3.721317 
-1 -0.35 7.373190 
-1 -0.3 14.600706 
-1 -0.25 26.602687 
-1 -0.2 41.880419 
-1 -0.15 57.793096 
-1 -0.1 86.443124 
-1 -0.05 142.343710 
-1 0 216.467206 
-1 0.05 291.960535 
-1 0.1 359.223706 
-1 0.15 417.598670 
-1 0.2 471.067715 
-1 0.25 547.806824 
-1 0.3 672.184969 
-1 0.35 861.808782 
-1 0.4 1120.437020 
-1 0.45 1460.605299 
-1 0.5 1926.118891 
-1 0.55 2598.376146 
-0.95 -1 0.000274 
-0.95 -0.95 0.000655 
-0.95 -0.9 0.001014 
-0.95 -0.85 0.002543 
-0.95 -0.8 0.003843 
-0.95 -0.75 0.011556 
-0.95 -0.7 0.026753 
-0.95 -0.65 0.053019 
-0.95 -0.6 0.120731 
-0.95 -0.55 0.373853 
-0.95 -0.5 1.062093 
-0.95 -0.45 2.451996 
-0.95 -0.4 5.623629 
-0.95 -0.35 11.134693 
-0.95 -0.3 22.052777 
-0.95 -0.25 40.217795 
-0.95 -0.2 63.462444 
-0.95 -0.15 87.746585 
-0.95 -0.1 131.185940 
-0.95 -0.05 215.460494 
-0.95 0 326.470388 
-0.95 0.05 438.410642 
-0.95 0.1 537.104694 
-0.95 0.15 622.589352 
-0.95 0.2 701.525396 
-0.95 0.25 816.279486 
-0.95 0.3 1002.278162 
-0.95 0.35 1284.803183 
-0.95 0.4 1669.541160 
-0.95 0.45 2176.513254 
-0.95 0.5 2873.945870 
-0.9 -1 0.000435 
-0.9 -0.95 0.001036 
-0.9 -0.9 0.001603 
-0.9 -0.85 0.004009 
-0.9 -0.8 0.006036 
-0.9 -0.75 0.018207 
-0.9 -0.7 0.042128 
-0.9 -0.65 0.083135 
-0.9 -0.6 0.187196 
-0.9 -0.55 0.573520 
-0.9 -0.5 1.621925 
-0.9 -0.45 3.740193 
-0.9 -0.4 8.574243 
-0.9 -0.35 16.964038 
-0.9 -0.3 33.607072 
-0.9 -0.25 61.365649 
-0.9 -0.2 97.119999 
-0.9 -0.15 134.606618 
-0.9 -0.1 201.123787 
-0.9 -0.05 329.239653 
-0.9 0 496.543860 
-0.9 0.05 663.059627 
-0.9 0.1 807.853217 
-0.9 0.15 932.972613 
-0.9 0.2 1049.755965 
-0.9 0.25 1222.281423 
-0.9 0.3 1501.765409 
-0.9 0.35 1924.185101 
-0.9 0.4 2498.073707 
-0.9 0.45 3255.522211 
-0.85 -1 0.000690 
-0.85 -0.95 0.001639 
-0.85 -0.9 0.002534 
-0.85 -0.85 0.006325 
-0.85 -0.8 0.009498 
-0.85 -0.75 0.028718 
-0.85 -0.7 0.066435 
-0.85 -0.65 0.130702 
-0.85 -0.6 0.291731 
-0.85 -0.55 0.885495 
-0.85 -0.5 2.494028 
-0.85 -0.45 5.746174 
-0.85 -0.4 13.168655 
-0.85 -0.35 26.031466 
-0.85 -0.3 51.590570 
-0.85 -0.25 94.354884 
-0.85 -0.2 149.887695 
-0.85 -0.15 208.359106 
-0.85 -0.1 311.073033 
-0.85 -0.05 507.074441 
-0.85 0 760.128878 
-0.85 0.05 1007.674268 
-0.85 0.1 1219.008677 
-0.85 0.15 1401.151152 
-0.85 0.2 1573.655623 
-0.85 0.25 1833.647153 
-0.85 0.3 2254.156683 
-0.85 0.35 2885.450599 
-0.85 0.4 3740.077795 
-0.8 -1 0.001094 
-0.8 -0.95 0.002594 
-0.8 -0.9 0.004007 
-0.8 -0.85 0.009991 
-0.8 -0.8 0.014967 
-0.8 -0.75 0.045334 
-0.8 -0.7 0.104887 
-0.8 -0.65 0.205936 
-0.8 -0.6 0.456581 
-0.8 -0.55 1.374348 
-0.8 -0.5 3.856491 
-0.8 -0.45 8.879384 
-0.8 -0.4 20.344965 
-0.8 -0.35 40.176077 
-0.8 -0.3 79.664840 
-0.8 -0.25 145.997519 
-0.8 -0.2 233.008805 
-0.8 -0.15 325.094866 
-0.8 -0.1 484.831142 
-0.8 -0.05 785.980328 
-0.8 0 1168.961159 
-0.8 0.05 1535.049362 
-0.8 0.1 1839.981945 
-0.8 0.15 2102.148937 
-0.8 0.2 2355.507064 
-0.8 0.25 2746.900157 
-0.8 0.3 3377.842267 
-0.8 0.35 4316.401838 
-0.8 0.4 5580.317784 
-0.75 -1 0.001735 
-0.75 -0.95 0.004107 
-0.75 -0.9 0.006336 
-0.75 -0.85 0.015794 
-0.75 -0.8 0.023610 
-0.75 -0.75 0.071609 
-0.75 -0.7 0.165753 
-0.75 -0.65 0.325081 
-0.75 -0.6 0.717181 
-0.75 -0.55 2.142186 
-0.75 -0.5 5.989770 
-0.75 -0.45 13.784890 
-0.75 -0.4 31.581441 
-0.75 -0.35 62.286780 
-0.75 -0.3 123.589451 
-0.75 -0.25 227.068511 
-0.75 -0.2 364.503812 
-0.75 -0.15 510.859098 
-0.75 -0.1 760.743990 
-0.75 -0.05 1224.415625 
-0.75 0 1802.296248 
-0.75 0.05 2337.685202 
-0.75 0.1 2768.962359 
-0.75 0.15 3139.290507 
-0.75 0.2 3507.532996 
-0.75 0.25 4093.749865 
-0.75 0.3 5033.031704 
-0.75 0.35 6413.029696 
-0.7 -1 0.002753 
-0.7 -0.95 0.006504 
-0.7 -0.9 0.010018 
-0.7 -0.85 0.024985 
-0.7 -0.8 0.037272 
-0.7 -0.75 0.113162 
-0.7 -0.7 0.262143 
-0.7 -0.65 0.514006 
-0.7 -0.6 1.130139 
-0.7 -0.55 3.350649 
-0.7 -0.5 9.335479 
-0.7 -0.45 21.478979 
-0.7 -0.4 49.207260 
-0.7 -0.35 96.896297 
-0.7 -0.3 192.413377 
-0.7 -0.25 354.604157 
-0.7 -0.2 573.320151 
-0.7 -0.15 807.984474 
-0.7 -0.1 1200.740016 
-0.7 -0.05 1914.251758 
-0.7 0 2779.604310 
-0.7 0.05 3547.586924 
-0.7 0.1 4138.239367 
-0.7 0.15 4646.646300 
-0.7 0.2 5173.393737 
-0.7 0.25 6042.486839 
-0.7 0.3 7420.828105 
-0.65 -1 0.004371 
-0.65 -0.95 0.010302 
-0.65 -0.9 0.015836 
-0.65 -0.85 0.039547 
-0.65 -0.8 0.058876 
-0.65 -0.75 0.178872 
-0.65 -0.7 0.414866 
-0.65 -0.65 0.813979 
-0.65 -0.6 1.786160 
-0.65 -0.55 5.255928 
-0.65 -0.5 14.588718 
-0.65 -0.45 33.562201 
-0.65 -0.4 76.889837 
-0.65 -0.35 151.101367 
-0.65 -0.3 300.320309 
-0.65 -0.25 555.492419 
-0.65 -0.2 906.008719 
-0.65 -0.15 1285.488860 
-0.65 -0.1 1904.864889 
-0.65 -0.05 2998.462257 
-0.65 0 4276.340564 
-0.65 0.05 5343.929247 
-0.65 0.1 6112.612042 
-0.65 0.15 6782.106933 
-0.65 0.2 7518.710234 
-0.65 0.25 8785.324840 
-0.6 -1 0.006940 
-0.6 -0.95 0.016320 
-0.6 -0.9 0.025021 
-0.6 -0.85 0.062631 
-0.6 -0.8 0.093035 
-0.6 -0.75 0.282763 
-0.6 -0.7 0.656960 
-0.6 -0.65 1.290979 
-0.6 -0.6 2.831181 
-0.6 -0.55 8.264707 
-0.6 -0.5 22.842746 
-0.6 -0.45 52.553357 
-0.6 -0.4 120.395662 
-0.6 -0.35 235.975365 
-0.6 -0.3 469.452521 
-0.6 -0.25 872.001285 
-0.6 -0.2 1437.342995 
-0.6 -0.15 2055.975318 
-0.6 -0.1 3034.185800 
-0.6 -0.05 4695.568036 
-0.6 0 6539.489035 
-0.6 0.05 7950.618042 
-0.6 0.1 8870.922051 
-0.6 0.15 9700.981110 
-0.6 0.2 10699.145342 
-0.55 -1 0.011025 
-0.55 -0.95 0.025862 
-0.55 -0.9 0.039512 
-0.55 -0.85 0.099244 
-0.55 -0.8 0.147039 
-0.55 -0.75 0.446965 
-0.55 -0.7 1.040916 
-0.55 -0.65 2.050790 
-0.55 -0.6 4.501220 
-0.55 -0.55 13.023958 
-0.55 -0.5 35.815192 
-0.55 -0.45 82.411417 
-0.55 -0.4 188.770020 
-0.55 -0.35 368.706028 
-0.55 -0.3 734.149318 
-0.55 -0.25 1370.074759 
-0.55 -0.2 2286.798190 
-0.55 -0.15 3302.404116 
-0.55 -0.1 4845.295217 
-0.55 -0.05 7328.998562 
-0.55 0 9892.965097 
-0.55 0.05 11608.455243 
-0.55 0.1 12556.246389 
-0.55 0.15 13497.333129 
-0.5 -1 0.017526 
-0.5 -0.95 0.040995 
-0.5 -0.9 0.062348 
-0.5 -0.85 0.157357 
-0.5 -0.8 0.232377 
-0.5 -0.75 0.706349 
-0.5 -0.7 1.650197 
-0.5 -0.65 3.263648 
-0.5 -0.6 7.180589 
-0.5 -0.55 20.566215 
-0.5 -0.5 56.200950 
-0.5 -0.45 129.347722 
-0.5 -0.4 296.145657 
-0.5 -0.35 575.760963 
-0.5 -0.3 1147.108192 
-0.5 -0.25 2151.218595 
-0.5 -0.2 3642.854983 
-0.5 -0.15 5318.117283 
-0.5 -0.1 7737.397176 
-0.5 -0.05 11350.803773 
-0.5 0 14711.060165 
-0.5 0.05 16499.807952 
-0.5 0.1 17181.735047 
-0.45 -1 0.027878 
-0.45 -0.95 0.065024 
-0.45 -0.9 0.098286 
-0.45 -0.85 0.249684 
-0.45 -0.8 0.367125 
-0.45 -0.75 1.115780 
-0.45 -0.7 2.617627 
-0.45 -0.65 5.204809 
-0.45 -0.6 11.500626 
-0.45 -0.55 32.547150 
-0.45 -0.5 88.221406 
-0.45 -0.45 203.082674 
-0.45 -0.4 464.466802 
-0.45 -0.35 897.415407 
-0.45 -0.3 1787.864645 
-0.45 -0.25 3368.089774 
-0.45 -0.2 5795.163592 
-0.45 -0.15 8559.219977 
-0.45 -0.1 12302.107599 
-0.45 -0.05 17328.964452 
-0.45 0 21323.680788 
-0.45 0.05 22608.739292 
-0.4 -1 0.044380 
-0.4 -0.95 0.103231 
-0.4 -0.9 0.154749 
-0.4 -0.85 0.396563 
-0.4 -0.8 0.579615 
-0.4 -0.75 1.761431 
-0.4 -0.7 4.154773 
-0.4 -0.65 8.322111 
-0.4 -0.6 18.510284 
-0.4 -0.55 51.640656 
-0.4 -0.5 138.478628 
-0.4 -0.45 318.775210 
-0.4 -0.4 727.470124 
-0.4 -0.35 1393.871090 
-0.4 -0.3 2773.338080 
-0.4 -0.25 5241.339935 
-0.4 -0.2 9166.826222 
-0.4 -0.15 13690.957715 
-0.4 -0.1 19333.760797 
-0.4 -0.05 25833.207721 
-0.4 0 29817.002831 
-0.4 0.05 29538.073656 
-0.35 -1 0.070717 
-0.35 -0.95 0.164126 
-0.35 -0.9 0.243277 
-0.35 -0.85 0.630660 
-0.35 -0.8 0.914038 
-0.35 -0.75 2.778511 
-0.35 -0.7 6.598986 
-0.35 -0.65 13.349885 
-0.35 -0.6 29.977018 
-0.35 -0.55 82.209793 
-0.35 -0.5 217.285852 
-0.35 -0.45 499.951544 
-0.35 -0.4 1136.202181 
-0.35 -0.35 2152.733236 
-0.35 -0.3 4268.314449 
-0.35 -0.25 8068.782607 
-0.35 -0.2 14318.119233 
-0.35 -0.15 21562.880030 
-0.35 -0.1 29689.595060 
-0.35 -0.05 37127.637857 
-0.35 0 39746.195911 
-0.3 -1 0.112795 
-0.3 -0.95 0.261446 
-0.3 -0.9 0.381739 
-0.3 -0.85 1.004616 
-0.3 -0.8 1.438937 
-0.3 -0.75 4.379363 
-0.3 -0.7 10.489137 
-0.3 -0.65 21.503996 
-0.3 -0.6 48.927767 
-0.3 -0.55 131.475749 
-0.3 -0.5 340.751792 
-0.3 -0.45 782.865172 
-0.3 -0.4 1765.922567 
-0.3 -0.35 3296.434393 
-0.3 -0.3 6489.558917 
-0.3 -0.25 12205.594858 
-0.3 -0.2 21852.957491 
-0.3 -0.15 32965.901037 
-0.3 -0.1 43815.728998 
-0.3 -0.05 50645.916612 
-0.25 -1 0.180064 
-0.25 -0.95 0.417268 
-0.25 -0.9 0.597684 
-0.25 -0.85 1.603331 
-0.25 -0.8 2.260009 
-0.25 -0.75 6.899434 
-0.25 -0.7 16.689441 
-0.25 -0.65 34.821623 
-0.25 -0.6 80.632650 
-0.25 -0.55 211.600899 
-0.25 -0.5 534.069938 
-0.25 -0.45 1222.736011 
-0.25 -0.4 2722.862717 
-0.25 -0.35 4985.901895 
-0.25 -0.3 9690.078049 
-0.25 -0.25 17979.448467 
-0.25 -0.2 32122.902515 
-0.25 -0.15 47995.367496 
-0.25 -0.1 60869.402145 
-0.2 -1 0.287586 
-0.2 -0.95 0.666309 
-0.2 -0.9 0.933545 
-0.2 -0.85 2.562514 
-0.2 -0.8 3.539249 
-0.2 -0.75 10.875577 
-0.2 -0.7 26.597558 
-0.2 -0.65 56.764920 
-0.2 -0.6 134.376006 
-0.2 -0.55 343.417999 
-0.2 -0.5 836.679756 
-0.2 -0.45 1901.859746 
-0.2 -0.4 4145.966551 
-0.2 -0.35 7413.610683 
-0.2 -0.3 14102.095814 
-0.2 -0.25 25508.155511 
-0.2 -0.2 44693.911244 
-0.2 -0.15 65144.241817 
-0.15 -1 0.459306 
-0.15 -0.95 1.061034 
-0.15 -0.9 1.455880 
-0.15 -0.85 4.094294 
-0.15 -0.8 5.521877 
-0.15 -0.75 17.184936 
-0.15 -0.7 42.498837 
-0.15 -0.65 93.308043 
-0.15 -0.6 226.481064 
-0.15 -0.55 562.794637 
-0.15 -0.5 1309.801114 
-0.15 -0.45 2937.416947 
-0.15 -0.4 6192.405392 
-0.15 -0.35 10777.363627 
-0.15 -0.3 19818.601237 
-0.15 -0.25 34449.776765 
-0.15 -0.2 57855.719883 
-0.1 -1 0.733467 
-0.1 -0.95 1.679136 
-0.1 -0.9 2.275249 
-0.1 -0.85 6.523139 
-0.1 -0.8 8.576195 
-0.1 -0.75 27.288461 
-0.1 -0.7 68.122313 
-0.1 -0.65 154.862473 
-0.1 -0.6 384.870700 
-0.1 -0.55 929.711078 
-0.1 -0.5 2044.202035 
-0.1 -0.45 4479.325450 
-0.1 -0.4 8988.635052 
-0.1 -0.35 15228.845283 
-0.1 -0.3 26622.369291 
-0.1 -0.25 43834.753390 
-0.05 -1 1.169474 
-0.05 -0.95 2.645068 
-0.05 -0.9 3.587468 
-0.05 -0.85 10.337413 
-0.05 -0.8 13.276153 
-0.05 -0.75 43.464057 
-0.05 -0.7 109.340655 
-0.05 -0.65 259.530600 
-0.05 -0.6 654.449494 
-0.05 -0.55 1534.264023 
-0.05 -0.5 3154.288219 
-0.05 -0.45 6668.392622 
-0.05 -0.4 12535.090078 
-0.05 -0.35 20788.956686 
-0.05 -0.3 33837.679951 
0 -1 1.860152 
0 -0.95 4.169792 
0 -0.9 5.766471 
0 -0.85 16.144348 
0 -0.8 20.521208 
0 -0.75 68.575406 
0 -0.7 175.385352 
0 -0.65 437.746054 
0 -0.6 1096.906306 
0 -0.55 2471.617637 
0 -0.5 4713.618560 
0 -0.45 9503.698417 
0 -0.4 16612.551649 
0 -0.35 27178.216556 
0.05 -1 2.993515 
0.05 -0.95 6.523792 
0.05 -0.9 9.536412 
0.05 -0.85 24.864013 
0.05 -0.8 31.721584 
0.05 -0.75 108.312261 
0.05 -0.7 281.495152 
0.05 -0.65 733.080260 
0.05 -0.6 1757.892048 
0.05 -0.55 3708.018433 
0.05 -0.5 6552.799731 
0.05 -0.45 12640.284348 
0.05 -0.4 20891.724857 
0.1 -1 4.734654 
0.1 -0.95 10.108448 
0.1 -0.9 15.953098 
0.1 -0.85 38.993801 
0.1 -0.8 49.783052 
0.1 -0.75 169.723085 
0.1 -0.7 448.669843 
0.1 -0.65 1189.623415 
0.1 -0.6 2574.198557 
0.1 -0.55 4831.580070 
0.1 -0.5 8063.318023 
0.1 -0.45 15493.090561 
0.15 -1 6.957086 
0.15 -0.95 15.856895 
0.15 -0.9 25.832158 
0.15 -0.85 59.236798 
0.15 -0.8 78.193868 
0.15 -0.75 261.091110 
0.15 -0.7 695.932334 
0.15 -0.65 1797.064634 
0.15 -0.6 3264.354820 
0.15 -0.55 5070.317885 
0.15 -0.5 8884.394061 
0.2 -1 9.910507 
0.2 -0.95 25.516451 
0.2 -0.9 39.375233 
0.2 -0.85 91.713146 
0.2 -0.8 122.505402 
0.2 -0.75 392.438982 
0.2 -0.7 1037.010170 
0.2 -0.65 2382.345605 
0.2 -0.6 3463.086250 
0.2 -0.55 4740.950416 
0.25 -1 16.681102 
0.25 -0.95 40.659027 
0.25 -0.9 61.821613 
0.25 -0.85 139.810472 
0.25 -0.8 191.653295 
0.25 -0.75 547.872069 
0.25 -0.7 1436.633262 
0.25 -0.65 2701.528375 
0.25 -0.6 3437.267951 
0.3 -1 30.139019 
0.3 -0.95 64.495239 
0.3 -0.9 81.614288 
0.3 -0.85 213.682931 
0.3 -0.8 282.819558 
0.3 -0.75 713.404839 
0.3 -0.7 1769.261727 
0.3 -0.65 2843.382914 
0.35 -1 50.855549 
0.35 -0.95 99.473445 
0.35 -0.9 124.839047 
0.35 -0.85 313.489169 
0.35 -0.8 401.409474 
0.35 -0.75 823.898881 
0.35 -0.7 1868.904766 
0.4 -1 64.692962 
0.4 -0.95 154.314435 
0.4 -0.9 222.862905 
0.4 -0.85 478.247830 
0.4 -0.8 575.213174 
0.4 -0.75 1050.759730 
0.45 -1 103.231774 
0.45 -0.95 209.201544 
0.45 -0.9 360.026080 
0.45 -0.85 763.615506 
0.45 -0.8 864.213707 
0.5 -1 166.694373 
0.5 -0.95 319.954050 
0.5 -0.9 610.602552 
0.5 -0.85 894.362921 
0.55 -1 243.212993 
0.55 -0.95 459.486639 
0.55 -0.9 893.140705 
0.6 -1 408.690797 
0.6 -0.95 713.933216 
0.65 -1 629.215076 
