-3 -2 -0.000000 
-3 -1.9 0.000000 
-3 -1.8 0.000000 
-3 -1.7 0.000000 
-3 -1.6 0.000000 
-3 -1.5 0.000001 
-3 -1.4 0.000002 
-3 -1.3 0.000003 
-3 -1.2 0.000005 
-3 -1.1 0.000032 
-3 -1 0.000052 
-3 -0.9 0.000192 
-3 -0.8 0.000225 
-3 -0.7 0.000347 
-3 -0.6 0.000868 
-3 -0.5 0.006677 
-3 -0.4 0.029913 
-3 -0.3 0.111063 
-3 -0.2 0.326808 
-3 -0.1 0.566322 
-3 0 1.538025 
-3 0.1 2.726008 
-3 0.2 3.435297 
-3 0.3 3.922960 
-3 0.4 7.262154 
-3 0.5 11.810558 
-3 0.6 20.213256 
-3 0.7 38.752636 
-3 0.8 85.211762 
-3 0.9 287.224200 
-3 1 1701.852376 
-2.9 -2 -0.000000 
-2.9 -1.9 0.000000 
-2.9 -1.8 0.000000 
-2.9 -1.7 0.000000 
-2.9 -1.6 0.000000 
-2.9 -1.5 0.000001 
-2.9 -1.4 0.000002 
-2.9 -1.3 0.000003 
-2.9 -1.2 0.000005 
-2.9 -1.1 0.000032 
-2.9 -1 0.000052 
-2.9 -0.9 0.000192 
-2.9 -0.8 0.000226 
-2.9 -0.7 0.000347 
-2.9 -0.6 0.000869 
-2.9 -0.5 0.006684 
-2.9 -0.4 0.029945 
-2.9 -0.3 0.111183 
-2.9 -0.2 0.327160 
-2.9 -0.1 0.566933 
-2.9 0 1.539687 
-2.9 0.1 2.728955 
-2.9 0.2 3.439000 
-2.9 0.3 3.927179 
-2.9 0.4 7.269959 
-2.9 0.5 11.823242 
-2.9 0.6 20.234973 
-2.9 0.7 38.794695 
-2.9 0.8 85.308357 
-2.9 0.9 287.616346 
-2.9 1 1690.787703 
-2.8 -2 -0.000000 
-2.8 -1.9 0.000000 
-2.8 -1.8 0.000000 
-2.8 -1.7 0.000000 
-2.8 -1.6 0.000000 
-2.8 -1.5 0.000001 
-2.8 -1.4 0.000002 
-2.8 -1.3 0.000003 
-2.8 -1.2 0.000005 
-2.8 -1.1 0.000032 
-2.8 -1 0.000052 
-2.8 -0.9 0.000192 
-2.8 -0.8 0.000226 
-2.8 -0.7 0.000348 
-2.8 -0.6 0.000871 
-2.8 -0.5 0.006696 
-2.8 -0.4 0.029996 
-2.8 -0.3 0.111373 
-2.8 -0.2 0.327718 
-2.8 -0.1 0.567902 
-2.8 0 1.542323 
-2.8 0.1 2.733629 
-2.8 0.2 3.444872 
-2.8 0.3 3.933871 
-2.8 0.4 7.282338 
-2.8 0.5 11.843360 
-2.8 0.6 20.269415 
-2.8 0.7 38.861402 
-2.8 0.8 85.461576 
-2.8 0.9 288.238639 
-2.8 1 1673.161796 
-2.7 -2 -0.000000 
-2.7 -1.9 0.000000 
-2.7 -1.8 0.000000 
-2.7 -1.7 0.000000 
-2.7 -1.6 0.000000 
-2.7 -1.5 0.000001 
-2.7 -1.4 0.000002 
-2.7 -1.3 0.000003 
-2.7 -1.2 0.000005 
-2.7 -1.1 0.000032 
-2.7 -1 0.000052 
-2.7 -0.9 0.000193 
-2.7 -0.8 0.000227 
-2.7 -0.7 0.000349 
-2.7 -0.6 0.000873 
-2.7 -0.5 0.006714 
-2.7 -0.4 0.030077 
-2.7 -0.3 0.111674 
-2.7 -0.2 0.328605 
-2.7 -0.1 0.569440 
-2.7 0 1.546506 
-2.7 0.1 2.741046 
-2.7 0.2 3.454190 
-2.7 0.3 3.944489 
-2.7 0.4 7.301980 
-2.7 0.5 11.875280 
-2.7 0.6 20.324064 
-2.7 0.7 38.967248 
-2.7 0.8 85.704728 
-2.7 0.9 289.226882 
-2.7 1 1645.016213 
-2.6 -2 -0.000000 
-2.6 -1.9 0.000000 
-2.6 -1.8 0.000000 
-2.6 -1.7 0.000000 
-2.6 -1.6 0.000000 
-2.6 -1.5 0.000001 
-2.6 -1.4 0.000002 
-2.6 -1.3 0.000003 
-2.6 -1.2 0.000005 
-2.6 -1.1 0.000032 
-2.6 -1 0.000052 
-2.6 -0.9 0.000194 
-2.6 -0.8 0.000228 
-2.6 -0.7 0.000350 
-2.6 -0.6 0.000877 
-2.6 -0.5 0.006743 
-2.6 -0.4 0.030206 
-2.6 -0.3 0.112151 
-2.6 -0.2 0.330011 
-2.6 -0.1 0.571882 
-2.6 0 1.553146 
-2.6 0.1 2.752821 
-2.6 0.2 3.468983 
-2.6 0.3 3.961346 
-2.6 0.4 7.333164 
-2.6 0.5 11.925958 
-2.6 0.6 20.410830 
-2.6 0.7 39.135309 
-2.6 0.8 86.090891 
-2.6 0.9 290.798108 
-2.6 1 1599.940234 
-2.5 -2 -0.000000 
-2.5 -1.9 0.000000 
-2.5 -1.8 0.000000 
-2.5 -1.7 0.000000 
-2.5 -1.6 0.000000 
-2.5 -1.5 0.000001 
-2.5 -1.4 0.000002 
-2.5 -1.3 0.000003 
-2.5 -1.2 0.000005 
-2.5 -1.1 0.000032 
-2.5 -1 0.000052 
-2.5 -0.9 0.000195 
-2.5 -0.8 0.000229 
-2.5 -0.7 0.000353 
-2.5 -0.6 0.000883 
-2.5 -0.5 0.006788 
-2.5 -0.4 0.030410 
-2.5 -0.3 0.112911 
-2.5 -0.2 0.332247 
-2.5 -0.1 0.575762 
-2.5 0 1.563700 
-2.5 0.1 2.771535 
-2.5 0.2 3.492494 
-2.5 0.3 3.988137 
-2.5 0.4 7.382725 
-2.5 0.5 12.006502 
-2.5 0.6 20.548729 
-2.5 0.7 39.402438 
-2.5 0.8 86.704917 
-2.5 0.9 293.300851 
-2.5 1 1527.576024 
-2.4 -2 -0.000000 
-2.4 -1.9 0.000000 
-2.4 -1.8 0.000000 
-2.4 -1.7 0.000000 
-2.4 -1.6 0.000000 
-2.4 -1.5 0.000001 
-2.4 -1.4 0.000002 
-2.4 -1.3 0.000003 
-2.4 -1.2 0.000005 
-2.4 -1.1 0.000033 
-2.4 -1 0.000053 
-2.4 -0.9 0.000197 
-2.4 -0.8 0.000232 
-2.4 -0.7 0.000357 
-2.4 -0.6 0.000892 
-2.4 -0.5 0.006861 
-2.4 -0.4 0.030736 
-2.4 -0.3 0.114120 
-2.4 -0.2 0.335807 
-2.4 -0.1 0.581940 
-2.4 0 1.580501 
-2.4 0.1 2.801325 
-2.4 0.2 3.529920 
-2.4 0.3 4.030785 
-2.4 0.4 7.461619 
-2.4 0.5 12.134716 
-2.4 0.6 20.768252 
-2.4 0.7 39.827746 
-2.4 0.8 87.683104 
-2.4 0.9 297.299035 
-2.4 1 1411.643939 
-2.3 -2 -0.000000 
-2.3 -1.9 0.000000 
-2.3 -1.8 0.000000 
-2.3 -1.7 0.000000 
-2.3 -1.6 0.000000 
-2.3 -1.5 0.000001 
-2.3 -1.4 0.000002 
-2.3 -1.3 0.000003 
-2.3 -1.2 0.000005 
-2.3 -1.1 0.000033 
-2.3 -1 0.000054 
-2.3 -0.9 0.000200 
-2.3 -0.8 0.000236 
-2.3 -0.7 0.000363 
-2.3 -0.6 0.000907 
-2.3 -0.5 0.006977 
-2.3 -0.4 0.031255 
-2.3 -0.3 0.116049 
-2.3 -0.2 0.341487 
-2.3 -0.1 0.591798 
-2.3 0 1.607314 
-2.3 0.1 2.848867 
-2.3 0.2 3.589647 
-2.3 0.3 4.098845 
-2.3 0.4 7.587523 
-2.3 0.5 12.339332 
-2.3 0.6 21.118603 
-2.3 0.7 40.506681 
-2.3 0.8 89.246068 
-2.3 0.9 303.715746 
-2.3 1 1229.424627 
-2.2 -2 -0.000000 
-2.2 -1.9 0.000000 
-2.2 -1.8 0.000000 
-2.2 -1.7 0.000000 
-2.2 -1.6 0.000000 
-2.2 -1.5 0.000001 
-2.2 -1.4 0.000002 
-2.2 -1.3 0.000004 
-2.2 -1.2 0.000005 
-2.2 -1.1 0.000034 
-2.2 -1 0.000055 
-2.2 -0.9 0.000206 
-2.2 -0.8 0.000242 
-2.2 -0.7 0.000372 
-2.2 -0.6 0.000931 
-2.2 -0.5 0.007163 
-2.2 -0.4 0.032088 
-2.2 -0.3 0.119140 
-2.2 -0.2 0.350588 
-2.2 -0.1 0.607595 
-2.2 0 1.650274 
-2.2 0.1 2.925040 
-2.2 0.2 3.685341 
-2.2 0.3 4.207889 
-2.2 0.4 7.789241 
-2.2 0.5 12.667167 
-2.2 0.6 21.679977 
-2.2 0.7 41.594957 
-2.2 0.8 91.755058 
-2.2 0.9 314.089104 
-2.2 1 963.736168 
-2.1 -2 0.000000 
-2.1 -1.9 0.000000 
-2.1 -1.8 0.000000 
-2.1 -1.7 0.000000 
-2.1 -1.6 0.000000 
-2.1 -1.5 0.000001 
-2.1 -1.4 0.000002 
-2.1 -1.3 0.000004 
-2.1 -1.2 0.000005 
-2.1 -1.1 0.000036 
-2.1 -1 0.000058 
-2.1 -0.9 0.000214 
-2.1 -0.8 0.000252 
-2.1 -0.7 0.000388 
-2.1 -0.6 0.000970 
-2.1 -0.5 0.007463 
-2.1 -0.4 0.033429 
-2.1 -0.3 0.124122 
-2.1 -0.2 0.365258 
-2.1 -0.1 0.633061 
-2.1 0 1.719531 
-2.1 0.1 3.047835 
-2.1 0.2 3.839599 
-2.1 0.3 4.383665 
-2.1 0.4 8.114404 
-2.1 0.5 13.195649 
-2.1 0.6 22.585039 
-2.1 0.7 43.350539 
-2.1 0.8 95.811978 
-2.1 0.9 331.051448 
-2.1 1 665.144068 
-2 -2 0.000000 
-2 -1.9 0.000000 
-2 -1.8 0.000000 
-2 -1.7 0.000000 
-2 -1.6 0.000000 
-2 -1.5 0.000001 
-2 -1.4 0.000002 
-2 -1.3 0.000004 
-2 -1.2 0.000005 
-2 -1.1 0.000038 
-2 -1 0.000061 
-2 -0.9 0.000228 
-2 -0.8 0.000268 
-2 -0.7 0.000413 
-2 -0.6 0.001034 
-2 -0.5 0.007950 
-2 -0.4 0.035612 
-2 -0.3 0.132229 
-2 -0.2 0.389129 
-2 -0.1 0.674502 
-2 0 1.832233 
-2 0.1 3.247650 
-2 0.2 4.090598 
-2 0.3 4.669667 
-2 0.4 8.643473 
-2 0.5 14.055590 
-2 0.6 24.058026 
-2 0.7 46.210436 
-2 0.8 102.445463 
-2 0.9 359.287738 
-2 1 572.672142 
-1.9 -2 0.000000 
-1.9 -1.9 0.000000 
-1.9 -1.8 0.000000 
-1.9 -1.7 0.000000 
-1.9 -1.6 0.000000 
-1.9 -1.5 0.000001 
-1.9 -1.4 0.000002 
-1.9 -1.3 0.000004 
-1.9 -1.2 0.000006 
-1.9 -1.1 0.000042 
-1.9 -1 0.000068 
-1.9 -0.9 0.000252 
-1.9 -0.8 0.000295 
-1.9 -0.7 0.000455 
-1.9 -0.6 0.001139 
-1.9 -0.5 0.008755 
-1.9 -0.4 0.039214 
-1.9 -0.3 0.145605 
-1.9 -0.2 0.428519 
-1.9 -0.1 0.742897 
-1.9 0 2.018234 
-1.9 0.1 3.577391 
-1.9 0.2 4.504769 
-1.9 0.3 5.141580 
-1.9 0.4 9.516451 
-1.9 0.5 15.474666 
-1.9 0.6 26.489508 
-1.9 0.7 50.938396 
-1.9 0.8 113.477160 
-1.9 0.9 407.613100 
-1.8 -2 0.000000 
-1.8 -1.9 0.000000 
-1.8 -1.8 0.000000 
-1.8 -1.7 0.000000 
-1.8 -1.6 0.000000 
-1.8 -1.5 0.000001 
-1.8 -1.4 0.000002 
-1.8 -1.3 0.000005 
-1.8 -1.2 0.000007 
-1.8 -1.1 0.000048 
-1.8 -1 0.000078 
-1.8 -0.9 0.000291 
-1.8 -0.8 0.000341 
-1.8 -0.7 0.000525 
-1.8 -0.6 0.001315 
-1.8 -0.5 0.010110 
-1.8 -0.4 0.045280 
-1.8 -0.3 0.168133 
-1.8 -0.2 0.494858 
-1.8 -0.1 0.858121 
-1.8 0 2.331566 
-1.8 0.1 4.132788 
-1.8 0.2 5.202296 
-1.8 0.3 5.936294 
-1.8 0.4 10.986589 
-1.8 0.5 17.864879 
-1.8 0.6 30.587038 
-1.8 0.7 58.925092 
-1.8 0.8 132.290227 
-1.8 0.9 493.925980 
-1.7 -2 0.000000 
-1.7 -1.9 0.000000 
-1.7 -1.8 0.000000 
-1.7 -1.7 0.000000 
-1.7 -1.6 0.000000 
-1.7 -1.5 0.000002 
-1.7 -1.4 0.000003 
-1.7 -1.3 0.000006 
-1.7 -1.2 0.000009 
-1.7 -1.1 0.000060 
-1.7 -1 0.000096 
-1.7 -0.9 0.000358 
-1.7 -0.8 0.000420 
-1.7 -0.7 0.000647 
-1.7 -0.6 0.001622 
-1.7 -0.5 0.012458 
-1.7 -0.4 0.055791 
-1.7 -0.3 0.207172 
-1.7 -0.2 0.609827 
-1.7 -0.1 1.057892 
-1.7 0 2.874759 
-1.7 0.1 5.095409 
-1.7 0.2 6.411063 
-1.7 0.3 7.313313 
-1.7 0.4 13.534027 
-1.7 0.5 22.007833 
-1.7 0.6 37.695223 
-1.7 0.7 72.833473 
-1.7 0.8 165.556103 
-1.7 0.9 658.394808 
-1.6 -2 0.000000 
-1.6 -1.9 0.000000 
-1.6 -1.8 0.000000 
-1.6 -1.7 0.000000 
-1.6 -1.6 0.000000 
-1.6 -1.5 0.000002 
-1.6 -1.4 0.000004 
-1.6 -1.3 0.000008 
-1.6 -1.2 0.000011 
-1.6 -1.1 0.000080 
-1.6 -1 0.000129 
-1.6 -0.9 0.000480 
-1.6 -0.8 0.000563 
-1.6 -0.7 0.000868 
-1.6 -0.6 0.002174 
-1.6 -0.5 0.016683 
-1.6 -0.4 0.074703 
-1.6 -0.3 0.277420 
-1.6 -0.2 0.816736 
-1.6 -0.1 1.417640 
-1.6 0 3.852795 
-1.6 0.1 6.827972 
-1.6 0.2 8.586209 
-1.6 0.3 9.790695 
-1.6 0.4 18.117550 
-1.6 0.5 29.465840 
-1.6 0.6 50.508882 
-1.6 0.7 98.061599 
-1.6 0.8 227.405373 
-1.6 0.9 1003.047657 
-1.5 -2 0.000000 
-1.5 -1.9 0.000000 
-1.5 -1.8 0.000000 
-1.5 -1.7 0.000000 
-1.5 -1.6 0.000001 
-1.5 -1.5 0.000004 
-1.5 -1.4 0.000006 
-1.5 -1.3 0.000012 
-1.5 -1.2 0.000017 
-1.5 -1.1 0.000118 
-1.5 -1 0.000191 
-1.5 -0.9 0.000708 
-1.5 -0.8 0.000832 
-1.5 -0.7 0.001284 
-1.5 -0.6 0.003215 
-1.5 -0.5 0.024646 
-1.5 -0.4 0.110339 
-1.5 -0.3 0.409800 
-1.5 -0.2 1.206744 
-1.5 -0.1 2.096328 
-1.5 0 5.697445 
-1.5 0.1 10.093627 
-1.5 0.2 12.685083 
-1.5 0.3 14.457372 
-1.5 0.4 26.753466 
-1.5 0.5 43.529426 
-1.5 0.6 74.727153 
-1.5 0.7 146.223588 
-1.5 0.8 350.329643 
-1.5 0.9 1816.584379 
-1.4 -2 0.000000 
-1.4 -1.9 0.000000 
-1.4 -1.8 0.000000 
-1.4 -1.7 0.000001 
-1.4 -1.6 0.000001 
-1.4 -1.5 0.000006 
-1.4 -1.4 0.000010 
-1.4 -1.3 0.000020 
-1.4 -1.2 0.000028 
-1.4 -1.1 0.000194 
-1.4 -1 0.000313 
-1.4 -0.9 0.001161 
-1.4 -0.8 0.001367 
-1.4 -0.7 0.002113 
-1.4 -0.6 0.005285 
-1.4 -0.5 0.040441 
-1.4 -0.4 0.181045 
-1.4 -0.3 0.672489 
-1.4 -0.2 1.980971 
-1.4 -0.1 3.445305 
-1.4 0 9.362310 
-1.4 0.1 16.574707 
-1.4 0.2 20.817659 
-1.4 0.3 23.710547 
-1.4 0.4 43.884113 
-1.4 0.5 71.465354 
-1.4 0.6 123.015980 
-1.4 0.7 243.819798 
-1.4 0.8 616.380240 
-1.4 0.9 3471.553046 
-1.3 -2 0.000000 
-1.3 -1.9 0.000000 
-1.3 -1.8 0.000001 
-1.3 -1.7 0.000001 
-1.3 -1.6 0.000002 
-1.3 -1.5 0.000010 
-1.3 -1.4 0.000018 
-1.3 -1.3 0.000036 
-1.3 -1.2 0.000050 
-1.3 -1.1 0.000352 
-1.3 -1 0.000569 
-1.3 -0.9 0.002105 
-1.3 -0.8 0.002491 
-1.3 -0.7 0.003857 
-1.3 -0.6 0.009617 
-1.3 -0.5 0.073443 
-1.3 -0.4 0.328863 
-1.3 -0.3 1.221721 
-1.3 -0.2 3.600839 
-1.3 -0.1 6.272735 
-1.3 0 17.038135 
-1.3 0.1 30.124561 
-1.3 0.2 37.815741 
-1.3 0.3 43.029417 
-1.3 0.4 79.675342 
-1.3 0.5 129.961885 
-1.3 0.6 224.747207 
-1.3 0.7 454.843815 
-1.3 0.8 1255.469207 
-1.2 -2 0.000000 
-1.2 -1.9 0.000000 
-1.2 -1.8 0.000001 
-1.2 -1.7 0.000002 
-1.2 -1.6 0.000004 
-1.2 -1.5 0.000021 
-1.2 -1.4 0.000035 
-1.2 -1.3 0.000072 
-1.2 -1.2 0.000100 
-1.2 -1.1 0.000697 
-1.2 -1 0.001129 
-1.2 -0.9 0.004164 
-1.2 -0.8 0.004974 
-1.2 -0.7 0.007712 
-1.2 -0.6 0.019126 
-1.2 -0.5 0.145728 
-1.2 -0.4 0.653033 
-1.2 -0.3 2.426303 
-1.2 -0.2 7.157514 
-1.2 -0.1 12.497159 
-1.2 0 33.915071 
-1.2 0.1 59.827625 
-1.2 0.2 75.067716 
-1.2 0.3 85.287838 
-1.2 0.4 158.049622 
-1.2 0.5 258.492328 
-1.2 0.6 450.415875 
-1.2 0.7 942.509980 
-1.2 0.8 2946.697895 
-1.1 -2 0.000000 
-1.1 -1.9 0.000001 
-1.1 -1.8 0.000003 
-1.1 -1.7 0.000005 
-1.1 -1.6 0.000008 
-1.1 -1.5 0.000044 
-1.1 -1.4 0.000075 
-1.1 -1.3 0.000155 
-1.1 -1.2 0.000212 
-1.1 -1.1 0.001482 
-1.1 -1 0.002408 
-1.1 -0.9 0.008823 
-1.1 -0.8 0.010706 
-1.1 -0.7 0.016616 
-1.1 -0.6 0.040830 
-1.1 -0.5 0.310336 
-1.1 -0.4 1.392917 
-1.1 -0.3 5.175770 
-1.1 -0.2 15.290181 
-1.1 -0.1 26.786447 
-1.1 0 72.577961 
-1.1 0.1 127.532157 
-1.1 0.2 159.951858 
-1.1 0.3 181.272301 
-1.1 0.4 336.296211 
-1.1 0.5 552.240547 
-1.1 0.6 973.539285 
-1.1 0.7 2142.063781 
-1.1 0.8 5972.849609 
-1 -2 0.000000 
-1 -1.9 0.000001 
-1 -1.8 0.000007 
-1 -1.7 0.000012 
-1 -1.6 0.000018 
-1 -1.5 0.000099 
-1 -1.4 0.000168 
-1 -1.3 0.000350 
-1 -1.2 0.000475 
-1 -1.1 0.003315 
-1 -1 0.005417 
-1 -0.9 0.019639 
-1 -0.8 0.024437 
-1 -0.7 0.037963 
-1 -0.6 0.091889 
-1 -0.5 0.696325 
-1 -0.4 3.134741 
-1 -0.3 11.648439 
-1 -0.2 34.489676 
-1 -0.1 60.726508 
-1 0 164.080377 
-1 0.1 286.401050 
-1 0.2 359.029966 
-1 0.3 405.155421 
-1 0.4 752.373676 
-1 0.5 1242.164762 
-1 0.6 2225.239406 
-1 0.7 5171.019513 
-0.9 -2 0.000001 
-0.9 -1.9 0.000003 
-0.9 -1.8 0.000016 
-0.9 -1.7 0.000028 
-0.9 -1.6 0.000043 
-0.9 -1.5 0.000231 
-0.9 -1.4 0.000388 
-0.9 -1.3 0.000821 
-0.9 -1.2 0.001105 
-0.9 -1.1 0.007672 
-0.9 -1 0.012647 
-0.9 -0.9 0.045094 
-0.9 -0.8 0.058407 
-0.9 -0.7 0.090826 
-0.9 -0.6 0.214674 
-0.9 -0.5 1.619763 
-0.9 -0.4 7.330007 
-0.9 -0.3 27.235785 
-0.9 -0.2 80.926952 
-0.9 -0.1 143.594962 
-0.9 0 386.080849 
-0.9 0.1 666.141028 
-0.9 0.2 834.356833 
-0.9 0.3 934.690543 
-0.9 0.4 1734.273808 
-0.9 0.5 2878.868759 
-0.9 0.6 5237.598836 
-0.9 0.7 11160.292881 
-0.8 -2 0.000003 
-0.8 -1.9 0.000007 
-0.8 -1.8 0.000039 
-0.8 -1.7 0.000068 
-0.8 -1.6 0.000104 
-0.8 -1.5 0.000548 
-0.8 -1.4 0.000915 
-0.8 -1.3 0.001987 
-0.8 -1.2 0.002633 
-0.8 -1.1 0.018106 
-0.8 -1 0.030274 
-0.8 -0.9 0.105098 
-0.8 -0.8 0.145028 
-0.8 -0.7 0.225836 
-0.8 -0.6 0.514695 
-0.8 -0.5 3.855130 
-0.8 -0.4 17.602677 
-0.8 -0.3 65.384097 
-0.8 -0.2 195.326115 
-0.8 -0.1 350.755366 
-0.8 0 934.677682 
-0.8 0.1 1579.779173 
-0.8 0.2 1974.755017 
-0.8 0.3 2184.850256 
-0.8 0.4 4022.873049 
-0.8 0.5 6677.089973 
-0.8 0.6 12002.013976 
-0.8 0.7 15865.388746 
-0.7 -2 0.000006 
-0.7 -1.9 0.000018 
-0.7 -1.8 0.000094 
-0.7 -1.7 0.000173 
-0.7 -1.6 0.000256 
-0.7 -1.5 0.001312 
-0.7 -1.4 0.002178 
-0.7 -1.3 0.004916 
-0.7 -1.2 0.006400 
-0.7 -1.1 0.043014 
-0.7 -1 0.073600 
-0.7 -0.9 0.244655 
-0.7 -0.8 0.372885 
-0.7 -0.7 0.581709 
-0.7 -0.6 1.257228 
-0.7 -0.5 9.286720 
-0.7 -0.4 43.067260 
-0.7 -0.3 159.809505 
-0.7 -0.2 481.220362 
-0.7 -0.1 880.295465 
-0.7 0 2306.770356 
-0.7 0.1 3754.862328 
-0.7 0.2 4666.487355 
-0.7 0.3 5061.504224 
-0.7 0.4 9051.341790 
-0.7 0.5 14682.965633 
-0.7 0.6 23708.729604 
-0.6 -2 0.000015 
-0.6 -1.9 0.000046 
-0.6 -1.8 0.000230 
-0.6 -1.7 0.000447 
-0.6 -1.6 0.000641 
-0.6 -1.5 0.003131 
-0.6 -1.4 0.005198 
-0.6 -1.3 0.012382 
-0.6 -1.2 0.015935 
-0.6 -1.1 0.101421 
-0.6 -1 0.180282 
-0.6 -0.9 0.557864 
-0.6 -0.8 0.992685 
-0.6 -0.7 1.548268 
-0.6 -0.6 3.120284 
-0.6 -0.5 22.408481 
-0.6 -0.4 106.831472 
-0.6 -0.3 395.268130 
-0.6 -0.2 1203.639936 
-0.6 -0.1 2265.050870 
-0.6 0 5746.533267 
-0.6 0.1 8727.732132 
-0.6 0.2 10619.268603 
-0.6 0.3 11254.623349 
-0.6 0.4 18328.066923 
-0.6 0.5 27552.872557 
-0.6 0.6 44735.013584 
-0.5 -2 0.000033 
-0.5 -1.9 0.000118 
-0.5 -1.8 0.000557 
-0.5 -1.7 0.001185 
-0.5 -1.6 0.001648 
-0.5 -1.5 0.007332 
-0.5 -1.4 0.012441 
-0.5 -1.3 0.031688 
-0.5 -1.2 0.041625 
-0.5 -1.1 0.232478 
-0.5 -1 0.441603 
-0.5 -0.9 1.210053 
-0.5 -0.8 2.734939 
-0.5 -0.7 4.198752 
-0.5 -0.6 7.891357 
-0.5 -0.5 53.470820 
-0.5 -0.4 268.092586 
-0.5 -0.3 983.776171 
-0.5 -0.2 3039.054952 
-0.5 -0.1 5964.717045 
-0.5 0 14210.284320 
-0.5 0.1 19092.176866 
-0.5 0.2 21219.257753 
-0.5 0.3 22820.072590 
-0.5 0.4 28524.393262 
-0.5 0.5 42746.227168 
-0.4 -2 0.000073 
-0.4 -1.9 0.000297 
-0.4 -1.8 0.001298 
-0.4 -1.7 0.003181 
-0.4 -1.6 0.004423 
-0.4 -1.5 0.016387 
-0.4 -1.4 0.030360 
-0.4 -1.3 0.082275 
-0.4 -1.2 0.119781 
-0.4 -1.1 0.499074 
-0.4 -1 1.076707 
-0.4 -0.9 2.379570 
-0.4 -0.8 7.728649 
-0.4 -0.7 10.931213 
-0.4 -0.6 20.567181 
-0.4 -0.5 123.999021 
-0.4 -0.4 680.248664 
-0.4 -0.3 2441.226760 
-0.4 -0.2 7649.144924 
-0.4 -0.1 15913.499024 
-0.4 0 33698.530347 
-0.4 0.1 37197.769651 
-0.4 0.2 31787.314945 
-0.4 0.3 38402.597849 
-0.4 0.4 33738.453109 
-0.4 0.5 107296.802817 
-0.3 -2 0.000164 
-0.3 -1.9 0.000721 
-0.3 -1.8 0.002734 
-0.3 -1.7 0.008375 
-0.3 -1.6 0.012555 
-0.3 -1.5 0.033631 
-0.3 -1.4 0.076909 
-0.3 -1.3 0.217114 
-0.3 -1.2 0.390332 
-0.3 -1.1 0.937714 
-0.3 -1 2.643574 
-0.3 -0.9 4.015045 
-0.3 -0.8 21.616034 
-0.3 -0.7 22.915787 
-0.3 -0.6 57.567785 
-0.3 -0.5 278.864062 
-0.3 -0.4 1733.785880 
-0.3 -0.3 5924.659411 
-0.3 -0.2 18513.049313 
-0.3 -0.1 41152.430533 
-0.3 0 71328.289778 
-0.3 0.1 56073.969610 
-0.3 0.2 42989.106568 
-0.3 0.3 47200.134562 
-0.3 0.4 92930.571470 
-0.2 -2 0.000524 
-0.2 -1.9 0.001744 
-0.2 -1.8 0.004563 
-0.2 -1.7 0.019797 
-0.2 -1.6 0.035554 
-0.2 -1.5 0.064826 
-0.2 -1.4 0.181190 
-0.2 -1.3 0.581242 
-0.2 -1.2 1.277545 
-0.2 -1.1 1.478300 
-0.2 -1 6.560002 
-0.2 -0.9 6.891675 
-0.2 -0.8 52.085507 
-0.2 -0.7 38.191818 
-0.2 -0.6 202.018253 
-0.2 -0.5 701.846042 
-0.2 -0.4 4221.773246 
-0.2 -0.3 13793.672179 
-0.2 -0.2 39786.792040 
-0.2 -0.1 90712.875887 
-0.2 0 112926.072264 
-0.2 0.1 72550.906134 
-0.2 0.2 63087.312620 
-0.2 0.3 71168.512382 
-0.2 0.4 262615.412565 
-0.1 -2 0.002084 
-0.1 -1.9 0.005493 
-0.1 -1.8 0.008055 
-0.1 -1.7 0.036303 
-0.1 -1.6 0.077264 
-0.1 -1.5 0.187162 
-0.1 -1.4 0.455832 
-0.1 -1.3 1.468900 
-0.1 -1.2 3.120223 
-0.1 -1.1 3.244015 
-0.1 -1 12.620203 
-0.1 -0.9 23.749054 
-0.1 -0.8 59.930240 
-0.1 -0.7 212.187291 
-0.1 -0.6 719.787205 
-0.1 -0.5 2274.115828 
-0.1 -0.4 9555.692718 
-0.1 -0.3 28086.438435 
-0.1 -0.2 70734.176738 
-0.1 -0.1 127176.246932 
-0.1 0 132532.588876 
-0.1 0.1 85195.434127 
-0.1 0.2 87503.796362 
-0.1 0.3 183370.222003 
0 -2 0.007001 
0 -1.9 0.014401 
0 -1.8 0.048728 
0 -1.7 0.047440 
0 -1.6 0.123992 
0 -1.5 0.498517 
0 -1.4 1.893898 
0 -1.3 2.874848 
0 -1.2 6.729883 
0 -1.1 24.583999 
0 -1 29.578781 
0 -0.9 132.713361 
0 -0.8 106.114729 
0 -0.7 329.462974 
0 -0.6 1404.768664 
0 -0.5 5140.396260 
0 -0.4 16828.769835 
0 -0.3 53617.425067 
0 -0.2 79784.761216 
0 -0.1 115146.160326 
0 0 107504.316587 
0 0.1 98734.791400 
0 0.2 142287.117222 
0 0.3 481208.796809 
0.1 -2 0.022632 
0.1 -1.9 0.021048 
0.1 -1.8 0.138341 
0.1 -1.7 0.368635 
0.1 -1.6 0.352837 
0.1 -1.5 0.827282 
0.1 -1.4 6.919780 
0.1 -1.3 6.722140 
0.1 -1.2 10.915638 
0.1 -1.1 51.800629 
0.1 -1 221.450500 
0.1 -0.9 388.090829 
0.1 -0.8 644.584405 
0.1 -0.7 1039.406615 
0.1 -0.6 3019.169103 
0.1 -0.5 10602.009247 
0.1 -0.4 30229.128939 
0.1 -0.3 63863.629681 
0.1 -0.2 68340.226742 
0.1 -0.1 102103.825120 
0.1 0 95525.191595 
0.1 0.1 147428.677482 
0.1 0.2 358782.214032 
0.2 -2 0.018284 
0.2 -1.9 0.045098 
0.2 -1.8 0.119102 
0.2 -1.7 0.182870 
0.2 -1.6 1.042287 
0.2 -1.5 2.757461 
0.2 -1.4 8.090793 
0.2 -1.3 15.554269 
0.2 -1.2 67.622898 
0.2 -1.1 120.361672 
0.2 -1 169.341257 
0.2 -0.9 452.139834 
0.2 -0.8 1022.618291 
0.2 -0.7 3074.397755 
0.2 -0.6 3734.900115 
0.2 -0.5 10490.687165 
0.2 -0.4 45723.780659 
0.2 -0.3 57637.132301 
0.2 -0.2 85040.255788 
0.2 -0.1 100700.181135 
0.2 0 138604.379423 
0.2 0.1 324977.208180 
0.2 0.2 684289.744426 
0.3 -2 0.125761 
0.3 -1.9 0.187693 
0.3 -1.8 0.949384 
0.3 -1.7 0.804193 
0.3 -1.6 1.534229 
0.3 -1.5 10.498996 
0.3 -1.4 19.561368 
0.3 -1.3 41.143985 
0.3 -1.2 124.057381 
0.3 -1.1 193.950252 
0.3 -1 495.725515 
0.3 -0.9 635.541109 
0.3 -0.8 4892.911798 
0.3 -0.7 3549.009383 
0.3 -0.6 10289.706917 
0.3 -0.5 58984.887251 
0.3 -0.4 27085.647738 
0.3 -0.3 32848.524508 
0.3 -0.2 75385.125587 
0.3 -0.1 84557.575511 
0.3 0 211539.457646 
0.3 0.1 589002.497763 
0.4 -2 0.341284 
0.4 -1.9 0.299458 
0.4 -1.8 0.911434 
0.4 -1.7 4.984634 
0.4 -1.6 3.883124 
0.4 -1.5 23.481503 
0.4 -1.4 75.409241 
0.4 -1.3 90.814932 
0.4 -1.2 283.117167 
0.4 -1.1 395.738661 
0.4 -1 1968.308540 
0.4 -0.9 4371.065333 
0.4 -0.8 4628.943899 
0.4 -0.7 19210.376203 
0.4 -0.6 28297.024460 
0.4 -0.5 21920.116564 
0.4 -0.4 43042.968046 
0.4 -0.3 94621.534936 
0.4 -0.2 138110.316916 
0.4 -0.1 197331.104617 
0.4 0 399469.198348 
0.4 0.1 635600.061369 
0.5 -2 0.501679 
0.5 -1.9 0.573017 
0.5 -1.8 3.513248 
0.5 -1.7 5.733669 
0.5 -1.6 19.681133 
0.5 -1.5 44.128868 
0.5 -1.4 78.771399 
0.5 -1.3 215.598362 
0.5 -1.2 419.702744 
0.5 -1.1 794.038916 
0.5 -1 6105.960431 
0.5 -0.9 7379.090748 
0.5 -0.8 25894.665579 
0.5 -0.7 23455.666895 
0.5 -0.6 25510.007299 
0.5 -0.5 25816.698660 
0.5 -0.4 47964.053478 
0.5 -0.3 57954.111162 
0.5 -0.2 170908.673259 
0.5 -0.1 447030.459744 
0.5 0 760995.049029 
0.6 -2 1.570435 
0.6 -1.9 3.409892 
0.6 -1.8 3.724135 
0.6 -1.7 21.195264 
0.6 -1.6 31.584249 
0.6 -1.5 116.952547 
0.6 -1.4 203.946623 
0.6 -1.3 905.879731 
0.6 -1.2 1948.217307 
0.6 -1.1 3472.295737 
0.6 -1 12133.767904 
0.6 -0.9 20128.868114 
0.6 -0.8 28115.334912 
0.6 -0.7 63551.770286 
0.6 -0.6 26562.019455 
0.6 -0.5 128519.417108 
0.6 -0.4 100102.754374 
0.6 -0.3 231196.671306 
0.6 -0.2 448691.963456 
0.6 -0.1 776019.150143 
0.6 0 887410.379944 
0.7 -2 2.134865 
0.7 -1.9 11.370176 
0.7 -1.8 17.169337 
0.7 -1.7 42.305874 
0.7 -1.6 77.481191 
0.7 -1.5 306.519776 
0.7 -1.4 404.550818 
0.7 -1.3 1563.440960 
0.7 -1.2 2880.302142 
0.7 -1.1 5562.386882 
0.7 -1 20899.722056 
0.7 -0.9 29903.250470 
0.7 -0.8 42194.025735 
0.7 -0.7 26639.266862 
0.7 -0.6 65772.293011 
0.7 -0.5 73651.867614 
0.7 -0.4 156120.415583 
0.7 -0.3 449152.026213 
0.7 -0.2 551343.255264 
0.7 -0.1 1190361.115304 
0.8 -2 9.477533 
0.8 -1.9 18.737620 
0.8 -1.8 39.009996 
0.8 -1.7 80.155372 
0.8 -1.6 180.031105 
0.8 -1.5 993.083636 
0.8 -1.4 1589.735572 
0.8 -1.3 3614.668114 
0.8 -1.2 7996.770481 
0.8 -1.1 14079.364769 
0.8 -1 52651.353578 
0.8 -0.9 71162.743028 
0.8 -0.8 52369.359571 
0.8 -0.7 51236.694359 
0.8 -0.6 85140.498635 
0.8 -0.5 204842.884998 
0.8 -0.4 544528.101954 
0.8 -0.3 613978.007640 
0.8 -0.2 895340.457260 
0.8 -0.1 1519637.903839 
0.9 -2 13.759577 
0.9 -1.9 42.304592 
0.9 -1.8 133.954378 
0.9 -1.7 292.423087 
0.9 -1.6 356.923915 
0.9 -1.5 1886.199896 
0.9 -1.4 7976.137305 
0.9 -1.3 9084.083762 
0.9 -1.2 27908.150876 
0.9 -1.1 25318.901440 
0.9 -1 21581.482874 
0.9 -0.9 56877.751703 
0.9 -0.8 80680.684316 
0.9 -0.7 116511.858022 
0.9 -0.6 256381.437127 
0.9 -0.5 426314.640145 
0.9 -0.4 393166.989467 
0.9 -0.3 889463.581097 
0.9 -0.2 1552870.136805 
1 -2 16.980346 
1 -1.9 167.636807 
1 -1.8 432.159680 
1 -1.7 525.059552 
1 -1.6 1821.366315 
1 -1.5 6431.847868 
1 -1.4 4843.234831 
1 -1.3 12094.899268 
1 -1.2 10367.075633 
1 -1.1 48762.022508 
1 -1 42822.649113 
1 -0.9 56027.889704 
1 -0.8 129825.931273 
1 -0.7 204489.905197 
1 -0.6 394055.173565 
1 -0.5 517766.676513 
1 -0.4 1199392.268129 
1 -0.3 1314869.556636 
1 -0.2 2315331.478903 
1.1 -2 78.865054 
1.1 -1.9 249.515269 
1.1 -1.8 954.491040 
1.1 -1.7 1077.856480 
1.1 -1.6 2054.743668 
1.1 -1.5 14108.543846 
1.1 -1.4 6263.854881 
1.1 -1.3 27536.324361 
1.1 -1.2 41086.986955 
1.1 -1.1 70883.581830 
1.1 -1 65787.090264 
1.1 -0.9 98790.312589 
1.1 -0.8 195187.262488 
1.1 -0.7 457867.724623 
1.1 -0.6 595619.667965 
1.1 -0.5 953891.183843 
1.1 -0.4 1441555.311449 
1.1 -0.3 1927946.273076 
1.2 -2 184.151533 
1.2 -1.9 627.025748 
1.2 -1.8 953.113784 
1.2 -1.7 3372.603820 
1.2 -1.6 6353.852284 
1.2 -1.5 13487.675520 
1.2 -1.4 24836.359336 
1.2 -1.3 34452.023460 
1.2 -1.2 81832.975944 
1.2 -1.1 73961.564748 
1.2 -1 100137.211759 
1.2 -0.9 150370.857546 
1.2 -0.8 282583.900258 
1.2 -0.7 741028.980829 
1.2 -0.6 852744.016822 
1.2 -0.5 1468027.136582 
1.2 -0.4 1805888.260260 
1.2 -0.3 3159813.360488 
1.3 -2 607.266626 
1.3 -1.9 2030.256351 
1.3 -1.8 3267.632530 
1.3 -1.7 13758.549422 
1.3 -1.6 23442.391870 
1.3 -1.5 11600.048975 
1.3 -1.4 29697.303084 
1.3 -1.3 61756.409093 
1.3 -1.2 50690.620799 
1.3 -1.1 94863.330383 
1.3 -1 122457.299767 
1.3 -0.9 363735.777329 
1.3 -0.8 661549.649792 
1.3 -0.7 997032.560886 
1.3 -0.6 1558093.323248 
1.3 -0.5 1842908.767800 
1.3 -0.4 2490317.804932 
1.4 -2 938.072252 
1.4 -1.9 6432.726838 
1.4 -1.8 5483.056525 
1.4 -1.7 24455.672403 
1.4 -1.6 19605.814527 
1.4 -1.5 18809.779557 
1.4 -1.4 36266.128486 
1.4 -1.3 54648.484644 
1.4 -1.2 96982.914911 
1.4 -1.1 156235.536968 
1.4 -1 380641.882083 
1.4 -0.9 370126.925148 
1.4 -0.8 871669.097769 
1.4 -0.7 1219030.495627 
1.4 -0.6 1437606.730164 
1.4 -0.5 2411753.984531 
1.4 -0.4 2755960.903607 
1.5 -2 2570.971314 
1.5 -1.9 9176.697190 
1.5 -1.8 17610.468668 
1.5 -1.7 43891.384474 
1.5 -1.6 27126.632240 
1.5 -1.5 31658.410071 
1.5 -1.4 40274.416702 
1.5 -1.3 136366.668842 
1.5 -1.2 182710.127470 
1.5 -1.1 276111.734717 
1.5 -1 598825.269272 
1.5 -0.9 1048548.555973 
1.5 -0.8 1234861.267646 
1.5 -0.7 1876342.010621 
1.5 -0.6 2355432.188163 
1.5 -0.5 2834641.247107 
1.6 -2 5532.134556 
1.6 -1.9 22674.864149 
1.6 -1.8 23350.734012 
1.6 -1.7 59724.857376 
1.6 -1.6 94038.635230 
1.6 -1.5 61297.884421 
1.6 -1.4 116386.412164 
1.6 -1.3 150374.170336 
1.6 -1.2 360934.120945 
1.6 -1.1 610242.688402 
1.6 -1 1044664.778810 
1.6 -0.9 1409861.870332 
1.6 -0.8 1876835.218643 
1.6 -0.7 2417376.967342 
1.6 -0.6 2830984.394071 
1.6 -0.5 3740430.173041 
1.7 -2 9077.613377 
1.7 -1.9 87001.674920 
1.7 -1.8 46742.452349 
1.7 -1.7 64402.410614 
1.7 -1.6 59508.415034 
1.7 -1.5 97200.286601 
1.7 -1.4 196731.460786 
1.7 -1.3 359013.865535 
1.7 -1.2 595595.972869 
1.7 -1.1 1053057.147375 
1.7 -1 1432354.867889 
1.7 -0.9 1769973.518964 
1.7 -0.8 2133798.658062 
1.7 -0.7 2835172.186344 
1.7 -0.6 3536620.484895 
1.8 -2 30127.214152 
1.8 -1.9 71943.206393 
1.8 -1.8 30500.667127 
1.8 -1.7 47482.729354 
1.8 -1.6 122899.711779 
1.8 -1.5 186557.724280 
1.8 -1.4 258239.085415 
1.8 -1.3 653980.263369 
1.8 -1.2 1098492.297560 
1.8 -1.1 1274041.470497 
1.8 -1 1807874.238397 
1.8 -0.9 2386885.480697 
1.8 -0.8 2713548.386400 
1.8 -0.7 3313912.488265 
1.8 -0.6 4099989.568658 
1.9 -2 17939.515224 
1.9 -1.9 32338.719998 
1.9 -1.8 114981.400259 
1.9 -1.7 162063.048695 
1.9 -1.6 341983.789724 
1.9 -1.5 321391.895591 
1.9 -1.4 504166.659342 
1.9 -1.3 892162.752601 
1.9 -1.2 1401732.656759 
1.9 -1.1 1521924.838491 
1.9 -1 2150708.708296 
1.9 -0.9 2711435.435505 
1.9 -0.8 3323754.103442 
1.9 -0.7 3938290.351034 
2 -2 42088.100840 
2 -1.9 110081.891435 
2 -1.8 86794.690953 
2 -1.7 188294.609754 
2 -1.6 437911.478969 
2 -1.5 737282.148728 
2 -1.4 882617.711530 
2 -1.3 1354367.105229 
2 -1.2 1740939.366518 
2 -1.1 2298339.702346 
2 -1 2870120.124512 
2 -0.9 3339662.681171 
2 -0.8 4108972.359756 
2 -0.7 4575330.331625 
