-3 -1 14.958396 
-3 -0.95 14.956729 
-3 -0.9 14.957401 
-3 -0.85 14.942053 
-3 -0.8 14.931657 
-3 -0.75 14.980742 
-3 -0.7 15.047921 
-3 -0.65 15.039081 
-3 -0.6 14.916098 
-3 -0.55 14.706105 
-3 -0.5 14.548228 
-3 -0.45 14.643569 
-3 -0.4 14.872082 
-3 -0.35 15.013836 
-3 -0.3 15.074708 
-3 -0.25 15.067771 
-3 -0.2 15.058236 
-3 -0.15 15.166609 
-3 -0.1 15.288336 
-3 -0.05 15.305346 
-3 0 15.356707 
-3 0.05 15.459197 
-3 0.1 15.514632 
-3 0.15 15.622214 
-3 0.2 15.726210 
-3 0.25 15.839655 
-3 0.3 16.024778 
-3 0.35 16.227060 
-3 0.4 16.475913 
-3 0.45 16.772572 
-3 0.5 17.155254 
-3 0.55 17.631017 
-3 0.6 18.245130 
-3 0.65 19.004103 
-3 0.7 20.067728 
-3 0.75 21.538708 
-3 0.8 23.647219 
-3 0.85 26.596990 
-3 0.9 30.422422 
-2.95 -1 14.958555 
-2.95 -0.95 14.956581 
-2.95 -0.9 14.957330 
-2.95 -0.85 14.941989 
-2.95 -0.8 14.931834 
-2.95 -0.75 14.980781 
-2.95 -0.7 15.048152 
-2.95 -0.65 15.039094 
-2.95 -0.6 14.916058 
-2.95 -0.55 14.706473 
-2.95 -0.5 14.548051 
-2.95 -0.45 14.643898 
-2.95 -0.4 14.872219 
-2.95 -0.35 15.013526 
-2.95 -0.3 15.074490 
-2.95 -0.25 15.067706 
-2.95 -0.2 15.058674 
-2.95 -0.15 15.166284 
-2.95 -0.1 15.287754 
-2.95 -0.05 15.305188 
-2.95 0 15.356495 
-2.95 0.05 15.459655 
-2.95 0.1 15.514656 
-2.95 0.15 15.623377 
-2.95 0.2 15.726016 
-2.95 0.25 15.839467 
-2.95 0.3 16.024533 
-2.95 0.35 16.227262 
-2.95 0.4 16.475918 
-2.95 0.45 16.774383 
-2.95 0.5 17.156218 
-2.95 0.55 17.630969 
-2.95 0.6 18.244993 
-2.95 0.65 19.004599 
-2.95 0.7 20.068729 
-2.95 0.75 21.542196 
-2.95 0.8 23.651336 
-2.95 0.85 26.597346 
-2.95 0.9 30.428006 
-2.9 -1 14.958395 
-2.9 -0.95 14.956440 
-2.9 -0.9 14.957420 
-2.9 -0.85 14.941799 
-2.9 -0.8 14.931776 
-2.9 -0.75 14.980768 
-2.9 -0.7 15.048143 
-2.9 -0.65 15.038983 
-2.9 -0.6 14.915910 
-2.9 -0.55 14.706441 
-2.9 -0.5 14.548027 
-2.9 -0.45 14.643710 
-2.9 -0.4 14.872072 
-2.9 -0.35 15.013747 
-2.9 -0.3 15.074288 
-2.9 -0.25 15.067636 
-2.9 -0.2 15.058697 
-2.9 -0.15 15.166956 
-2.9 -0.1 15.288012 
-2.9 -0.05 15.305414 
-2.9 0 15.356199 
-2.9 0.05 15.459461 
-2.9 0.1 15.515342 
-2.9 0.15 15.622794 
-2.9 0.2 15.726409 
-2.9 0.25 15.839944 
-2.9 0.3 16.024727 
-2.9 0.35 16.226374 
-2.9 0.4 16.476037 
-2.9 0.45 16.775386 
-2.9 0.5 17.155920 
-2.9 0.55 17.631443 
-2.9 0.6 18.246936 
-2.9 0.65 19.006724 
-2.9 0.7 20.071625 
-2.9 0.75 21.544273 
-2.9 0.8 23.654747 
-2.9 0.85 26.605652 
-2.9 0.9 30.435032 
-2.85 -1 14.958198 
-2.85 -0.95 14.956624 
-2.85 -0.9 14.957191 
-2.85 -0.85 14.941829 
-2.85 -0.8 14.931838 
-2.85 -0.75 14.980535 
-2.85 -0.7 15.048117 
-2.85 -0.65 15.039190 
-2.85 -0.6 14.916129 
-2.85 -0.55 14.706358 
-2.85 -0.5 14.547945 
-2.85 -0.45 14.643756 
-2.85 -0.4 14.872163 
-2.85 -0.35 15.013675 
-2.85 -0.3 15.075007 
-2.85 -0.25 15.067711 
-2.85 -0.2 15.058895 
-2.85 -0.15 15.166948 
-2.85 -0.1 15.287876 
-2.85 -0.05 15.305032 
-2.85 0 15.356334 
-2.85 0.05 15.458902 
-2.85 0.1 15.516216 
-2.85 0.15 15.622973 
-2.85 0.2 15.726865 
-2.85 0.25 15.840467 
-2.85 0.3 16.025255 
-2.85 0.35 16.227657 
-2.85 0.4 16.477246 
-2.85 0.45 16.775767 
-2.85 0.5 17.157315 
-2.85 0.55 17.633839 
-2.85 0.6 18.246677 
-2.85 0.65 19.009676 
-2.85 0.7 20.074904 
-2.85 0.75 21.545729 
-2.85 0.8 23.656758 
-2.85 0.85 26.608312 
-2.85 0.9 30.439968 
-2.8 -1 14.958394 
-2.8 -0.95 14.956767 
-2.8 -0.9 14.957226 
-2.8 -0.85 14.941814 
-2.8 -0.8 14.931610 
-2.8 -0.75 14.980728 
-2.8 -0.7 15.048047 
-2.8 -0.65 15.038851 
-2.8 -0.6 14.916190 
-2.8 -0.55 14.706266 
-2.8 -0.5 14.547830 
-2.8 -0.45 14.643517 
-2.8 -0.4 14.872038 
-2.8 -0.35 15.013596 
-2.8 -0.3 15.074161 
-2.8 -0.25 15.067840 
-2.8 -0.2 15.058233 
-2.8 -0.15 15.166545 
-2.8 -0.1 15.288325 
-2.8 -0.05 15.305646 
-2.8 0 15.356573 
-2.8 0.05 15.459218 
-2.8 0.1 15.516074 
-2.8 0.15 15.622516 
-2.8 0.2 15.727497 
-2.8 0.25 15.841416 
-2.8 0.3 16.025628 
-2.8 0.35 16.226748 
-2.8 0.4 16.477929 
-2.8 0.45 16.776963 
-2.8 0.5 17.156684 
-2.8 0.55 17.634384 
-2.8 0.6 18.247717 
-2.8 0.65 19.011021 
-2.8 0.7 20.077306 
-2.8 0.75 21.550774 
-2.8 0.8 23.664313 
-2.8 0.85 26.617877 
-2.8 0.9 30.451181 
-2.75 -1 14.958446 
-2.75 -0.95 14.956632 
-2.75 -0.9 14.957130 
-2.75 -0.85 14.942078 
-2.75 -0.8 14.931691 
-2.75 -0.75 14.980831 
-2.75 -0.7 15.048208 
-2.75 -0.65 15.038967 
-2.75 -0.6 14.915844 
-2.75 -0.55 14.705997 
-2.75 -0.5 14.547655 
-2.75 -0.45 14.643421 
-2.75 -0.4 14.871758 
-2.75 -0.35 15.013580 
-2.75 -0.3 15.074545 
-2.75 -0.25 15.067798 
-2.75 -0.2 15.058409 
-2.75 -0.15 15.166403 
-2.75 -0.1 15.288033 
-2.75 -0.05 15.305543 
-2.75 0 15.357051 
-2.75 0.05 15.459766 
-2.75 0.1 15.516055 
-2.75 0.15 15.623106 
-2.75 0.2 15.726782 
-2.75 0.25 15.841246 
-2.75 0.3 16.026644 
-2.75 0.35 16.227783 
-2.75 0.4 16.478787 
-2.75 0.45 16.777592 
-2.75 0.5 17.157995 
-2.75 0.55 17.634504 
-2.75 0.6 18.252167 
-2.75 0.65 19.013962 
-2.75 0.7 20.080355 
-2.75 0.75 21.553077 
-2.75 0.8 23.671140 
-2.75 0.85 26.627119 
-2.75 0.9 30.456097 
-2.7 -1 14.958448 
-2.7 -0.95 14.956679 
-2.7 -0.9 14.957325 
-2.7 -0.85 14.941971 
-2.7 -0.8 14.931540 
-2.7 -0.75 14.980665 
-2.7 -0.7 15.048043 
-2.7 -0.65 15.039270 
-2.7 -0.6 14.916041 
-2.7 -0.55 14.705989 
-2.7 -0.5 14.547638 
-2.7 -0.45 14.643270 
-2.7 -0.4 14.871963 
-2.7 -0.35 15.013620 
-2.7 -0.3 15.074911 
-2.7 -0.25 15.068022 
-2.7 -0.2 15.058205 
-2.7 -0.15 15.166670 
-2.7 -0.1 15.288415 
-2.7 -0.05 15.305841 
-2.7 0 15.356100 
-2.7 0.05 15.460102 
-2.7 0.1 15.515440 
-2.7 0.15 15.622599 
-2.7 0.2 15.727500 
-2.7 0.25 15.840134 
-2.7 0.3 16.026941 
-2.7 0.35 16.230433 
-2.7 0.4 16.480707 
-2.7 0.45 16.778183 
-2.7 0.5 17.159625 
-2.7 0.55 17.637105 
-2.7 0.6 18.253100 
-2.7 0.65 19.015614 
-2.7 0.7 20.085344 
-2.7 0.75 21.561330 
-2.7 0.8 23.678201 
-2.7 0.85 26.640339 
-2.7 0.9 30.469543 
-2.65 -1 14.958394 
-2.65 -0.95 14.956476 
-2.65 -0.9 14.957412 
-2.65 -0.85 14.941973 
-2.65 -0.8 14.931555 
-2.65 -0.75 14.980728 
-2.65 -0.7 15.048276 
-2.65 -0.65 15.039132 
-2.65 -0.6 14.915802 
-2.65 -0.55 14.706000 
-2.65 -0.5 14.547733 
-2.65 -0.45 14.643247 
-2.65 -0.4 14.872020 
-2.65 -0.35 15.013604 
-2.65 -0.3 15.074538 
-2.65 -0.25 15.068073 
-2.65 -0.2 15.058252 
-2.65 -0.15 15.167101 
-2.65 -0.1 15.288451 
-2.65 -0.05 15.305524 
-2.65 0 15.357088 
-2.65 0.05 15.460304 
-2.65 0.1 15.517121 
-2.65 0.15 15.623744 
-2.65 0.2 15.727870 
-2.65 0.25 15.840644 
-2.65 0.3 16.027178 
-2.65 0.35 16.230216 
-2.65 0.4 16.480053 
-2.65 0.45 16.779482 
-2.65 0.5 17.160421 
-2.65 0.55 17.640350 
-2.65 0.6 18.254908 
-2.65 0.65 19.020015 
-2.65 0.7 20.090459 
-2.65 0.75 21.569222 
-2.65 0.8 23.687676 
-2.65 0.85 26.650843 
-2.65 0.9 30.494452 
-2.6 -1 14.958377 
-2.6 -0.95 14.956549 
-2.6 -0.9 14.957321 
-2.6 -0.85 14.941996 
-2.6 -0.8 14.931814 
-2.6 -0.75 14.980868 
-2.6 -0.7 15.048420 
-2.6 -0.65 15.038795 
-2.6 -0.6 14.915793 
-2.6 -0.55 14.705722 
-2.6 -0.5 14.547436 
-2.6 -0.45 14.642837 
-2.6 -0.4 14.871866 
-2.6 -0.35 15.013941 
-2.6 -0.3 15.074491 
-2.6 -0.25 15.067910 
-2.6 -0.2 15.058701 
-2.6 -0.15 15.166746 
-2.6 -0.1 15.289217 
-2.6 -0.05 15.306559 
-2.6 0 15.358051 
-2.6 0.05 15.461491 
-2.6 0.1 15.517705 
-2.6 0.15 15.624949 
-2.6 0.2 15.728907 
-2.6 0.25 15.842980 
-2.6 0.3 16.028693 
-2.6 0.35 16.233096 
-2.6 0.4 16.480454 
-2.6 0.45 16.781404 
-2.6 0.5 17.164184 
-2.6 0.55 17.646424 
-2.6 0.6 18.259953 
-2.6 0.65 19.024026 
-2.6 0.7 20.093541 
-2.6 0.75 21.578693 
-2.6 0.8 23.700163 
-2.6 0.85 26.673987 
-2.6 0.9 30.515369 
-2.55 -1 14.958315 
-2.55 -0.95 14.956485 
-2.55 -0.9 14.957299 
-2.55 -0.85 14.941726 
-2.55 -0.8 14.931466 
-2.55 -0.75 14.980775 
-2.55 -0.7 15.048381 
-2.55 -0.65 15.039360 
-2.55 -0.6 14.916053 
-2.55 -0.55 14.705348 
-2.55 -0.5 14.546782 
-2.55 -0.45 14.642845 
-2.55 -0.4 14.871690 
-2.55 -0.35 15.013710 
-2.55 -0.3 15.075042 
-2.55 -0.25 15.068165 
-2.55 -0.2 15.058702 
-2.55 -0.15 15.167553 
-2.55 -0.1 15.289167 
-2.55 -0.05 15.306805 
-2.55 0 15.359012 
-2.55 0.05 15.461270 
-2.55 0.1 15.518444 
-2.55 0.15 15.625206 
-2.55 0.2 15.730972 
-2.55 0.25 15.843293 
-2.55 0.3 16.028447 
-2.55 0.35 16.234123 
-2.55 0.4 16.482960 
-2.55 0.45 16.783969 
-2.55 0.5 17.167963 
-2.55 0.55 17.647724 
-2.55 0.6 18.265205 
-2.55 0.65 19.029598 
-2.55 0.7 20.104175 
-2.55 0.75 21.587017 
-2.55 0.8 23.716219 
-2.55 0.85 26.690211 
-2.55 0.9 30.552046 
-2.5 -1 14.958337 
-2.5 -0.95 14.956440 
-2.5 -0.9 14.957197 
-2.5 -0.85 14.941938 
-2.5 -0.8 14.931546 
-2.5 -0.75 14.980617 
-2.5 -0.7 15.048334 
-2.5 -0.65 15.039219 
-2.5 -0.6 14.915893 
-2.5 -0.55 14.705128 
-2.5 -0.5 14.546779 
-2.5 -0.45 14.642767 
-2.5 -0.4 14.871613 
-2.5 -0.35 15.014069 
-2.5 -0.3 15.074833 
-2.5 -0.25 15.068151 
-2.5 -0.2 15.058810 
-2.5 -0.15 15.167680 
-2.5 -0.1 15.289731 
-2.5 -0.05 15.307266 
-2.5 0 15.358546 
-2.5 0.05 15.461697 
-2.5 0.1 15.518101 
-2.5 0.15 15.625823 
-2.5 0.2 15.731562 
-2.5 0.25 15.844903 
-2.5 0.3 16.029619 
-2.5 0.35 16.236568 
-2.5 0.4 16.484966 
-2.5 0.45 16.786846 
-2.5 0.5 17.169420 
-2.5 0.55 17.650466 
-2.5 0.6 18.271896 
-2.5 0.65 19.042039 
-2.5 0.7 20.115695 
-2.5 0.75 21.604950 
-2.5 0.8 23.736795 
-2.5 0.85 26.722934 
-2.5 0.9 30.586683 
-2.45 -1 14.958409 
-2.45 -0.95 14.956605 
-2.45 -0.9 14.957191 
-2.45 -0.85 14.941650 
-2.45 -0.8 14.931524 
-2.45 -0.75 14.980590 
-2.45 -0.7 15.048374 
-2.45 -0.65 15.039313 
-2.45 -0.6 14.915812 
-2.45 -0.55 14.705001 
-2.45 -0.5 14.545971 
-2.45 -0.45 14.642186 
-2.45 -0.4 14.871551 
-2.45 -0.35 15.013642 
-2.45 -0.3 15.074817 
-2.45 -0.25 15.068040 
-2.45 -0.2 15.059372 
-2.45 -0.15 15.167928 
-2.45 -0.1 15.289537 
-2.45 -0.05 15.308210 
-2.45 0 15.358976 
-2.45 0.05 15.462011 
-2.45 0.1 15.520068 
-2.45 0.15 15.626780 
-2.45 0.2 15.733460 
-2.45 0.25 15.847080 
-2.45 0.3 16.033060 
-2.45 0.35 16.237689 
-2.45 0.4 16.486348 
-2.45 0.45 16.790758 
-2.45 0.5 17.175758 
-2.45 0.55 17.658391 
-2.45 0.6 18.278672 
-2.45 0.65 19.050137 
-2.45 0.7 20.125672 
-2.45 0.75 21.615563 
-2.45 0.8 23.760527 
-2.45 0.85 26.761471 
-2.45 0.9 30.636113 
-2.4 -1 14.958402 
-2.4 -0.95 14.956417 
-2.4 -0.9 14.957311 
-2.4 -0.85 14.941929 
-2.4 -0.8 14.931445 
-2.4 -0.75 14.980818 
-2.4 -0.7 15.048631 
-2.4 -0.65 15.039419 
-2.4 -0.6 14.915753 
-2.4 -0.55 14.704768 
-2.4 -0.5 14.545391 
-2.4 -0.45 14.641642 
-2.4 -0.4 14.871329 
-2.4 -0.35 15.013717 
-2.4 -0.3 15.075192 
-2.4 -0.25 15.068313 
-2.4 -0.2 15.059315 
-2.4 -0.15 15.168167 
-2.4 -0.1 15.290919 
-2.4 -0.05 15.308055 
-2.4 0 15.359802 
-2.4 0.05 15.463588 
-2.4 0.1 15.521011 
-2.4 0.15 15.627823 
-2.4 0.2 15.734259 
-2.4 0.25 15.848750 
-2.4 0.3 16.034868 
-2.4 0.35 16.240654 
-2.4 0.4 16.491940 
-2.4 0.45 16.794728 
-2.4 0.5 17.181651 
-2.4 0.55 17.664347 
-2.4 0.6 18.289509 
-2.4 0.65 19.062149 
-2.4 0.7 20.143729 
-2.4 0.75 21.638368 
-2.4 0.8 23.793750 
-2.4 0.85 26.807577 
-2.4 0.9 30.701627 
-2.35 -1 14.958348 
-2.35 -0.95 14.956510 
-2.35 -0.9 14.957255 
-2.35 -0.85 14.941844 
-2.35 -0.8 14.931554 
-2.35 -0.75 14.980888 
-2.35 -0.7 15.048842 
-2.35 -0.65 15.039675 
-2.35 -0.6 14.915513 
-2.35 -0.55 14.704134 
-2.35 -0.5 14.544863 
-2.35 -0.45 14.641117 
-2.35 -0.4 14.871247 
-2.35 -0.35 15.014120 
-2.35 -0.3 15.075543 
-2.35 -0.25 15.068688 
-2.35 -0.2 15.059902 
-2.35 -0.15 15.168774 
-2.35 -0.1 15.291287 
-2.35 -0.05 15.308180 
-2.35 0 15.361505 
-2.35 0.05 15.465100 
-2.35 0.1 15.522825 
-2.35 0.15 15.629769 
-2.35 0.2 15.736558 
-2.35 0.25 15.853307 
-2.35 0.3 16.039507 
-2.35 0.35 16.243701 
-2.35 0.4 16.494698 
-2.35 0.45 16.801386 
-2.35 0.5 17.188110 
-2.35 0.55 17.674853 
-2.35 0.6 18.298969 
-2.35 0.65 19.077497 
-2.35 0.7 20.166643 
-2.35 0.75 21.667968 
-2.35 0.8 23.834241 
-2.35 0.85 26.857187 
-2.35 0.9 30.778268 
-2.3 -1 14.958332 
-2.3 -0.95 14.956424 
-2.3 -0.9 14.957188 
-2.3 -0.85 14.941568 
-2.3 -0.8 14.931429 
-2.3 -0.75 14.980940 
-2.3 -0.7 15.048838 
-2.3 -0.65 15.039797 
-2.3 -0.6 14.915405 
-2.3 -0.55 14.703598 
-2.3 -0.5 14.544147 
-2.3 -0.45 14.640490 
-2.3 -0.4 14.870970 
-2.3 -0.35 15.014808 
-2.3 -0.3 15.075562 
-2.3 -0.25 15.068655 
-2.3 -0.2 15.059824 
-2.3 -0.15 15.169267 
-2.3 -0.1 15.292088 
-2.3 -0.05 15.309855 
-2.3 0 15.361641 
-2.3 0.05 15.466742 
-2.3 0.1 15.524702 
-2.3 0.15 15.632467 
-2.3 0.2 15.739726 
-2.3 0.25 15.855974 
-2.3 0.3 16.042565 
-2.3 0.35 16.250172 
-2.3 0.4 16.500830 
-2.3 0.45 16.808153 
-2.3 0.5 17.198300 
-2.3 0.55 17.686733 
-2.3 0.6 18.315261 
-2.3 0.65 19.097588 
-2.3 0.7 20.196284 
-2.3 0.75 21.702777 
-2.3 0.8 23.887883 
-2.3 0.85 26.936369 
-2.3 0.9 30.885672 
-2.25 -1 14.958290 
-2.25 -0.95 14.956391 
-2.25 -0.9 14.957211 
-2.25 -0.85 14.941561 
-2.25 -0.8 14.931313 
-2.25 -0.75 14.980989 
-2.25 -0.7 15.049124 
-2.25 -0.65 15.040217 
-2.25 -0.6 14.915673 
-2.25 -0.55 14.702808 
-2.25 -0.5 14.542748 
-2.25 -0.45 14.639407 
-2.25 -0.4 14.870847 
-2.25 -0.35 15.014917 
-2.25 -0.3 15.075644 
-2.25 -0.25 15.069090 
-2.25 -0.2 15.060564 
-2.25 -0.15 15.169258 
-2.25 -0.1 15.293515 
-2.25 -0.05 15.310848 
-2.25 0 15.363793 
-2.25 0.05 15.468157 
-2.25 0.1 15.526205 
-2.25 0.15 15.635340 
-2.25 0.2 15.740870 
-2.25 0.25 15.858714 
-2.25 0.3 16.047128 
-2.25 0.35 16.256482 
-2.25 0.4 16.506910 
-2.25 0.45 16.819110 
-2.25 0.5 17.210538 
-2.25 0.55 17.701378 
-2.25 0.6 18.332981 
-2.25 0.65 19.122315 
-2.25 0.7 20.230676 
-2.25 0.75 21.751839 
-2.25 0.8 23.948138 
-2.25 0.85 27.030625 
-2.25 0.9 31.011354 
-2.2 -1 14.958277 
-2.2 -0.95 14.956529 
-2.2 -0.9 14.957328 
-2.2 -0.85 14.941354 
-2.2 -0.8 14.931361 
-2.2 -0.75 14.980830 
-2.2 -0.7 15.049539 
-2.2 -0.65 15.040318 
-2.2 -0.6 14.915356 
-2.2 -0.55 14.702097 
-2.2 -0.5 14.541539 
-2.2 -0.45 14.638196 
-2.2 -0.4 14.870547 
-2.2 -0.35 15.014648 
-2.2 -0.3 15.076015 
-2.2 -0.25 15.069256 
-2.2 -0.2 15.060506 
-2.2 -0.15 15.170551 
-2.2 -0.1 15.295268 
-2.2 -0.05 15.312133 
-2.2 0 15.365534 
-2.2 0.05 15.471793 
-2.2 0.1 15.528415 
-2.2 0.15 15.638820 
-2.2 0.2 15.746160 
-2.2 0.25 15.864380 
-2.2 0.3 16.052255 
-2.2 0.35 16.263386 
-2.2 0.4 16.515789 
-2.2 0.45 16.828348 
-2.2 0.5 17.224269 
-2.2 0.55 17.718846 
-2.2 0.6 18.359075 
-2.2 0.65 19.153675 
-2.2 0.7 20.271064 
-2.2 0.75 21.816686 
-2.2 0.8 24.031288 
-2.2 0.85 27.141933 
-2.2 0.9 31.164979 
-2.15 -1 14.958342 
-2.15 -0.95 14.956540 
-2.15 -0.9 14.957241 
-2.15 -0.85 14.941286 
-2.15 -0.8 14.930858 
-2.15 -0.75 14.980854 
-2.15 -0.7 15.049761 
-2.15 -0.65 15.040554 
-2.15 -0.6 14.914948 
-2.15 -0.55 14.700711 
-2.15 -0.5 14.539475 
-2.15 -0.45 14.636638 
-2.15 -0.4 14.870060 
-2.15 -0.35 15.015275 
-2.15 -0.3 15.076942 
-2.15 -0.25 15.069975 
-2.15 -0.2 15.061089 
-2.15 -0.15 15.171177 
-2.15 -0.1 15.296500 
-2.15 -0.05 15.314973 
-2.15 0 15.367526 
-2.15 0.05 15.474508 
-2.15 0.1 15.532919 
-2.15 0.15 15.643836 
-2.15 0.2 15.750776 
-2.15 0.25 15.871046 
-2.15 0.3 16.060520 
-2.15 0.35 16.271848 
-2.15 0.4 16.528442 
-2.15 0.45 16.845756 
-2.15 0.5 17.242823 
-2.15 0.55 17.744100 
-2.15 0.6 18.388046 
-2.15 0.65 19.194077 
-2.15 0.7 20.329353 
-2.15 0.75 21.887257 
-2.15 0.8 24.133415 
-2.15 0.85 27.285939 
-2.15 0.9 31.372833 
-2.1 -1 14.958191 
-2.1 -0.95 14.956497 
-2.1 -0.9 14.957018 
-2.1 -0.85 14.941422 
-2.1 -0.8 14.930675 
-2.1 -0.75 14.981232 
-2.1 -0.7 15.050213 
-2.1 -0.65 15.041131 
-2.1 -0.6 14.914895 
-2.1 -0.55 14.699419 
-2.1 -0.5 14.536985 
-2.1 -0.45 14.634794 
-2.1 -0.4 14.869219 
-2.1 -0.35 15.014938 
-2.1 -0.3 15.077411 
-2.1 -0.25 15.070555 
-2.1 -0.2 15.062708 
-2.1 -0.15 15.172567 
-2.1 -0.1 15.298901 
-2.1 -0.05 15.317652 
-2.1 0 15.372054 
-2.1 0.05 15.478920 
-2.1 0.1 15.536612 
-2.1 0.15 15.648693 
-2.1 0.2 15.757859 
-2.1 0.25 15.878201 
-2.1 0.3 16.069195 
-2.1 0.35 16.285471 
-2.1 0.4 16.543223 
-2.1 0.45 16.864101 
-2.1 0.5 17.265800 
-2.1 0.55 17.776699 
-2.1 0.6 18.427385 
-2.1 0.65 19.247532 
-2.1 0.7 20.390405 
-2.1 0.75 21.986658 
-2.1 0.8 24.269640 
-2.1 0.85 27.471903 
-2.1 0.9 31.626849 
-2.05 -1 14.958148 
-2.05 -0.95 14.956444 
-2.05 -0.9 14.957101 
-2.05 -0.85 14.941250 
-2.05 -0.8 14.930672 
-2.05 -0.75 14.981231 
-2.05 -0.7 15.050821 
-2.05 -0.65 15.041566 
-2.05 -0.6 14.914607 
-2.05 -0.55 14.697364 
-2.05 -0.5 14.534025 
-2.05 -0.45 14.632558 
-2.05 -0.4 14.868714 
-2.05 -0.35 15.015532 
-2.05 -0.3 15.078458 
-2.05 -0.25 15.071705 
-2.05 -0.2 15.063121 
-2.05 -0.15 15.174672 
-2.05 -0.1 15.302740 
-2.05 -0.05 15.320919 
-2.05 0 15.375991 
-2.05 0.05 15.483837 
-2.05 0.1 15.544081 
-2.05 0.15 15.654367 
-2.05 0.2 15.765749 
-2.05 0.25 15.887252 
-2.05 0.3 16.080953 
-2.05 0.35 16.300631 
-2.05 0.4 16.562811 
-2.05 0.45 16.889021 
-2.05 0.5 17.296693 
-2.05 0.55 17.813518 
-2.05 0.6 18.478143 
-2.05 0.65 19.311454 
-2.05 0.7 20.478304 
-2.05 0.75 22.094208 
-2.05 0.8 24.435057 
-2.05 0.85 27.711426 
-2.05 0.9 31.946990 
-2 -1 14.958254 
-2 -0.95 14.956135 
-2 -0.9 14.956999 
-2 -0.85 14.941035 
-2 -0.8 14.930343 
-2 -0.75 14.981508 
-2 -0.7 15.051398 
-2 -0.65 15.042224 
-2 -0.6 14.914007 
-2 -0.55 14.695022 
-2 -0.5 14.530019 
-2 -0.45 14.629648 
-2 -0.4 14.868103 
-2 -0.35 15.016062 
-2 -0.3 15.079749 
-2 -0.25 15.072774 
-2 -0.2 15.063903 
-2 -0.15 15.176819 
-2 -0.1 15.305474 
-2 -0.05 15.324956 
-2 0 15.379619 
-2 0.05 15.489686 
-2 0.1 15.550537 
-2 0.15 15.664243 
-2 0.2 15.775738 
-2 0.25 15.899866 
-2 0.3 16.098294 
-2 0.35 16.318588 
-2 0.4 16.585181 
-2 0.45 16.918604 
-2 0.5 17.334454 
-2 0.55 17.859008 
-2 0.6 18.543791 
-2 0.65 19.392593 
-2 0.7 20.594311 
-2 0.75 22.249359 
-2 0.8 24.648101 
-2 0.85 28.018124 
-2 0.9 32.361169 
-1.95 -1 14.958066 
-1.95 -0.95 14.956094 
-1.95 -0.9 14.956863 
-1.95 -0.85 14.940543 
-1.95 -0.8 14.929681 
-1.95 -0.75 14.981505 
-1.95 -0.7 15.052405 
-1.95 -0.65 15.043018 
-1.95 -0.6 14.913224 
-1.95 -0.55 14.692074 
-1.95 -0.5 14.525707 
-1.95 -0.45 14.625920 
-1.95 -0.4 14.866884 
-1.95 -0.35 15.016492 
-1.95 -0.3 15.080981 
-1.95 -0.25 15.074050 
-1.95 -0.2 15.065669 
-1.95 -0.15 15.180252 
-1.95 -0.1 15.310114 
-1.95 -0.05 15.329794 
-1.95 0 15.386192 
-1.95 0.05 15.497779 
-1.95 0.1 15.560621 
-1.95 0.15 15.676696 
-1.95 0.2 15.789668 
-1.95 0.25 15.918239 
-1.95 0.3 16.118886 
-1.95 0.35 16.346458 
-1.95 0.4 16.617300 
-1.95 0.45 16.957458 
-1.95 0.5 17.384598 
-1.95 0.55 17.926045 
-1.95 0.6 18.621834 
-1.95 0.65 19.497557 
-1.95 0.7 20.729990 
-1.95 0.75 22.441306 
-1.95 0.8 24.919281 
-1.95 0.85 28.396779 
-1.95 0.9 32.877328 
-1.9 -1 14.957996 
-1.9 -0.95 14.955892 
-1.9 -0.9 14.956772 
-1.9 -0.85 14.940458 
-1.9 -0.8 14.929609 
-1.9 -0.75 14.981800 
-1.9 -0.7 15.053567 
-1.9 -0.65 15.043878 
-1.9 -0.6 14.912525 
-1.9 -0.55 14.688596 
-1.9 -0.5 14.520007 
-1.9 -0.45 14.621426 
-1.9 -0.4 14.865616 
-1.9 -0.35 15.017335 
-1.9 -0.3 15.082903 
-1.9 -0.25 15.076005 
-1.9 -0.2 15.067634 
-1.9 -0.15 15.183137 
-1.9 -0.1 15.315384 
-1.9 -0.05 15.336193 
-1.9 0 15.394921 
-1.9 0.05 15.507087 
-1.9 0.1 15.571172 
-1.9 0.15 15.688873 
-1.9 0.2 15.805917 
-1.9 0.25 15.938711 
-1.9 0.3 16.143023 
-1.9 0.35 16.375537 
-1.9 0.4 16.657578 
-1.9 0.45 17.004137 
-1.9 0.5 17.446792 
-1.9 0.55 18.000796 
-1.9 0.6 18.720858 
-1.9 0.65 19.631092 
-1.9 0.7 20.908598 
-1.9 0.75 22.687179 
-1.9 0.8 25.264106 
-1.9 0.85 28.882746 
-1.9 0.9 33.535201 
-1.85 -1 14.957552 
-1.85 -0.95 14.955630 
-1.85 -0.9 14.956711 
-1.85 -0.85 14.939835 
-1.85 -0.8 14.928965 
-1.85 -0.75 14.982080 
-1.85 -0.7 15.055289 
-1.85 -0.65 15.045207 
-1.85 -0.6 14.911786 
-1.85 -0.55 14.684004 
-1.85 -0.5 14.512316 
-1.85 -0.45 14.615554 
-1.85 -0.4 14.863784 
-1.85 -0.35 15.018378 
-1.85 -0.3 15.084711 
-1.85 -0.25 15.078151 
-1.85 -0.2 15.069207 
-1.85 -0.15 15.188789 
-1.85 -0.1 15.323502 
-1.85 -0.05 15.344371 
-1.85 0 15.404387 
-1.85 0.05 15.521054 
-1.85 0.1 15.587363 
-1.85 0.15 15.708786 
-1.85 0.2 15.829355 
-1.85 0.25 15.962950 
-1.85 0.3 16.177543 
-1.85 0.35 16.418331 
-1.85 0.4 16.707971 
-1.85 0.45 17.069279 
-1.85 0.5 17.523694 
-1.85 0.55 18.103190 
-1.85 0.6 18.854926 
-1.85 0.65 19.800362 
-1.85 0.7 21.143109 
-1.85 0.75 23.003456 
-1.85 0.8 25.709707 
-1.85 0.85 29.511615 
-1.85 0.9 34.383464 
-1.8 -1 14.957828 
-1.8 -0.95 14.955533 
-1.8 -0.9 14.956369 
-1.8 -0.85 14.939554 
-1.8 -0.8 14.928210 
-1.8 -0.75 14.982284 
-1.8 -0.7 15.056932 
-1.8 -0.65 15.046971 
-1.8 -0.6 14.910812 
-1.8 -0.55 14.678232 
-1.8 -0.5 14.502972 
-1.8 -0.45 14.608386 
-1.8 -0.4 14.861692 
-1.8 -0.35 15.019267 
-1.8 -0.3 15.087435 
-1.8 -0.25 15.081066 
-1.8 -0.2 15.072833 
-1.8 -0.15 15.193682 
-1.8 -0.1 15.332910 
-1.8 -0.05 15.355699 
-1.8 0 15.418085 
-1.8 0.05 15.537461 
-1.8 0.1 15.605437 
-1.8 0.15 15.731854 
-1.8 0.2 15.857793 
-1.8 0.25 15.996233 
-1.8 0.3 16.216066 
-1.8 0.35 16.466405 
-1.8 0.4 16.769956 
-1.8 0.45 17.144583 
-1.8 0.5 17.625356 
-1.8 0.55 18.235006 
-1.8 0.6 19.022898 
-1.8 0.65 20.015669 
-1.8 0.7 21.436483 
-1.8 0.75 23.416214 
-1.8 0.8 26.275235 
-1.8 0.85 30.317771 
-1.8 0.9 35.470043 
-1.75 -1 14.957576 
-1.75 -0.95 14.955575 
-1.75 -0.9 14.956289 
-1.75 -0.85 14.938680 
-1.75 -0.8 14.927160 
-1.75 -0.75 14.982598 
-1.75 -0.7 15.059331 
-1.75 -0.65 15.049030 
-1.75 -0.6 14.909442 
-1.75 -0.55 14.670680 
-1.75 -0.5 14.490780 
-1.75 -0.45 14.599220 
-1.75 -0.4 14.859148 
-1.75 -0.35 15.021206 
-1.75 -0.3 15.090992 
-1.75 -0.25 15.084348 
-1.75 -0.2 15.076146 
-1.75 -0.15 15.202466 
-1.75 -0.1 15.345096 
-1.75 -0.05 15.368989 
-1.75 0 15.433460 
-1.75 0.05 15.558230 
-1.75 0.1 15.631122 
-1.75 0.15 15.762605 
-1.75 0.2 15.892268 
-1.75 0.25 16.040252 
-1.75 0.3 16.271125 
-1.75 0.35 16.530953 
-1.75 0.4 16.853109 
-1.75 0.45 17.249854 
-1.75 0.5 17.755821 
-1.75 0.55 18.400007 
-1.75 0.6 19.233371 
-1.75 0.65 20.298682 
-1.75 0.7 21.819706 
-1.75 0.75 23.937283 
-1.75 0.8 27.021239 
-1.75 0.85 31.355824 
-1.75 0.9 36.864935 
-1.7 -1 14.957292 
-1.7 -0.95 14.955074 
-1.7 -0.9 14.955928 
-1.7 -0.85 14.938144 
-1.7 -0.8 14.925838 
-1.7 -0.75 14.983319 
-1.7 -0.7 15.061991 
-1.7 -0.65 15.051528 
-1.7 -0.6 14.907527 
-1.7 -0.55 14.661831 
-1.7 -0.5 14.476279 
-1.7 -0.45 14.588021 
-1.7 -0.4 14.855776 
-1.7 -0.35 15.023216 
-1.7 -0.3 15.095290 
-1.7 -0.25 15.088909 
-1.7 -0.2 15.081246 
-1.7 -0.15 15.211576 
-1.7 -0.1 15.359529 
-1.7 -0.05 15.385534 
-1.7 0 15.455765 
-1.7 0.05 15.585854 
-1.7 0.1 15.661878 
-1.7 0.15 15.800895 
-1.7 0.2 15.938593 
-1.7 0.25 16.095411 
-1.7 0.3 16.338964 
-1.7 0.35 16.618135 
-1.7 0.4 16.957583 
-1.7 0.45 17.383898 
-1.7 0.5 17.923763 
-1.7 0.55 18.610490 
-1.7 0.6 19.514867 
-1.7 0.65 20.665640 
-1.7 0.7 22.310212 
-1.7 0.75 24.622815 
-1.7 0.8 27.991745 
-1.7 0.85 32.702734 
-1.65 -1 14.956851 
-1.65 -0.95 14.954958 
-1.65 -0.9 14.955836 
-1.65 -0.85 14.937042 
-1.65 -0.8 14.924474 
-1.65 -0.75 14.984080 
-1.65 -0.7 15.065732 
-1.65 -0.65 15.054922 
-1.65 -0.6 14.905320 
-1.65 -0.55 14.650036 
-1.65 -0.5 14.457084 
-1.65 -0.45 14.573462 
-1.65 -0.4 14.851871 
-1.65 -0.35 15.025352 
-1.65 -0.3 15.101154 
-1.65 -0.25 15.095459 
-1.65 -0.2 15.087353 
-1.65 -0.15 15.223826 
-1.65 -0.1 15.379078 
-1.65 -0.05 15.407907 
-1.65 0 15.482343 
-1.65 0.05 15.620337 
-1.65 0.1 15.701252 
-1.65 0.15 15.849549 
-1.65 0.2 15.996226 
-1.65 0.25 16.164268 
-1.65 0.3 16.428717 
-1.65 0.35 16.724626 
-1.65 0.4 17.094702 
-1.65 0.45 17.554332 
-1.65 0.5 18.138550 
-1.65 0.55 18.891789 
-1.65 0.6 19.876618 
-1.65 0.65 21.141512 
-1.65 0.7 22.960452 
-1.65 0.75 25.522319 
-1.65 0.8 29.250366 
-1.65 0.85 34.441367 
-1.6 -1 14.956657 
-1.6 -0.95 14.954312 
-1.6 -0.9 14.955351 
-1.6 -0.85 14.935508 
-1.6 -0.8 14.922654 
-1.6 -0.75 14.984742 
-1.6 -0.7 15.070235 
-1.6 -0.65 15.059153 
-1.6 -0.6 14.902763 
-1.6 -0.55 14.635493 
-1.6 -0.5 14.433922 
-1.6 -0.45 14.555106 
-1.6 -0.4 14.846641 
-1.6 -0.35 15.028465 
-1.6 -0.3 15.108300 
-1.6 -0.25 15.102939 
-1.6 -0.2 15.095735 
-1.6 -0.15 15.239884 
-1.6 -0.1 15.404201 
-1.6 -0.05 15.437619 
-1.6 0 15.516748 
-1.6 0.05 15.664820 
-1.6 0.1 15.755214 
-1.6 0.15 15.911004 
-1.6 0.2 16.072531 
-1.6 0.25 16.255341 
-1.6 0.3 16.541806 
-1.6 0.35 16.869932 
-1.6 0.4 17.273078 
-1.6 0.45 17.777379 
-1.6 0.5 18.426191 
-1.6 0.55 19.254589 
-1.6 0.6 20.356090 
-1.6 0.65 21.770196 
-1.6 0.7 23.816457 
-1.6 0.75 26.711219 
-1.6 0.8 30.925695 
-1.6 0.85 36.698149 
-1.55 -1 14.956244 
-1.55 -0.95 14.953755 
-1.55 -0.9 14.954847 
-1.55 -0.85 14.933936 
-1.55 -0.8 14.920250 
-1.55 -0.75 14.985701 
-1.55 -0.7 15.076069 
-1.55 -0.65 15.064188 
-1.55 -0.6 14.898921 
-1.55 -0.55 14.616826 
-1.55 -0.5 14.403927 
-1.55 -0.45 14.532479 
-1.55 -0.4 14.839899 
-1.55 -0.35 15.033085 
-1.55 -0.3 15.117044 
-1.55 -0.25 15.111949 
-1.55 -0.2 15.105988 
-1.55 -0.15 15.260409 
-1.55 -0.1 15.436420 
-1.55 -0.05 15.474322 
-1.55 0 15.563428 
-1.55 0.05 15.722812 
-1.55 0.1 15.823735 
-1.55 0.15 15.994858 
-1.55 0.2 16.172168 
-1.55 0.25 16.376258 
-1.55 0.3 16.692467 
-1.55 0.35 17.055861 
-1.55 0.4 17.507216 
-1.55 0.45 18.073902 
-1.55 0.5 18.799993 
-1.55 0.55 19.737510 
-1.55 0.6 20.985225 
-1.55 0.65 22.600290 
-1.55 0.7 24.955567 
-1.55 0.75 28.294593 
-1.55 0.8 33.148643 
-1.55 0.85 39.639996 
-1.5 -1 14.955664 
-1.5 -0.95 14.953163 
-1.5 -0.9 14.953935 
-1.5 -0.85 14.932052 
-1.5 -0.8 14.917359 
-1.5 -0.75 14.987107 
-1.5 -0.7 15.083528 
-1.5 -0.65 15.070819 
-1.5 -0.6 14.894534 
-1.5 -0.55 14.594226 
-1.5 -0.5 14.367027 
-1.5 -0.45 14.503631 
-1.5 -0.4 14.832025 
-1.5 -0.35 15.038489 
-1.5 -0.3 15.129539 
-1.5 -0.25 15.125268 
-1.5 -0.2 15.120310 
-1.5 -0.15 15.286564 
-1.5 -0.1 15.478273 
-1.5 -0.05 15.521805 
-1.5 0 15.622323 
-1.5 0.05 15.800987 
-1.5 0.1 15.912320 
-1.5 0.15 16.104664 
-1.5 0.2 16.305060 
-1.5 0.25 16.536801 
-1.5 0.3 16.891559 
-1.5 0.35 17.301663 
-1.5 0.4 17.815450 
-1.5 0.45 18.461347 
-1.5 0.5 19.297929 
-1.5 0.55 20.385545 
-1.5 0.6 21.826951 
-1.5 0.65 23.720957 
-1.5 0.7 26.485743 
-1.5 0.75 30.429577 
-1.5 0.8 36.123408 
-1.5 0.85 43.422261 
-1.45 -1 14.955027 
-1.45 -0.95 14.952196 
-1.45 -0.9 14.953331 
-1.45 -0.85 14.929373 
-1.45 -0.8 14.913551 
-1.45 -0.75 14.988471 
-1.45 -0.7 15.092516 
-1.45 -0.65 15.079176 
-1.45 -0.6 14.889503 
-1.45 -0.55 14.564956 
-1.45 -0.5 14.320190 
-1.45 -0.45 14.467693 
-1.45 -0.4 14.822140 
-1.45 -0.35 15.045520 
-1.45 -0.3 15.145024 
-1.45 -0.25 15.141950 
-1.45 -0.2 15.137701 
-1.45 -0.15 15.321215 
-1.45 -0.1 15.532264 
-1.45 -0.05 15.584507 
-1.45 0 15.701239 
-1.45 0.05 15.900573 
-1.45 0.1 16.030277 
-1.45 0.15 16.249384 
-1.45 0.2 16.480059 
-1.45 0.25 16.743323 
-1.45 0.3 17.154604 
-1.45 0.35 17.631318 
-1.45 0.4 18.228705 
-1.45 0.45 18.985934 
-1.45 0.5 19.967518 
-1.45 0.55 21.249222 
-1.45 0.6 22.961465 
-1.45 0.65 25.230542 
-1.45 0.7 28.567790 
-1.45 0.75 33.334871 
-1.45 0.8 40.124265 
-1.45 0.85 48.269883 
-1.4 -1 14.954229 
-1.4 -0.95 14.951054 
-1.4 -0.9 14.952026 
-1.4 -0.85 14.926064 
-1.4 -0.8 14.908583 
-1.4 -0.75 14.990946 
-1.4 -0.7 15.104447 
-1.4 -0.65 15.089758 
-1.4 -0.6 14.882196 
-1.4 -0.55 14.528761 
-1.4 -0.5 14.261258 
-1.4 -0.45 14.422058 
-1.4 -0.4 14.810345 
-1.4 -0.35 15.054713 
-1.4 -0.3 15.165187 
-1.4 -0.25 15.163663 
-1.4 -0.2 15.162586 
-1.4 -0.15 15.368081 
-1.4 -0.1 15.603676 
-1.4 -0.05 15.668808 
-1.4 0 15.806167 
-1.4 0.05 16.034825 
-1.4 0.1 16.189599 
-1.4 0.15 16.442659 
-1.4 0.2 16.711597 
-1.4 0.25 17.027084 
-1.4 0.3 17.508129 
-1.4 0.35 18.074049 
-1.4 0.4 18.786414 
-1.4 0.45 19.692274 
-1.4 0.5 20.875172 
-1.4 0.55 22.423798 
-1.4 0.6 24.511505 
-1.4 0.65 27.301996 
-1.4 0.7 31.426426 
-1.4 0.75 37.321862 
-1.4 0.8 45.485468 
-1.35 -1 14.953113 
-1.35 -0.95 14.949658 
-1.35 -0.9 14.950816 
-1.35 -0.85 14.922377 
-1.35 -0.8 14.902916 
-1.35 -0.75 14.993512 
-1.35 -0.7 15.118852 
-1.35 -0.65 15.103137 
-1.35 -0.6 14.873929 
-1.35 -0.55 14.482889 
-1.35 -0.5 14.187585 
-1.35 -0.45 14.365594 
-1.35 -0.4 14.794906 
-1.35 -0.35 15.066734 
-1.35 -0.3 15.191589 
-1.35 -0.25 15.193384 
-1.35 -0.2 15.196127 
-1.35 -0.15 15.429660 
-1.35 -0.1 15.698368 
-1.35 -0.05 15.780406 
-1.35 0 15.946989 
-1.35 0.05 16.215589 
-1.35 0.1 16.403682 
-1.35 0.15 16.703807 
-1.35 0.2 17.027382 
-1.35 0.25 17.411381 
-1.35 0.3 17.989565 
-1.35 0.35 18.674509 
-1.35 0.4 19.548760 
-1.35 0.45 20.658426 
-1.35 0.5 22.120739 
-1.35 0.55 24.043864 
-1.35 0.6 26.657471 
-1.35 0.65 30.172818 
-1.35 0.7 35.414219 
-1.35 0.75 42.848080 
-1.35 0.8 52.597630 
-1.3 -1 14.951682 
-1.3 -0.95 14.947783 
-1.3 -0.9 14.949192 
-1.3 -0.85 14.917143 
-1.3 -0.8 14.895214 
-1.3 -0.75 14.996905 
-1.3 -0.7 15.137580 
-1.3 -0.65 15.119751 
-1.3 -0.6 14.863238 
-1.3 -0.55 14.425623 
-1.3 -0.5 14.094306 
-1.3 -0.45 14.294561 
-1.3 -0.4 14.777367 
-1.3 -0.35 15.083347 
-1.3 -0.3 15.226969 
-1.3 -0.25 15.232929 
-1.3 -0.2 15.241895 
-1.3 -0.15 15.512565 
-1.3 -0.1 15.826782 
-1.3 -0.05 15.931412 
-1.3 0 16.139036 
-1.3 0.05 16.460253 
-1.3 0.1 16.692757 
-1.3 0.15 17.060575 
-1.3 0.2 17.458005 
-1.3 0.25 17.933428 
-1.3 0.3 18.652759 
-1.3 0.35 19.506706 
-1.3 0.4 20.602226 
-1.3 0.45 21.995741 
-1.3 0.5 23.846387 
-1.3 0.55 26.291803 
-1.3 0.6 29.647499 
-1.3 0.65 34.210567 
-1.3 0.7 41.009086 
-1.3 0.75 50.521996 
-1.3 0.8 61.716503 
-1.25 -1 14.949961 
-1.25 -0.95 14.945257 
-1.25 -0.9 14.947017 
-1.25 -0.85 14.910583 
-1.25 -0.8 14.885715 
-1.25 -0.75 15.001111 
-1.25 -0.7 15.160988 
-1.25 -0.65 15.141454 
-1.25 -0.6 14.850515 
-1.25 -0.55 14.353956 
-1.25 -0.5 13.978122 
-1.25 -0.45 14.205891 
-1.25 -0.4 14.755237 
-1.25 -0.35 15.105731 
-1.25 -0.3 15.273712 
-1.25 -0.25 15.286371 
-1.25 -0.2 15.305369 
-1.25 -0.15 15.625831 
-1.25 -0.1 15.998939 
-1.25 -0.05 16.137960 
-1.25 0 16.403353 
-1.25 0.05 16.798436 
-1.25 0.1 17.094583 
-1.25 0.15 17.552843 
-1.25 0.2 18.057326 
-1.25 0.25 18.662117 
-1.25 0.3 19.573514 
-1.25 0.35 20.664602 
-1.25 0.4 22.071477 
-1.25 0.45 23.876636 
-1.25 0.5 26.276212 
-1.25 0.55 29.476218 
-1.25 0.6 33.887477 
-1.25 0.65 39.935529 
-1.25 0.7 48.947812 
-1.25 0.75 61.101033 
-1.2 -1 14.947726 
-1.2 -0.95 14.942543 
-1.2 -0.9 14.944573 
-1.2 -0.85 14.902946 
-1.2 -0.8 14.874083 
-1.2 -0.75 15.006696 
-1.2 -0.7 15.190383 
-1.2 -0.65 15.168728 
-1.2 -0.6 14.834684 
-1.2 -0.55 14.264179 
-1.2 -0.5 13.832089 
-1.2 -0.45 14.094666 
-1.2 -0.4 14.728955 
-1.2 -0.35 15.136742 
-1.2 -0.3 15.337162 
-1.2 -0.25 15.361056 
-1.2 -0.2 15.393913 
-1.2 -0.15 15.781597 
-1.2 -0.1 16.235318 
-1.2 -0.05 16.423833 
-1.2 0 16.769998 
-1.2 0.05 17.267765 
-1.2 0.1 17.656072 
-1.2 0.15 18.240677 
-1.2 0.2 18.893495 
-1.2 0.25 19.685337 
-1.2 0.3 20.868870 
-1.2 0.35 22.291577 
-1.2 0.4 24.148346 
-1.2 0.45 26.532696 
-1.2 0.5 29.718931 
-1.2 0.55 34.001484 
-1.2 0.6 39.945164 
-1.2 0.65 48.160938 
-1.2 0.7 60.249127 
-1.2 0.75 75.305826 
-1.15 -1 14.945050 
-1.15 -0.95 14.938997 
-1.15 -0.9 14.941275 
-1.15 -0.85 14.892644 
-1.15 -0.8 14.859126 
-1.15 -0.75 15.013631 
-1.15 -0.7 15.228141 
-1.15 -0.65 15.203364 
-1.15 -0.6 14.814973 
-1.15 -0.55 14.151749 
-1.15 -0.5 13.649974 
-1.15 -0.45 13.957001 
-1.15 -0.4 14.698809 
-1.15 -0.35 15.180122 
-1.15 -0.3 15.423862 
-1.15 -0.25 15.465155 
-1.15 -0.2 15.520238 
-1.15 -0.15 15.999668 
-1.15 -0.1 16.561903 
-1.15 -0.05 16.823309 
-1.15 0 17.288728 
-1.15 0.05 17.930666 
-1.15 0.1 18.448469 
-1.15 0.15 19.213802 
-1.15 0.2 20.077366 
-1.15 0.25 21.138562 
-1.15 0.3 22.711607 
-1.15 0.35 24.616333 
-1.15 0.4 27.108836 
-1.15 0.45 30.331165 
-1.15 0.5 34.669756 
-1.15 0.55 40.521486 
-1.15 0.6 48.694749 
-1.15 0.65 60.051022 
-1.15 0.7 76.264266 
-1.1 -1 14.941677 
-1.1 -0.95 14.934374 
-1.1 -0.9 14.937133 
-1.1 -0.85 14.880004 
-1.1 -0.8 14.840183 
-1.1 -0.75 15.022615 
-1.1 -0.7 15.276034 
-1.1 -0.65 15.247795 
-1.1 -0.6 14.791740 
-1.1 -0.55 14.011235 
-1.1 -0.5 13.421695 
-1.1 -0.45 13.784977 
-1.1 -0.4 14.664702 
-1.1 -0.35 15.240223 
-1.1 -0.3 15.544471 
-1.1 -0.25 15.612621 
-1.1 -0.2 15.702568 
-1.1 -0.15 16.308261 
-1.1 -0.1 17.022025 
-1.1 -0.05 17.388019 
-1.1 0 18.023851 
-1.1 0.05 18.872456 
-1.1 0.1 19.580906 
-1.1 0.15 20.606164 
-1.1 0.2 21.779462 
-1.1 0.25 23.225575 
-1.1 0.3 25.364066 
-1.1 0.35 27.963103 
-1.1 0.4 31.384251 
-1.1 0.45 35.829203 
-1.1 0.5 41.829250 
-1.1 0.55 49.983971 
-1.1 0.6 61.430314 
-1.1 0.65 77.264162 
-1.1 0.7 98.500345 
-1.05 -1 14.937247 
-1.05 -0.95 14.928525 
-1.05 -0.9 14.931790 
-1.05 -0.85 14.864284 
-1.05 -0.8 14.816527 
-1.05 -0.75 15.034260 
-1.05 -0.7 15.336305 
-1.05 -0.65 15.305010 
-1.05 -0.6 14.762989 
-1.05 -0.55 13.837127 
-1.05 -0.5 13.137491 
-1.05 -0.45 13.572913 
-1.05 -0.4 14.627622 
-1.05 -0.35 15.326798 
-1.05 -0.3 15.712611 
-1.05 -0.25 15.824180 
-1.05 -0.2 15.968635 
-1.05 -0.15 16.747151 
-1.05 -0.1 17.672346 
-1.05 -0.05 18.199708 
-1.05 0 19.086463 
-1.05 0.05 20.228488 
-1.05 0.1 21.212635 
-1.05 0.15 22.613180 
-1.05 0.2 24.236557 
-1.05 0.25 26.246944 
-1.05 0.3 29.203015 
-1.05 0.35 32.816786 
-1.05 0.4 37.595486 
-1.05 0.45 43.822519 
-1.05 0.5 52.271013 
-1.05 0.55 63.814107 
-1.05 0.6 80.012838 
-1.05 0.65 102.099288 
-1 -1 14.931666 
-1 -0.95 14.921619 
-1 -0.9 14.925406 
-1 -0.85 14.844385 
-1 -0.8 14.787378 
-1 -0.75 15.049028 
-1 -0.7 15.414041 
-1 -0.65 15.378434 
-1 -0.6 14.730326 
-1 -0.55 13.620670 
-1 -0.5 12.783824 
-1 -0.45 13.311919 
-1 -0.4 14.591069 
-1 -0.35 15.451974 
-1 -0.3 15.952002 
-1 -0.25 16.130740 
-1 -0.2 16.359185 
-1 -0.15 17.385370 
-1 -0.1 18.609172 
-1 -0.05 19.371033 
-1 0 20.630362 
-1 0.05 22.198644 
-1 0.1 23.589489 
-1 0.15 25.534065 
-1 0.2 27.810998 
-1 0.25 30.653410 
-1 0.3 34.810888 
-1 0.35 39.908161 
-1 0.4 46.663503 
-1 0.45 55.511272 
-1 0.5 67.566976 
-1 0.55 84.079084 
-1 0.6 107.118220 
-0.95 -1 14.924858 
-0.95 -0.95 14.912177 
-0.95 -0.9 14.917387 
-0.95 -0.85 14.819399 
-0.95 -0.8 14.750420 
-0.95 -0.75 15.068329 
-0.95 -0.7 15.512825 
-0.95 -0.65 15.473827 
-0.95 -0.6 14.692304 
-0.95 -0.55 13.353457 
-0.95 -0.5 12.345380 
-0.95 -0.45 12.992930 
-0.95 -0.4 14.560942 
-0.95 -0.35 15.634944 
-0.95 -0.3 16.297516 
-0.95 -0.25 16.579364 
-0.95 -0.2 16.940949 
-0.95 -0.15 18.317061 
-0.95 -0.1 19.966591 
-0.95 -0.05 21.080106 
-0.95 0 22.895544 
-0.95 0.05 25.078448 
-0.95 0.1 27.070836 
-0.95 0.15 29.808479 
-0.95 0.2 33.052331 
-0.95 0.25 37.120190 
-0.95 0.3 43.031883 
-0.95 0.35 50.306742 
-0.95 0.4 59.960621 
-0.95 0.45 72.661561 
-0.95 0.5 89.986203 
-0.95 0.55 113.732546 
-0.9 -1 14.916438 
-0.9 -0.95 14.901236 
-0.9 -0.9 14.907588 
-0.9 -0.85 14.788751 
-0.9 -0.8 14.704535 
-0.9 -0.75 15.094020 
-0.9 -0.7 15.640238 
-0.9 -0.65 15.597901 
-0.9 -0.6 14.650666 
-0.9 -0.55 13.025868 
-0.9 -0.5 11.802885 
-0.9 -0.45 12.606143 
-0.9 -0.4 14.547844 
-0.9 -0.35 15.904884 
-0.9 -0.3 16.797756 
-0.9 -0.25 17.245661 
-0.9 -0.2 17.813332 
-0.9 -0.15 19.691599 
-0.9 -0.1 21.954693 
-0.9 -0.05 23.601053 
-0.9 0 26.232547 
-0.9 0.05 29.310823 
-0.9 0.1 32.185858 
-0.9 0.15 36.092268 
-0.9 0.2 40.764933 
-0.9 0.25 46.626784 
-0.9 0.3 55.113791 
-0.9 0.35 65.571111 
-0.9 0.4 79.462606 
-0.9 0.45 97.778641 
-0.9 0.5 122.781164 
-0.85 -1 14.905591 
-0.85 -0.95 14.887307 
-0.85 -0.9 14.895029 
-0.85 -0.85 14.750240 
-0.85 -0.8 14.647345 
-0.85 -0.75 15.127612 
-0.85 -0.7 15.803610 
-0.85 -0.65 15.761570 
-0.85 -0.6 14.607989 
-0.85 -0.55 12.626278 
-0.85 -0.5 11.138465 
-0.85 -0.45 12.143138 
-0.85 -0.4 14.570398 
-0.85 -0.35 16.308300 
-0.85 -0.3 17.535360 
-0.85 -0.25 18.239311 
-0.85 -0.2 19.125384 
-0.85 -0.15 21.733899 
-0.85 -0.1 24.881622 
-0.85 -0.05 27.323793 
-0.85 0 31.170015 
-0.85 0.05 35.558618 
-0.85 0.1 39.727666 
-0.85 0.15 45.339977 
-0.85 0.2 52.110634 
-0.85 0.25 60.603586 
-0.85 0.3 72.853499 
-0.85 0.35 87.930142 
-0.85 0.4 107.947894 
-0.85 0.45 134.404444 
-0.8 -1 14.892198 
-0.8 -0.95 14.869773 
-0.8 -0.9 14.879725 
-0.8 -0.85 14.702626 
-0.8 -0.8 14.575590 
-0.8 -0.75 15.172820 
-0.8 -0.7 16.016503 
-0.8 -0.65 15.979058 
-0.8 -0.6 14.568062 
-0.8 -0.55 12.144031 
-0.8 -0.5 10.328678 
-0.8 -0.45 11.597824 
-0.8 -0.4 14.659622 
-0.8 -0.35 16.915744 
-0.8 -0.3 18.630396 
-0.8 -0.25 19.734647 
-0.8 -0.2 21.116738 
-0.8 -0.15 24.786358 
-0.8 -0.1 29.217783 
-0.8 -0.05 32.842704 
-0.8 0 38.486804 
-0.8 0.05 44.766864 
-0.8 0.1 50.814956 
-0.8 0.15 58.926643 
-0.8 0.2 68.761647 
-0.8 0.25 81.084559 
-0.8 0.3 98.765186 
-0.8 0.35 120.513768 
-0.8 0.4 149.277160 
-0.75 -1 14.875276 
-0.75 -0.95 14.847878 
-0.75 -0.9 14.861608 
-0.75 -0.85 14.643286 
-0.75 -0.8 14.486951 
-0.75 -0.75 15.233765 
-0.75 -0.7 16.293675 
-0.75 -0.65 16.268992 
-0.75 -0.6 14.543952 
-0.75 -0.55 11.570053 
-0.75 -0.5 9.350837 
-0.75 -0.45 10.970780 
-0.75 -0.4 14.869292 
-0.75 -0.35 17.837293 
-0.75 -0.3 20.268032 
-0.75 -0.25 21.996415 
-0.75 -0.2 24.141614 
-0.75 -0.15 29.360244 
-0.75 -0.1 35.653716 
-0.75 -0.05 41.025347 
-0.75 0 49.305830 
-0.75 0.05 58.306734 
-0.75 0.1 67.077329 
-0.75 0.15 78.769796 
-0.75 0.2 93.057997 
-0.75 0.25 110.873397 
-0.75 0.3 136.306378 
-0.75 0.35 167.491884 
-0.7 -1 14.854101 
-0.7 -0.95 14.820933 
-0.7 -0.9 14.838984 
-0.7 -0.85 14.570781 
-0.7 -0.8 14.376834 
-0.7 -0.75 15.316869 
-0.7 -0.7 16.658185 
-0.7 -0.65 16.662971 
-0.7 -0.6 14.550764 
-0.7 -0.55 10.901127 
-0.7 -0.5 8.189027 
-0.7 -0.45 10.276086 
-0.7 -0.4 15.285870 
-0.7 -0.35 19.241551 
-0.7 -0.3 22.734033 
-0.7 -0.25 25.428404 
-0.7 -0.2 28.740662 
-0.7 -0.15 36.220813 
-0.7 -0.1 45.208073 
-0.7 -0.05 53.119779 
-0.7 0 65.213614 
-0.7 0.05 78.066648 
-0.7 0.1 90.692722 
-0.7 0.15 107.514552 
-0.7 0.2 128.171581 
-0.7 0.25 153.700945 
-0.7 0.3 190.022425 
-0.65 -1 14.828194 
-0.65 -0.95 14.787882 
-0.65 -0.9 14.812417 
-0.65 -0.85 14.481765 
-0.65 -0.8 14.241171 
-0.65 -0.75 15.432000 
-0.65 -0.7 17.141884 
-0.65 -0.65 17.202790 
-0.65 -0.6 14.620499 
-0.65 -0.55 10.143798 
-0.65 -0.5 6.834373 
-0.65 -0.45 9.549241 
-0.65 -0.4 16.050411 
-0.65 -0.35 21.388798 
-0.65 -0.3 26.465123 
-0.65 -0.25 30.641712 
-0.65 -0.2 35.720025 
-0.65 -0.15 46.489355 
-0.65 -0.1 59.340539 
-0.65 -0.05 70.883223 
-0.65 0 88.406332 
-0.65 0.05 106.619553 
-0.65 0.1 124.609310 
-0.65 0.15 148.605321 
-0.65 0.2 178.200443 
-0.65 0.25 214.345175 
-0.6 -1 14.795263 
-0.6 -0.95 14.746899 
-0.6 -0.9 14.780529 
-0.6 -0.85 14.374971 
-0.6 -0.8 14.075562 
-0.6 -0.75 15.592605 
-0.6 -0.7 17.790246 
-0.6 -0.65 17.952077 
-0.6 -0.6 14.806194 
-0.6 -0.55 9.325410 
-0.6 -0.5 5.301029 
-0.6 -0.45 8.869538 
-0.6 -0.4 17.387288 
-0.6 -0.35 24.679979 
-0.6 -0.3 32.119368 
-0.6 -0.25 38.559094 
-0.6 -0.2 46.277435 
-0.6 -0.15 61.779355 
-0.6 -0.1 80.080107 
-0.6 -0.05 96.686642 
-0.6 0 121.761897 
-0.6 0.05 147.248649 
-0.6 0.1 172.488111 
-0.6 0.15 206.321196 
-0.6 0.2 248.168846 
-0.55 -1 14.755921 
-0.55 -0.95 14.697666 
-0.55 -0.9 14.744635 
-0.55 -0.85 14.246711 
-0.55 -0.8 13.874853 
-0.55 -0.75 15.820569 
-0.55 -0.7 18.667372 
-0.55 -0.65 19.007407 
-0.55 -0.6 15.195085 
-0.55 -0.55 8.511634 
-0.55 -0.5 3.645289 
-0.55 -0.45 8.384214 
-0.55 -0.4 19.652902 
-0.55 -0.35 29.728143 
-0.55 -0.3 40.691884 
-0.55 -0.25 50.543572 
-0.55 -0.2 62.128314 
-0.55 -0.15 84.346060 
-0.55 -0.1 110.181298 
-0.55 -0.05 133.592539 
-0.55 0 168.852111 
-0.55 0.05 203.954731 
-0.55 0.1 238.695885 
-0.55 0.15 285.658620 
-0.5 -1 14.706622 
-0.5 -0.95 14.637961 
-0.5 -0.9 14.704568 
-0.5 -0.85 14.096451 
-0.5 -0.8 13.633431 
-0.5 -0.75 16.148436 
-0.5 -0.7 19.869005 
-0.5 -0.65 20.513533 
-0.5 -0.6 15.932764 
-0.5 -0.55 7.835064 
-0.5 -0.5 1.998560 
-0.5 -0.45 8.356250 
-0.5 -0.4 23.410001 
-0.5 -0.35 37.458137 
-0.5 -0.3 53.653002 
-0.5 -0.25 68.567006 
-0.5 -0.2 85.689323 
-0.5 -0.15 117.216078 
-0.5 -0.1 153.117883 
-0.5 -0.05 185.285902 
-0.5 0 233.804829 
-0.5 0.05 281.184182 
-0.5 0.1 327.923760 
-0.45 -1 14.647093 
-0.45 -0.95 14.567579 
-0.45 -0.9 14.662865 
-0.45 -0.85 13.924973 
-0.45 -0.8 13.348781 
-0.45 -0.75 16.623623 
-0.45 -0.7 21.536486 
-0.45 -0.65 22.693487 
-0.45 -0.6 17.260868 
-0.45 -0.55 7.539550 
-0.45 -0.5 0.621732 
-0.45 -0.45 9.233120 
-0.45 -0.4 29.525957 
-0.45 -0.35 49.250292 
-0.45 -0.3 73.150222 
-0.45 -0.25 95.411379 
-0.45 -0.2 120.182831 
-0.45 -0.15 164.166280 
-0.45 -0.1 212.997617 
-0.45 -0.05 255.800913 
-0.45 0 320.850845 
-0.45 0.05 383.452259 
-0.4 -1 14.574663 
-0.4 -0.95 14.486171 
-0.4 -0.9 14.625291 
-0.4 -0.85 13.736360 
-0.4 -0.8 13.019781 
-0.4 -0.75 17.320264 
-0.4 -0.7 23.877324 
-0.4 -0.65 25.892440 
-0.4 -0.6 19.573061 
-0.4 -0.55 8.066898 
-0.4 -0.5 0.000000 
-0.4 -0.45 11.769079 
-0.4 -0.4 39.324187 
-0.4 -0.35 67.126043 
-0.4 -0.3 102.193801 
-0.4 -0.25 134.815497 
-0.4 -0.2 169.644603 
-0.4 -0.15 229.546541 
-0.4 -0.1 294.044126 
-0.4 -0.05 348.915538 
-0.4 0 433.729418 
-0.35 -1 14.489935 
-0.35 -0.95 14.395194 
-0.35 -0.9 14.599777 
-0.35 -0.85 13.543916 
-0.35 -0.8 12.651209 
-0.35 -0.75 18.352268 
-0.35 -0.7 27.206616 
-0.35 -0.65 30.640452 
-0.35 -0.6 23.512633 
-0.35 -0.55 10.180231 
-0.35 -0.5 0.989081 
-0.35 -0.45 17.191135 
-0.35 -0.4 54.783335 
-0.35 -0.35 93.951133 
-0.35 -0.3 144.860902 
-0.35 -0.25 191.481636 
-0.35 -0.2 238.644978 
-0.35 -0.15 317.625384 
-0.35 -0.1 399.799382 
-0.35 -0.05 467.433384 
-0.3 -1 14.389964 
-0.3 -0.95 14.299254 
-0.3 -0.9 14.602557 
-0.3 -0.85 13.372284 
-0.3 -0.8 12.258770 
-0.3 -0.75 19.891701 
-0.3 -0.7 31.993212 
-0.3 -0.65 37.769292 
-0.3 -0.6 30.137679 
-0.3 -0.55 15.182629 
-0.3 -0.5 5.056709 
-0.3 -0.45 27.469240 
-0.3 -0.4 78.757084 
-0.3 -0.35 133.645336 
-0.3 -0.3 206.269087 
-0.3 -0.25 270.729946 
-0.3 -0.2 331.511503 
-0.3 -0.15 431.576535 
-0.3 -0.1 532.065768 
-0.25 -1 14.277456 
-0.25 -0.95 14.206759 
-0.25 -0.9 14.662051 
-0.25 -0.85 13.271469 
-0.25 -0.8 11.875932 
-0.25 -0.75 22.205661 
-0.25 -0.7 38.950982 
-0.25 -0.65 48.580012 
-0.25 -0.6 41.169759 
-0.25 -0.55 25.263644 
-0.25 -0.5 14.668306 
-0.25 -0.45 45.680172 
-0.25 -0.4 115.199757 
-0.25 -0.35 191.201284 
-0.25 -0.3 292.256943 
-0.25 -0.25 377.589740 
-0.25 -0.2 451.143193 
-0.25 -0.15 572.346604 
-0.2 -1 14.155525 
-0.2 -0.95 14.135369 
-0.2 -0.9 14.821927 
-0.2 -0.85 13.327491 
-0.2 -0.8 11.567875 
-0.2 -0.75 25.714031 
-0.2 -0.7 49.163930 
-0.2 -0.65 65.101168 
-0.2 -0.6 59.403391 
-0.2 -0.55 44.058375 
-0.2 -0.5 33.872352 
-0.2 -0.45 76.426281 
-0.2 -0.4 169.221062 
-0.2 -0.35 272.392710 
-0.2 -0.3 408.378643 
-0.2 -0.25 515.254246 
-0.2 -0.2 597.910616 
-0.15 -1 14.031098 
-0.15 -0.95 14.111759 
-0.15 -0.9 15.159379 
-0.15 -0.85 13.684766 
-0.15 -0.8 11.453955 
-0.15 -0.75 31.090251 
-0.15 -0.7 64.298188 
-0.15 -0.65 90.512904 
-0.15 -0.6 89.270225 
-0.15 -0.55 77.467614 
-0.15 -0.5 69.114720 
-0.15 -0.45 126.245332 
-0.15 -0.4 247.135836 
-0.15 -0.35 382.902577 
-0.15 -0.3 557.942785 
-0.15 -0.25 683.789481 
-0.1 -1 13.923197 
-0.1 -0.95 14.177479 
-0.1 -0.9 15.804050 
-0.1 -0.85 14.569199 
-0.1 -0.8 11.745573 
-0.1 -0.75 39.414570 
-0.1 -0.7 86.899378 
-0.1 -0.65 129.773750 
-0.1 -0.6 137.546923 
-0.1 -0.55 134.819445 
-0.1 -0.5 130.075446 
-0.1 -0.45 203.986221 
-0.1 -0.4 356.475501 
-0.1 -0.35 527.626078 
-0.1 -0.3 739.463105 
-0.05 -1 13.872424 
-0.05 -0.95 14.412853 
-0.05 -0.9 16.983065 
-0.05 -0.85 16.304656 
-0.05 -0.8 12.812157 
-0.05 -0.75 52.212730 
-0.05 -0.7 120.646568 
-0.05 -0.65 190.565236 
-0.05 -0.6 214.726993 
-0.05 -0.55 230.823959 
-0.05 -0.5 230.313784 
-0.05 -0.45 320.996446 
-0.05 -0.4 504.623327 
-0.05 -0.35 711.556873 
0 -1 13.963243 
0 -0.95 14.988110 
0 -0.9 19.120635 
0 -0.85 19.215698 
0 -0.8 15.275024 
0 -0.75 70.904122 
0 -0.7 170.759088 
0 -0.65 284.498567 
0 -0.6 337.684007 
0 -0.55 388.682902 
0 -0.5 389.105608 
0 -0.45 491.448762 
0 -0.4 691.517533 
0.05 -1 14.378103 
0.05 -0.95 16.196750 
0.05 -0.9 23.026376 
0.05 -0.85 23.809934 
0.05 -0.8 20.190151 
0.05 -0.75 98.628040 
0.05 -0.7 245.073826 
0.05 -0.65 426.428249 
0.05 -0.6 529.203097 
0.05 -0.55 635.630281 
0.05 -0.5 628.425940 
0.05 -0.45 728.748140 
0.1 -1 15.288075 
0.1 -0.95 18.558875 
0.1 -0.9 29.670713 
0.1 -0.85 32.148198 
0.1 -0.8 30.016274 
0.1 -0.75 138.917644 
0.1 -0.7 353.024236 
0.1 -0.65 635.166662 
0.1 -0.6 819.185024 
0.1 -0.55 1004.304256 
0.1 -0.5 967.843702 
0.15 -1 16.609106 
0.15 -0.95 22.982217 
0.15 -0.9 39.147787 
0.15 -0.85 45.391666 
0.15 -0.8 46.383775 
0.15 -0.75 195.914853 
0.15 -0.7 500.764273 
0.15 -0.65 931.693821 
0.15 -0.6 1236.721102 
0.15 -0.55 1483.311831 
0.2 -1 19.252766 
0.2 -0.95 31.517800 
0.2 -0.9 49.919436 
0.2 -0.85 69.168399 
0.2 -0.8 72.541454 
0.2 -0.75 278.055284 
0.2 -0.7 698.471766 
0.2 -0.65 1319.405142 
0.2 -0.6 1771.980388 
0.25 -1 25.750065 
0.25 -0.95 45.634914 
0.25 -0.9 65.933293 
0.25 -0.85 105.056819 
0.25 -0.8 113.476557 
0.25 -0.75 384.749075 
0.25 -0.7 953.980915 
0.25 -0.65 1803.399888 
0.3 -1 37.948005 
0.3 -0.95 67.148766 
0.3 -0.9 78.850288 
0.3 -0.85 162.648046 
0.3 -0.8 171.966446 
0.3 -0.75 513.382555 
0.3 -0.7 1266.255889 
0.35 -1 56.549440 
0.35 -0.95 98.108233 
0.35 -0.9 105.156565 
0.35 -0.85 243.384694 
0.35 -0.8 263.535662 
0.35 -0.75 578.761883 
0.4 -1 57.790546 
0.4 -0.95 141.769860 
0.4 -0.9 167.049533 
0.4 -0.85 384.772486 
0.4 -0.8 423.546749 
0.45 -1 67.683338 
0.45 -0.95 181.535213 
0.45 -0.9 269.992265 
0.45 -0.85 624.257565 
0.5 -1 108.867496 
0.5 -0.95 249.966869 
0.5 -0.9 498.483487 
0.55 -1 176.941830 
0.55 -0.95 361.631223 
0.6 -1 326.453402 
