-3 -2 -0.000000 
-3 -1.9 0.000000 
-3 -1.8 0.000000 
-3 -1.7 0.000000 
-3 -1.6 0.000000 
-3 -1.5 0.000000 
-3 -1.4 0.000000 
-3 -1.3 0.000000 
-3 -1.2 0.000000 
-3 -1.1 0.000000 
-3 -1 0.000000 
-3 -0.9 0.000000 
-3 -0.8 0.000000 
-3 -0.7 0.000001 
-3 -0.6 0.000001 
-3 -0.5 0.000002 
-3 -0.4 0.000008 
-3 -0.3 0.000028 
-3 -0.2 0.000047 
-3 -0.1 0.000122 
-3 0 0.000278 
-3 0.1 0.000770 
-3 0.2 0.000980 
-3 0.3 0.000836 
-3 0.4 0.001314 
-3 0.5 0.001682 
-3 0.6 0.003900 
-3 0.7 0.016258 
-3 0.8 0.104979 
-3 0.9 1.353082 
-3 1 75.727807 
-2.9 -2 -0.000000 
-2.9 -1.9 0.000000 
-2.9 -1.8 0.000000 
-2.9 -1.7 0.000000 
-2.9 -1.6 0.000000 
-2.9 -1.5 0.000000 
-2.9 -1.4 0.000000 
-2.9 -1.3 0.000000 
-2.9 -1.2 0.000000 
-2.9 -1.1 0.000000 
-2.9 -1 0.000000 
-2.9 -0.9 0.000000 
-2.9 -0.8 0.000000 
-2.9 -0.7 0.000001 
-2.9 -0.6 0.000001 
-2.9 -0.5 0.000002 
-2.9 -0.4 0.000008 
-2.9 -0.3 0.000028 
-2.9 -0.2 0.000047 
-2.9 -0.1 0.000123 
-2.9 0 0.000280 
-2.9 0.1 0.000775 
-2.9 0.2 0.000985 
-2.9 0.3 0.000842 
-2.9 0.4 0.001321 
-2.9 0.5 0.001684 
-2.9 0.6 0.003888 
-2.9 0.7 0.016199 
-2.9 0.8 0.104810 
-2.9 0.9 1.354083 
-2.9 1 75.806044 
-2.8 -2 -0.000000 
-2.8 -1.9 0.000000 
-2.8 -1.8 0.000000 
-2.8 -1.7 0.000000 
-2.8 -1.6 0.000000 
-2.8 -1.5 0.000000 
-2.8 -1.4 0.000000 
-2.8 -1.3 0.000000 
-2.8 -1.2 0.000000 
-2.8 -1.1 0.000000 
-2.8 -1 0.000000 
-2.8 -0.9 0.000000 
-2.8 -0.8 0.000000 
-2.8 -0.7 0.000001 
-2.8 -0.6 0.000001 
-2.8 -0.5 0.000002 
-2.8 -0.4 0.000008 
-2.8 -0.3 0.000029 
-2.8 -0.2 0.000048 
-2.8 -0.1 0.000124 
-2.8 0 0.000284 
-2.8 0.1 0.000782 
-2.8 0.2 0.000995 
-2.8 0.3 0.000851 
-2.8 0.4 0.001332 
-2.8 0.5 0.001688 
-2.8 0.6 0.003871 
-2.8 0.7 0.016106 
-2.8 0.8 0.104544 
-2.8 0.9 1.355674 
-2.8 1 75.929435 
-2.7 -2 -0.000000 
-2.7 -1.9 0.000000 
-2.7 -1.8 0.000000 
-2.7 -1.7 0.000000 
-2.7 -1.6 0.000000 
-2.7 -1.5 0.000000 
-2.7 -1.4 0.000000 
-2.7 -1.3 0.000000 
-2.7 -1.2 0.000000 
-2.7 -1.1 0.000000 
-2.7 -1 0.000000 
-2.7 -0.9 0.000000 
-2.7 -0.8 0.000000 
-2.7 -0.7 0.000001 
-2.7 -0.6 0.000001 
-2.7 -0.5 0.000002 
-2.7 -0.4 0.000008 
-2.7 -0.3 0.000029 
-2.7 -0.2 0.000049 
-2.7 -0.1 0.000127 
-2.7 0 0.000289 
-2.7 0.1 0.000794 
-2.7 0.2 0.001010 
-2.7 0.3 0.000867 
-2.7 0.4 0.001351 
-2.7 0.5 0.001696 
-2.7 0.6 0.003844 
-2.7 0.7 0.015961 
-2.7 0.8 0.104124 
-2.7 0.9 1.358207 
-2.7 1 76.123477 
-2.6 -2 -0.000000 
-2.6 -1.9 0.000000 
-2.6 -1.8 0.000000 
-2.6 -1.7 0.000000 
-2.6 -1.6 0.000000 
-2.6 -1.5 0.000000 
-2.6 -1.4 0.000000 
-2.6 -1.3 0.000000 
-2.6 -1.2 0.000000 
-2.6 -1.1 0.000000 
-2.6 -1 0.000000 
-2.6 -0.9 0.000000 
-2.6 -0.8 0.000000 
-2.6 -0.7 0.000001 
-2.6 -0.6 0.000001 
-2.6 -0.5 0.000003 
-2.6 -0.4 0.000008 
-2.6 -0.3 0.000030 
-2.6 -0.2 0.000050 
-2.6 -0.1 0.000131 
-2.6 0 0.000298 
-2.6 0.1 0.000812 
-2.6 0.2 0.001034 
-2.6 0.3 0.000892 
-2.6 0.4 0.001382 
-2.6 0.5 0.001709 
-2.6 0.6 0.003804 
-2.6 0.7 0.015735 
-2.6 0.8 0.103463 
-2.6 0.9 1.362252 
-2.6 1 76.427198 
-2.5 -2 -0.000000 
-2.5 -1.9 0.000000 
-2.5 -1.8 0.000000 
-2.5 -1.7 0.000000 
-2.5 -1.6 0.000000 
-2.5 -1.5 0.000000 
-2.5 -1.4 0.000000 
-2.5 -1.3 0.000000 
-2.5 -1.2 0.000000 
-2.5 -1.1 0.000000 
-2.5 -1 0.000000 
-2.5 -0.9 0.000000 
-2.5 -0.8 0.000000 
-2.5 -0.7 0.000001 
-2.5 -0.6 0.000001 
-2.5 -0.5 0.000003 
-2.5 -0.4 0.000009 
-2.5 -0.3 0.000031 
-2.5 -0.2 0.000053 
-2.5 -0.1 0.000137 
-2.5 0 0.000313 
-2.5 0.1 0.000842 
-2.5 0.2 0.001073 
-2.5 0.3 0.000934 
-2.5 0.4 0.001434 
-2.5 0.5 0.001733 
-2.5 0.6 0.003746 
-2.5 0.7 0.015384 
-2.5 0.8 0.102424 
-2.5 0.9 1.368738 
-2.5 1 76.898996 
-2.4 -2 -0.000000 
-2.4 -1.9 0.000000 
-2.4 -1.8 0.000000 
-2.4 -1.7 0.000000 
-2.4 -1.6 0.000000 
-2.4 -1.5 0.000000 
-2.4 -1.4 0.000000 
-2.4 -1.3 0.000000 
-2.4 -1.2 0.000000 
-2.4 -1.1 0.000000 
-2.4 -1 0.000000 
-2.4 -0.9 0.000000 
-2.4 -0.8 0.000000 
-2.4 -0.7 0.000001 
-2.4 -0.6 0.000001 
-2.4 -0.5 0.000003 
-2.4 -0.4 0.000009 
-2.4 -0.3 0.000033 
-2.4 -0.2 0.000057 
-2.4 -0.1 0.000148 
-2.4 0 0.000337 
-2.4 0.1 0.000892 
-2.4 0.2 0.001137 
-2.4 0.3 0.001003 
-2.4 0.4 0.001522 
-2.4 0.5 0.001782 
-2.4 0.6 0.003670 
-2.4 0.7 0.014851 
-2.4 0.8 0.100804 
-2.4 0.9 1.379213 
-2.4 1 77.622822 
-2.3 -2 -0.000000 
-2.3 -1.9 0.000000 
-2.3 -1.8 0.000000 
-2.3 -1.7 0.000000 
-2.3 -1.6 0.000000 
-2.3 -1.5 0.000000 
-2.3 -1.4 0.000000 
-2.3 -1.3 0.000000 
-2.3 -1.2 0.000000 
-2.3 -1.1 0.000000 
-2.3 -1 0.000000 
-2.3 -0.9 0.000000 
-2.3 -0.8 0.000000 
-2.3 -0.7 0.000001 
-2.3 -0.6 0.000001 
-2.3 -0.5 0.000003 
-2.3 -0.4 0.000010 
-2.3 -0.3 0.000036 
-2.3 -0.2 0.000065 
-2.3 -0.1 0.000167 
-2.3 0 0.000378 
-2.3 0.1 0.000974 
-2.3 0.2 0.001246 
-2.3 0.3 0.001124 
-2.3 0.4 0.001677 
-2.3 0.5 0.001885 
-2.3 0.6 0.003588 
-2.3 0.7 0.014060 
-2.3 0.8 0.098299 
-2.3 0.9 1.396306 
-2.3 1 78.710685 
-2.2 -2 0.000000 
-2.2 -1.9 0.000000 
-2.2 -1.8 0.000000 
-2.2 -1.7 0.000000 
-2.2 -1.6 0.000000 
-2.2 -1.5 0.000000 
-2.2 -1.4 0.000000 
-2.2 -1.3 0.000000 
-2.2 -1.2 0.000000 
-2.2 -1.1 0.000000 
-2.2 -1 0.000000 
-2.2 -0.9 0.000000 
-2.2 -0.8 0.000000 
-2.2 -0.7 0.000001 
-2.2 -0.6 0.000001 
-2.2 -0.5 0.000004 
-2.2 -0.4 0.000012 
-2.2 -0.3 0.000042 
-2.2 -0.2 0.000078 
-2.2 -0.1 0.000199 
-2.2 0 0.000449 
-2.2 0.1 0.001116 
-2.2 0.2 0.001434 
-2.2 0.3 0.001338 
-2.2 0.4 0.001963 
-2.2 0.5 0.002113 
-2.2 0.6 0.003554 
-2.2 0.7 0.012945 
-2.2 0.8 0.094487 
-2.2 0.9 1.424666 
-2.2 1 80.291101 
-2.1 -2 0.000000 
-2.1 -1.9 0.000000 
-2.1 -1.8 0.000000 
-2.1 -1.7 0.000000 
-2.1 -1.6 0.000000 
-2.1 -1.5 0.000000 
-2.1 -1.4 0.000000 
-2.1 -1.3 0.000000 
-2.1 -1.2 0.000000 
-2.1 -1.1 0.000000 
-2.1 -1 0.000000 
-2.1 -0.9 0.000000 
-2.1 -0.8 0.000000 
-2.1 -0.7 0.000001 
-2.1 -0.6 0.000002 
-2.1 -0.5 0.000005 
-2.1 -0.4 0.000015 
-2.1 -0.3 0.000052 
-2.1 -0.2 0.000102 
-2.1 -0.1 0.000258 
-2.1 0 0.000578 
-2.1 0.1 0.001369 
-2.1 0.2 0.001773 
-2.1 0.3 0.001740 
-2.1 0.4 0.002514 
-2.1 0.5 0.002634 
-2.1 0.6 0.003742 
-2.1 0.7 0.011523 
-2.1 0.8 0.088841 
-2.1 0.9 1.472930 
-2.1 1 82.471664 
-2 -2 0.000000 
-2 -1.9 0.000000 
-2 -1.8 0.000000 
-2 -1.7 0.000000 
-2 -1.6 0.000000 
-2 -1.5 0.000000 
-2 -1.4 0.000000 
-2 -1.3 0.000000 
-2 -1.2 0.000000 
-2 -1.1 0.000000 
-2 -1 0.000000 
-2 -0.9 0.000000 
-2 -0.8 0.000000 
-2 -0.7 0.000001 
-2 -0.6 0.000002 
-2 -0.5 0.000007 
-2 -0.4 0.000020 
-2 -0.3 0.000071 
-2 -0.2 0.000149 
-2 -0.1 0.000371 
-2 0 0.000823 
-2 0.1 0.001838 
-2 0.2 0.002414 
-2 0.3 0.002529 
-2 0.4 0.003634 
-2 0.5 0.003863 
-2 0.6 0.004648 
-2 0.7 0.010138 
-2 0.8 0.080876 
-2 0.9 1.558302 
-2 1 85.345776 
-1.9 -2 0.000000 
-1.9 -1.9 0.000000 
-1.9 -1.8 0.000000 
-1.9 -1.7 0.000000 
-1.9 -1.6 0.000000 
-1.9 -1.5 0.000000 
-1.9 -1.4 0.000000 
-1.9 -1.3 0.000000 
-1.9 -1.2 0.000000 
-1.9 -1.1 0.000000 
-1.9 -1 0.000000 
-1.9 -0.9 0.000000 
-1.9 -0.8 0.000001 
-1.9 -0.7 0.000002 
-1.9 -0.6 0.000004 
-1.9 -0.5 0.000011 
-1.9 -0.4 0.000031 
-1.9 -0.3 0.000110 
-1.9 -0.2 0.000243 
-1.9 -0.1 0.000599 
-1.9 0 0.001312 
-1.9 0.1 0.002755 
-1.9 0.2 0.003686 
-1.9 0.3 0.004167 
-1.9 0.4 0.006030 
-1.9 0.5 0.006809 
-1.9 0.6 0.007609 
-1.9 0.7 0.010118 
-1.9 0.8 0.070673 
-1.9 0.9 1.718328 
-1.8 -2 0.000000 
-1.8 -1.9 0.000000 
-1.8 -1.8 0.000000 
-1.8 -1.7 0.000000 
-1.8 -1.6 0.000000 
-1.8 -1.5 0.000000 
-1.8 -1.4 0.000000 
-1.8 -1.3 0.000000 
-1.8 -1.2 0.000000 
-1.8 -1.1 0.000000 
-1.8 -1 0.000000 
-1.8 -0.9 0.000000 
-1.8 -0.8 0.000001 
-1.8 -0.7 0.000003 
-1.8 -0.6 0.000007 
-1.8 -0.5 0.000019 
-1.8 -0.4 0.000053 
-1.8 -0.3 0.000192 
-1.8 -0.2 0.000446 
-1.8 -0.1 0.001084 
-1.8 0 0.002343 
-1.8 0.1 0.004644 
-1.8 0.2 0.006350 
-1.8 0.3 0.007732 
-1.8 0.4 0.011390 
-1.8 0.5 0.013953 
-1.8 0.6 0.016128 
-1.8 0.7 0.015534 
-1.8 0.8 0.060402 
-1.8 0.9 2.045377 
-1.7 -2 0.000000 
-1.7 -1.9 0.000000 
-1.7 -1.8 0.000000 
-1.7 -1.7 0.000000 
-1.7 -1.6 0.000000 
-1.7 -1.5 0.000000 
-1.7 -1.4 0.000000 
-1.7 -1.3 0.000000 
-1.7 -1.2 0.000000 
-1.7 -1.1 0.000000 
-1.7 -1 0.000000 
-1.7 -0.9 0.000001 
-1.7 -0.8 0.000002 
-1.7 -0.7 0.000006 
-1.7 -0.6 0.000014 
-1.7 -0.5 0.000037 
-1.7 -0.4 0.000102 
-1.7 -0.3 0.000374 
-1.7 -0.2 0.000900 
-1.7 -0.1 0.002160 
-1.7 0 0.004617 
-1.7 0.1 0.008734 
-1.7 0.2 0.012200 
-1.7 0.3 0.015820 
-1.7 0.4 0.023814 
-1.7 0.5 0.031501 
-1.7 0.6 0.039043 
-1.7 0.7 0.037729 
-1.7 0.8 0.058183 
-1.7 0.9 2.805760 
-1.6 -2 0.000000 
-1.6 -1.9 0.000000 
-1.6 -1.8 0.000000 
-1.6 -1.7 0.000000 
-1.6 -1.6 0.000000 
-1.6 -1.5 0.000000 
-1.6 -1.4 0.000000 
-1.6 -1.3 0.000000 
-1.6 -1.2 0.000000 
-1.6 -1.1 0.000000 
-1.6 -1 0.000001 
-1.6 -0.9 0.000002 
-1.6 -0.8 0.000005 
-1.6 -0.7 0.000013 
-1.6 -0.6 0.000029 
-1.6 -0.5 0.000079 
-1.6 -0.4 0.000213 
-1.6 -0.3 0.000790 
-1.6 -0.2 0.001951 
-1.6 -0.1 0.004644 
-1.6 0 0.009833 
-1.6 0.1 0.017969 
-1.6 0.2 0.025565 
-1.6 0.3 0.034778 
-1.6 0.4 0.053398 
-1.6 0.5 0.074991 
-1.6 0.6 0.098944 
-1.6 0.7 0.106584 
-1.6 0.8 0.086777 
-1.6 0.9 4.943544 
-1.5 -2 0.000000 
-1.5 -1.9 0.000000 
-1.5 -1.8 0.000000 
-1.5 -1.7 0.000000 
-1.5 -1.6 0.000000 
-1.5 -1.5 0.000000 
-1.5 -1.4 0.000000 
-1.5 -1.3 0.000000 
-1.5 -1.2 0.000000 
-1.5 -1.1 0.000001 
-1.5 -1 0.000002 
-1.5 -0.9 0.000004 
-1.5 -0.8 0.000011 
-1.5 -0.7 0.000028 
-1.5 -0.6 0.000065 
-1.5 -0.5 0.000177 
-1.5 -0.4 0.000473 
-1.5 -0.3 0.001772 
-1.5 -0.2 0.004454 
-1.5 -0.1 0.010534 
-1.5 0 0.022152 
-1.5 0.1 0.039538 
-1.5 0.2 0.057053 
-1.5 0.3 0.080294 
-1.5 0.4 0.125241 
-1.5 0.5 0.183453 
-1.5 0.6 0.253266 
-1.5 0.7 0.297608 
-1.5 0.8 0.199096 
-1.5 0.9 12.581484 
-1.4 -2 0.000000 
-1.4 -1.9 0.000000 
-1.4 -1.8 0.000000 
-1.4 -1.7 0.000000 
-1.4 -1.6 0.000000 
-1.4 -1.5 0.000000 
-1.4 -1.4 0.000000 
-1.4 -1.3 0.000000 
-1.4 -1.2 0.000001 
-1.4 -1.1 0.000002 
-1.4 -1 0.000005 
-1.4 -0.9 0.000009 
-1.4 -0.8 0.000025 
-1.4 -0.7 0.000063 
-1.4 -0.6 0.000153 
-1.4 -0.5 0.000414 
-1.4 -0.4 0.001097 
-1.4 -0.3 0.004141 
-1.4 -0.2 0.010524 
-1.4 -0.1 0.024789 
-1.4 0 0.051880 
-1.4 0.1 0.091180 
-1.4 0.2 0.132933 
-1.4 0.3 0.191479 
-1.4 0.4 0.302174 
-1.4 0.5 0.455265 
-1.4 0.6 0.647521 
-1.4 0.7 0.799718 
-1.4 0.8 0.489031 
-1.4 0.9 40.746938 
-1.3 -2 0.000000 
-1.3 -1.9 0.000000 
-1.3 -1.8 0.000000 
-1.3 -1.7 0.000000 
-1.3 -1.6 0.000000 
-1.3 -1.5 0.000000 
-1.3 -1.4 0.000000 
-1.3 -1.3 0.000001 
-1.3 -1.2 0.000001 
-1.3 -1.1 0.000005 
-1.3 -1 0.000012 
-1.3 -0.9 0.000022 
-1.3 -0.8 0.000059 
-1.3 -0.7 0.000151 
-1.3 -0.6 0.000367 
-1.3 -0.5 0.000994 
-1.3 -0.4 0.002620 
-1.3 -0.3 0.009936 
-1.3 -0.2 0.025441 
-1.3 -0.1 0.059784 
-1.3 0 0.124710 
-1.3 0.1 0.217065 
-1.3 0.2 0.318792 
-1.3 0.3 0.466540 
-1.3 0.4 0.742543 
-1.3 0.5 1.139295 
-1.3 0.6 1.649669 
-1.3 0.7 2.065226 
-1.3 0.8 1.059296 
-1.2 -2 0.000000 
-1.2 -1.9 0.000000 
-1.2 -1.8 0.000000 
-1.2 -1.7 0.000000 
-1.2 -1.6 0.000000 
-1.2 -1.5 0.000000 
-1.2 -1.4 0.000001 
-1.2 -1.3 0.000001 
-1.2 -1.2 0.000003 
-1.2 -1.1 0.000011 
-1.2 -1 0.000029 
-1.2 -0.9 0.000053 
-1.2 -0.8 0.000144 
-1.2 -0.7 0.000365 
-1.2 -0.6 0.000898 
-1.2 -0.5 0.002428 
-1.2 -0.4 0.006373 
-1.2 -0.3 0.024254 
-1.2 -0.2 0.062438 
-1.2 -0.1 0.146574 
-1.2 0 0.305068 
-1.2 0.1 0.527923 
-1.2 0.2 0.779486 
-1.2 0.3 1.153694 
-1.2 0.4 1.848086 
-1.2 0.5 2.867798 
-1.2 0.6 4.186802 
-1.2 0.7 5.082302 
-1.2 0.8 3.144556 
-1.1 -2 0.000000 
-1.1 -1.9 0.000000 
-1.1 -1.8 0.000000 
-1.1 -1.7 0.000000 
-1.1 -1.6 0.000000 
-1.1 -1.5 0.000000 
-1.1 -1.4 0.000002 
-1.1 -1.3 0.000003 
-1.1 -1.2 0.000008 
-1.1 -1.1 0.000028 
-1.1 -1 0.000073 
-1.1 -0.9 0.000129 
-1.1 -0.8 0.000355 
-1.1 -0.7 0.000896 
-1.1 -0.6 0.002217 
-1.1 -0.5 0.005993 
-1.1 -0.4 0.015688 
-1.1 -0.3 0.059854 
-1.1 -0.2 0.154823 
-1.1 -0.1 0.363498 
-1.1 0 0.755302 
-1.1 0.1 1.303030 
-1.1 0.2 1.932074 
-1.1 0.3 2.884882 
-1.1 0.4 4.645873 
-1.1 0.5 7.253975 
-1.1 0.6 10.567653 
-1.1 0.7 11.442974 
-1.1 0.8 26.423747 
-1 -2 0.000000 
-1 -1.9 0.000000 
-1 -1.8 0.000000 
-1 -1.7 0.000000 
-1 -1.6 0.000001 
-1 -1.5 0.000001 
-1 -1.4 0.000004 
-1 -1.3 0.000008 
-1 -1.2 0.000020 
-1 -1.1 0.000069 
-1 -1 0.000180 
-1 -0.9 0.000321 
-1 -0.8 0.000882 
-1 -0.7 0.002221 
-1 -0.6 0.005516 
-1 -0.5 0.014904 
-1 -0.4 0.038921 
-1 -0.3 0.148777 
-1 -0.2 0.386812 
-1 -0.1 0.909313 
-1 0 1.886576 
-1 0.1 3.251020 
-1 0.2 4.838847 
-1 0.3 7.282225 
-1 0.4 11.783726 
-1 0.5 18.421733 
-1 0.6 26.325757 
-1 0.7 20.440524 
-0.9 -2 0.000000 
-0.9 -1.9 0.000000 
-0.9 -1.8 0.000000 
-0.9 -1.7 0.000001 
-0.9 -1.6 0.000002 
-0.9 -1.5 0.000002 
-0.9 -1.4 0.000011 
-0.9 -1.3 0.000020 
-0.9 -1.2 0.000051 
-0.9 -1.1 0.000171 
-0.9 -1 0.000450 
-0.9 -0.9 0.000801 
-0.9 -0.8 0.002197 
-0.9 -0.7 0.005541 
-0.9 -0.6 0.013795 
-0.9 -0.5 0.037266 
-0.9 -0.4 0.097059 
-0.9 -0.3 0.371593 
-0.9 -0.2 0.972483 
-0.9 -0.1 2.291900 
-0.9 0 4.745551 
-0.9 0.1 8.180592 
-0.9 0.2 12.224131 
-0.9 0.3 18.543646 
-0.9 0.4 30.132795 
-0.9 0.5 46.824467 
-0.9 0.6 63.091695 
-0.9 0.7 27.157316 
-0.8 -2 0.000000 
-0.8 -1.9 0.000000 
-0.8 -1.8 0.000001 
-0.8 -1.7 0.000002 
-0.8 -1.6 0.000004 
-0.8 -1.5 0.000006 
-0.8 -1.4 0.000028 
-0.8 -1.3 0.000049 
-0.8 -1.2 0.000128 
-0.8 -1.1 0.000427 
-0.8 -1 0.001127 
-0.8 -0.9 0.002004 
-0.8 -0.8 0.005490 
-0.8 -0.7 0.013891 
-0.8 -0.6 0.034657 
-0.8 -0.5 0.093592 
-0.8 -0.4 0.242915 
-0.8 -0.3 0.931183 
-0.8 -0.2 2.459876 
-0.8 -0.1 5.820433 
-0.8 0 12.007081 
-0.8 0.1 20.725365 
-0.8 0.2 31.104474 
-0.8 0.3 47.570682 
-0.8 0.4 77.458148 
-0.8 0.5 117.882472 
-0.8 0.6 134.020179 
-0.8 0.7 69.871529 
-0.7 -2 0.000000 
-0.7 -1.9 0.000001 
-0.7 -1.8 0.000002 
-0.7 -1.7 0.000005 
-0.7 -1.6 0.000010 
-0.7 -1.5 0.000016 
-0.7 -1.4 0.000069 
-0.7 -1.3 0.000123 
-0.7 -1.2 0.000325 
-0.7 -1.1 0.001067 
-0.7 -1 0.002831 
-0.7 -0.9 0.005030 
-0.7 -0.8 0.013743 
-0.7 -0.7 0.034971 
-0.7 -0.6 0.087498 
-0.7 -0.5 0.236095 
-0.7 -0.4 0.609657 
-0.7 -0.3 2.338334 
-0.7 -0.2 6.263966 
-0.7 -0.1 14.900957 
-0.7 0 30.492747 
-0.7 0.1 52.694404 
-0.7 0.2 79.431177 
-0.7 0.3 122.257039 
-0.7 0.4 198.044367 
-0.7 0.5 284.992699 
-0.7 0.6 215.265667 
-0.6 -2 0.000001 
-0.6 -1.9 0.000001 
-0.6 -1.8 0.000004 
-0.6 -1.7 0.000011 
-0.6 -1.6 0.000026 
-0.6 -1.5 0.000039 
-0.6 -1.4 0.000172 
-0.6 -1.3 0.000311 
-0.6 -1.2 0.000828 
-0.6 -1.1 0.002664 
-0.6 -1 0.007130 
-0.6 -0.9 0.012682 
-0.6 -0.8 0.034438 
-0.6 -0.7 0.088350 
-0.6 -0.6 0.222457 
-0.6 -0.5 0.598780 
-0.6 -0.4 1.534107 
-0.6 -0.3 5.873536 
-0.6 -0.2 16.067743 
-0.6 -0.1 38.436222 
-0.6 0 77.232929 
-0.6 0.1 133.239312 
-0.6 0.2 201.379666 
-0.6 0.3 309.437853 
-0.6 0.4 489.469888 
-0.6 0.5 608.853743 
-0.6 0.6 298.556699 
-0.5 -2 0.000002 
-0.5 -1.9 0.000004 
-0.5 -1.8 0.000011 
-0.5 -1.7 0.000029 
-0.5 -1.6 0.000067 
-0.5 -1.5 0.000098 
-0.5 -1.4 0.000424 
-0.5 -1.3 0.000782 
-0.5 -1.2 0.002140 
-0.5 -1.1 0.006634 
-0.5 -1 0.018001 
-0.5 -0.9 0.032224 
-0.5 -0.8 0.086403 
-0.5 -0.7 0.223504 
-0.5 -0.6 0.572004 
-0.5 -0.5 1.529715 
-0.5 -0.4 3.872784 
-0.5 -0.3 14.699212 
-0.5 -0.2 41.459561 
-0.5 -0.1 99.341905 
-0.5 0 191.815940 
-0.5 0.1 327.450036 
-0.5 0.2 493.529400 
-0.5 0.3 742.397245 
-0.5 0.4 1102.504400 
-0.5 0.5 1006.341838 
-0.4 -2 0.000004 
-0.4 -1.9 0.000009 
-0.4 -1.8 0.000028 
-0.4 -1.7 0.000072 
-0.4 -1.6 0.000169 
-0.4 -1.5 0.000250 
-0.4 -1.4 0.001040 
-0.4 -1.3 0.001971 
-0.4 -1.2 0.005633 
-0.4 -1.1 0.016431 
-0.4 -1 0.045534 
-0.4 -0.9 0.083117 
-0.4 -0.8 0.217390 
-0.4 -0.7 0.560814 
-0.4 -0.6 1.496340 
-0.4 -0.5 3.946112 
-0.4 -0.4 9.829896 
-0.4 -0.3 36.355299 
-0.4 -0.2 106.675356 
-0.4 -0.1 252.404539 
-0.4 0 451.020907 
-0.4 0.1 746.672206 
-0.4 0.2 1113.927175 
-0.4 0.3 1590.830789 
-0.4 0.4 2063.674761 
-0.4 0.5 1417.986664 
-0.3 -2 0.000011 
-0.3 -1.9 0.000023 
-0.3 -1.8 0.000075 
-0.3 -1.7 0.000177 
-0.3 -1.6 0.000427 
-0.3 -1.5 0.000653 
-0.3 -1.4 0.002525 
-0.3 -1.3 0.004935 
-0.3 -1.2 0.015309 
-0.3 -1.1 0.040355 
-0.3 -1 0.115239 
-0.3 -0.9 0.218728 
-0.3 -0.8 0.551321 
-0.3 -0.7 1.355953 
-0.3 -0.6 3.964125 
-0.3 -0.5 10.286299 
-0.3 -0.4 25.227097 
-0.3 -0.3 88.021470 
-0.3 -0.2 266.263563 
-0.3 -0.1 603.277877 
-0.3 0 957.197599 
-0.3 0.1 1472.983042 
-0.3 0.2 2192.652020 
-0.3 0.3 2870.927271 
-0.3 0.4 2819.795448 
-0.2 -2 0.000032 
-0.2 -1.9 0.000060 
-0.2 -1.8 0.000192 
-0.2 -1.7 0.000432 
-0.2 -1.6 0.001069 
-0.2 -1.5 0.001768 
-0.2 -1.4 0.006061 
-0.2 -1.3 0.012234 
-0.2 -1.2 0.043721 
-0.2 -1.1 0.098809 
-0.2 -1 0.283069 
-0.2 -0.9 0.570702 
-0.2 -0.8 1.425810 
-0.2 -0.7 3.110913 
-0.2 -0.6 9.960975 
-0.2 -0.5 26.769461 
-0.2 -0.4 65.606540 
-0.2 -0.3 207.878973 
-0.2 -0.2 606.051796 
-0.2 -0.1 1263.985154 
-0.2 0 1785.916375 
-0.2 0.1 2383.027967 
-0.2 0.2 3627.392198 
-0.2 0.3 4131.245790 
-0.2 0.4 3046.359297 
-0.1 -2 0.000100 
-0.1 -1.9 0.000163 
-0.1 -1.8 0.000447 
-0.1 -1.7 0.001154 
-0.1 -1.6 0.003038 
-0.1 -1.5 0.004749 
-0.1 -1.4 0.014667 
-0.1 -1.3 0.029984 
-0.1 -1.2 0.130609 
-0.1 -1.1 0.248497 
-0.1 -1 0.556328 
-0.1 -0.9 1.395683 
-0.1 -0.8 3.898453 
-0.1 -0.7 8.394901 
-0.1 -0.6 21.570560 
-0.1 -0.5 64.687053 
-0.1 -0.4 164.338870 
-0.1 -0.3 469.094549 
-0.1 -0.2 1152.618489 
-0.1 -0.1 2116.960693 
-0.1 0 2897.944725 
-0.1 0.1 3324.108775 
-0.1 0.2 4777.011166 
-0.1 0.3 4331.113281 
0 -2 0.000228 
0 -1.9 0.000456 
0 -1.8 0.001005 
0 -1.7 0.002759 
0 -1.6 0.009334 
0 -1.5 0.014973 
0 -1.4 0.040220 
0 -1.3 0.071460 
0 -1.2 0.362026 
0 -1.1 0.651517 
0 -1 1.188867 
0 -0.9 3.696099 
0 -0.8 10.973021 
0 -0.7 29.078449 
0 -0.6 60.659493 
0 -0.5 140.004996 
0 -0.4 337.464542 
0 -0.3 1029.531087 
0 -0.2 1817.740436 
0 -0.1 2574.889574 
0 0 4022.410402 
0 0.1 4431.894708 
0 0.2 5323.090646 
0 0.3 4945.589500 
0.1 -2 0.000358 
0.1 -1.9 0.001131 
0.1 -1.8 0.002622 
0.1 -1.7 0.005477 
0.1 -1.6 0.015661 
0.1 -1.5 0.053563 
0.1 -1.4 0.097355 
0.1 -1.3 0.193253 
0.1 -1.2 0.613060 
0.1 -1.1 1.946974 
0.1 -1 4.182969 
0.1 -0.9 13.609404 
0.1 -0.8 27.454928 
0.1 -0.7 80.500682 
0.1 -0.6 218.531407 
0.1 -0.5 362.343673 
0.1 -0.4 722.325244 
0.1 -0.3 1322.916674 
0.1 -0.2 2322.889250 
0.1 -0.1 3075.168215 
0.1 0 4526.430363 
0.1 0.1 5019.420728 
0.1 0.2 4829.691229 
0.2 -2 0.000842 
0.2 -1.9 0.001889 
0.2 -1.8 0.007183 
0.2 -1.7 0.011197 
0.2 -1.6 0.029711 
0.2 -1.5 0.107884 
0.2 -1.4 0.265972 
0.2 -1.3 0.908065 
0.2 -1.2 0.932349 
0.2 -1.1 3.302847 
0.2 -1 10.628259 
0.2 -0.9 24.001411 
0.2 -0.8 48.717286 
0.2 -0.7 123.986228 
0.2 -0.6 296.595828 
0.2 -0.5 1022.467104 
0.2 -0.4 1167.869511 
0.2 -0.3 1961.764849 
0.2 -0.2 3560.456123 
0.2 -0.1 3904.316584 
0.2 0 4596.677175 
0.2 0.1 4574.991899 
0.2 0.2 5863.312157 
0.3 -2 0.002938 
0.3 -1.9 0.004523 
0.3 -1.8 0.014011 
0.3 -1.7 0.032659 
0.3 -1.6 0.082382 
0.3 -1.5 0.285114 
0.3 -1.4 0.837563 
0.3 -1.3 1.639765 
0.3 -1.2 4.764856 
0.3 -1.1 8.267541 
0.3 -1 20.155097 
0.3 -0.9 54.674703 
0.3 -0.8 116.629676 
0.3 -0.7 491.202824 
0.3 -0.6 924.803969 
0.3 -0.5 1426.299590 
0.3 -0.4 2261.297982 
0.3 -0.3 3638.242600 
0.3 -0.2 3368.367956 
0.3 -0.1 5927.105523 
0.3 0 4450.885219 
0.3 0.1 4660.803439 
0.4 -2 0.005504 
0.4 -1.9 0.012816 
0.4 -1.8 0.037589 
0.4 -1.7 0.096267 
0.4 -1.6 0.298514 
0.4 -1.5 0.506695 
0.4 -1.4 2.050962 
0.4 -1.3 3.557660 
0.4 -1.2 11.406787 
0.4 -1.1 34.693049 
0.4 -1 54.410412 
0.4 -0.9 167.066314 
0.4 -0.8 214.336987 
0.4 -0.7 718.098491 
0.4 -0.6 1166.142227 
0.4 -0.5 2109.798053 
0.4 -0.4 2824.912816 
0.4 -0.3 3308.186512 
0.4 -0.2 5139.871625 
0.4 -0.1 4003.044963 
0.4 0 4769.540550 
0.4 0.1 6335.977358 
0.5 -2 0.015821 
0.5 -1.9 0.028185 
0.5 -1.8 0.097714 
0.5 -1.7 0.230574 
0.5 -1.6 0.774540 
0.5 -1.5 1.460312 
0.5 -1.4 4.469482 
0.5 -1.3 9.854038 
0.5 -1.2 28.226727 
0.5 -1.1 99.239691 
0.5 -1 212.877819 
0.5 -0.9 431.742237 
0.5 -0.8 832.040668 
0.5 -0.7 777.195583 
0.5 -0.6 2395.323215 
0.5 -0.5 3011.136549 
0.5 -0.4 3908.630135 
0.5 -0.3 5127.736217 
0.5 -0.2 4019.423078 
0.5 -0.1 5583.582747 
0.5 0 6059.391098 
0.6 -2 0.036223 
0.6 -1.9 0.085924 
0.6 -1.8 0.255576 
0.6 -1.7 0.562952 
0.6 -1.6 1.244761 
0.6 -1.5 4.117974 
0.6 -1.4 11.346528 
0.6 -1.3 27.521157 
0.6 -1.2 76.473234 
0.6 -1.1 132.704381 
0.6 -1 303.567767 
0.6 -0.9 1373.198739 
0.6 -0.8 1437.023849 
0.6 -0.7 2048.546087 
0.6 -0.6 4321.537179 
0.6 -0.5 4416.564600 
0.6 -0.4 4691.944326 
0.6 -0.3 4375.497261 
0.6 -0.2 4443.354860 
0.6 -0.1 4840.930616 
0.6 0 7531.847664 
0.7 -2 0.111375 
0.7 -1.9 0.276767 
0.7 -1.8 0.718720 
0.7 -1.7 1.440979 
0.7 -1.6 4.248942 
0.7 -1.5 9.119366 
0.7 -1.4 21.897645 
0.7 -1.3 75.452856 
0.7 -1.2 178.676950 
0.7 -1.1 306.487785 
0.7 -1 856.252770 
0.7 -0.9 1215.887062 
0.7 -0.8 2026.270058 
0.7 -0.7 2805.090443 
0.7 -0.6 3574.272640 
0.7 -0.5 4593.316170 
0.7 -0.4 4409.275227 
0.7 -0.3 4448.033157 
0.7 -0.2 6177.718716 
0.7 -0.1 6225.295395 
0.8 -2 0.245566 
0.8 -1.9 0.700234 
0.8 -1.8 1.620182 
0.8 -1.7 4.666136 
0.8 -1.6 8.903522 
0.8 -1.5 26.037990 
0.8 -1.4 77.699137 
0.8 -1.3 104.543831 
0.8 -1.2 427.882063 
0.8 -1.1 635.072215 
0.8 -1 1221.074670 
0.8 -0.9 2006.454796 
0.8 -0.8 2247.116971 
0.8 -0.7 3915.821477 
0.8 -0.6 4619.987680 
0.8 -0.5 5319.027365 
0.8 -0.4 4172.026263 
0.8 -0.3 6654.741081 
0.8 -0.2 7439.787341 
0.8 -0.1 8765.369033 
0.9 -2 0.602826 
0.9 -1.9 2.149228 
0.9 -1.8 3.838881 
0.9 -1.7 11.655903 
0.9 -1.6 31.745086 
0.9 -1.5 84.401152 
0.9 -1.4 125.158089 
0.9 -1.3 335.446188 
0.9 -1.2 994.193978 
0.9 -1.1 1294.527447 
0.9 -1 2196.789276 
0.9 -0.9 2813.560224 
0.9 -0.8 4706.359535 
0.9 -0.7 4867.033356 
0.9 -0.6 4475.350362 
0.9 -0.5 4656.910427 
0.9 -0.4 5353.110718 
0.9 -0.3 8670.461832 
0.9 -0.2 9462.049421 
1 -2 1.447154 
1 -1.9 2.368903 
1 -1.8 12.862638 
1 -1.7 20.536099 
1 -1.6 64.078088 
1 -1.5 238.237394 
1 -1.4 331.086243 
1 -1.3 938.194416 
1 -1.2 1667.312171 
1 -1.1 2148.682875 
1 -1 3425.465742 
1 -0.9 4064.013487 
1 -0.8 5026.773398 
1 -0.7 5075.158606 
1 -0.6 5352.481973 
1 -0.5 5804.398489 
1 -0.4 6601.626517 
1 -0.3 8347.539882 
1 -0.2 10746.709515 
1.1 -2 3.142983 
1.1 -1.9 9.664744 
1.1 -1.8 22.325909 
1.1 -1.7 31.025522 
1.1 -1.6 144.103258 
1.1 -1.5 264.915802 
1.1 -1.4 1148.483647 
1.1 -1.3 1619.109814 
1.1 -1.2 2088.733812 
1.1 -1.1 2883.990630 
1.1 -1 4235.886671 
1.1 -0.9 6031.307216 
1.1 -0.8 4719.372001 
1.1 -0.7 3949.831442 
1.1 -0.6 6145.899257 
1.1 -0.5 7319.865366 
1.1 -0.4 7678.721345 
1.1 -0.3 10463.942485 
1.2 -2 11.174809 
1.2 -1.9 19.981477 
1.2 -1.8 81.914177 
1.2 -1.7 142.951236 
1.2 -1.6 308.515311 
1.2 -1.5 760.804401 
1.2 -1.4 1783.792644 
1.2 -1.3 1922.971859 
1.2 -1.2 3076.388695 
1.2 -1.1 4141.035696 
1.2 -1 5223.736905 
1.2 -0.9 4359.005007 
1.2 -0.8 4324.398947 
1.2 -0.7 4403.937514 
1.2 -0.6 6460.038063 
1.2 -0.5 7529.255589 
1.2 -0.4 10611.546371 
1.2 -0.3 12677.527656 
1.3 -2 26.172342 
1.3 -1.9 62.831154 
1.3 -1.8 133.158462 
1.3 -1.7 412.548277 
1.3 -1.6 622.888234 
1.3 -1.5 900.204500 
1.3 -1.4 1926.885653 
1.3 -1.3 2988.511033 
1.3 -1.2 3366.181943 
1.3 -1.1 5318.140389 
1.3 -1 5308.134808 
1.3 -0.9 5163.947902 
1.3 -0.8 5547.278811 
1.3 -0.7 7275.858126 
1.3 -0.6 7343.261707 
1.3 -0.5 7802.150617 
1.3 -0.4 13114.364242 
1.4 -2 80.297945 
1.4 -1.9 226.488234 
1.4 -1.8 270.161040 
1.4 -1.7 604.418269 
1.4 -1.6 924.585518 
1.4 -1.5 1757.052514 
1.4 -1.4 4067.876421 
1.4 -1.3 3431.564387 
1.4 -1.2 4138.251242 
1.4 -1.1 4828.007349 
1.4 -1 5153.790702 
1.4 -0.9 6784.152554 
1.4 -0.8 6066.405888 
1.4 -0.7 7366.404419 
1.4 -0.6 9504.727710 
1.4 -0.5 12480.999163 
1.4 -0.4 14088.735284 
1.5 -2 103.536446 
1.5 -1.9 335.314368 
1.5 -1.8 973.612471 
1.5 -1.7 1573.885793 
1.5 -1.6 2032.865351 
1.5 -1.5 2396.811166 
1.5 -1.4 3973.080566 
1.5 -1.3 5116.855080 
1.5 -1.2 4459.351427 
1.5 -1.1 3972.716344 
1.5 -1 6116.153744 
1.5 -0.9 6797.514295 
1.5 -0.8 7283.143642 
1.5 -0.7 9935.661316 
1.5 -0.6 12199.795150 
1.5 -0.5 15655.050470 
1.6 -2 277.857158 
1.6 -1.9 628.993673 
1.6 -1.8 1081.454886 
1.6 -1.7 2201.513575 
1.6 -1.6 2456.644643 
1.6 -1.5 3715.449768 
1.6 -1.4 4423.285283 
1.6 -1.3 5292.758519 
1.6 -1.2 4145.017948 
1.6 -1.1 4619.005075 
1.6 -1 6326.892345 
1.6 -0.9 8062.013187 
1.6 -0.8 11300.978017 
1.6 -0.7 13609.423423 
1.6 -0.6 15168.248069 
1.6 -0.5 18110.349138 
1.7 -2 570.961702 
1.7 -1.9 1515.979659 
1.7 -1.8 2362.441985 
1.7 -1.7 2852.970053 
1.7 -1.6 3781.848095 
1.7 -1.5 5226.280447 
1.7 -1.4 4646.213410 
1.7 -1.3 5152.256927 
1.7 -1.2 4967.369654 
1.7 -1.1 5304.832983 
1.7 -1 7924.536269 
1.7 -0.9 10193.621059 
1.7 -0.8 11989.034173 
1.7 -0.7 15362.337846 
1.7 -0.6 17916.453796 
1.8 -2 947.547051 
1.8 -1.9 2159.652150 
1.8 -1.8 2922.987306 
1.8 -1.7 3833.532546 
1.8 -1.6 4889.499907 
1.8 -1.5 5243.997876 
1.8 -1.4 5836.764233 
1.8 -1.3 5130.543192 
1.8 -1.2 6305.232300 
1.8 -1.1 9337.577307 
1.8 -1 10486.751445 
1.8 -0.9 12333.572166 
1.8 -0.8 16448.132629 
1.8 -0.7 18608.453782 
1.8 -0.6 21852.254826 
1.9 -2 3308.859185 
1.9 -1.9 3569.423586 
1.9 -1.8 3836.807000 
1.9 -1.7 5724.533735 
1.9 -1.6 3819.468974 
1.9 -1.5 3720.169710 
1.9 -1.4 5345.467811 
1.9 -1.3 6824.084334 
1.9 -1.2 7723.618799 
1.9 -1.1 10202.965817 
1.9 -1 12184.166623 
1.9 -0.9 14285.753836 
1.9 -0.8 17484.159521 
1.9 -0.7 20078.512955 
2 -2 2752.810209 
2 -1.9 3404.292705 
2 -1.8 4541.294229 
2 -1.7 4237.349752 
2 -1.6 4394.215226 
2 -1.5 5496.565795 
2 -1.4 7136.445481 
2 -1.3 7511.201295 
2 -1.2 10742.940352 
2 -1.1 11121.877425 
2 -1 16261.594306 
2 -0.9 16593.893011 
2 -0.8 20580.616438 
2 -0.7 24228.428136 
