-3 -1 0.000000 
-3 -0.95 0.000014 
-3 -0.9 0.000014 
-3 -0.85 0.000067 
-3 -0.8 0.000105 
-3 -0.75 0.000346 
-3 -0.7 0.000748 
-3 -0.65 0.001322 
-3 -0.6 0.002103 
-3 -0.55 0.004302 
-3 -0.5 0.009433 
-3 -0.45 0.019648 
-3 -0.4 0.042674 
-3 -0.35 0.082772 
-3 -0.3 0.160706 
-3 -0.25 0.285060 
-3 -0.2 0.439807 
-3 -0.15 0.605388 
-3 -0.1 0.899816 
-3 -0.05 1.466717 
-3 0 2.239227 
-3 0.05 3.052322 
-3 0.1 3.810778 
-3 0.15 4.492589 
-3 0.2 5.120507 
-3 0.25 5.968686 
-3 0.3 7.312331 
-3 0.35 9.339263 
-3 0.4 12.100830 
-3 0.45 15.670704 
-3 0.5 20.391659 
-3 0.55 26.812426 
-3 0.6 35.737388 
-3 0.65 48.517297 
-3 0.7 67.678229 
-3 0.75 97.971880 
-3 0.8 150.092709 
-3 0.85 252.544853 
-3 0.9 503.153165 
-2.95 -1 0.000000 
-2.95 -0.95 0.000014 
-2.95 -0.9 0.000014 
-2.95 -0.85 0.000067 
-2.95 -0.8 0.000105 
-2.95 -0.75 0.000346 
-2.95 -0.7 0.000750 
-2.95 -0.65 0.001324 
-2.95 -0.6 0.002104 
-2.95 -0.55 0.004302 
-2.95 -0.5 0.009439 
-2.95 -0.45 0.019650 
-2.95 -0.4 0.042686 
-2.95 -0.35 0.082812 
-2.95 -0.3 0.160765 
-2.95 -0.25 0.285193 
-2.95 -0.2 0.440008 
-2.95 -0.15 0.605696 
-2.95 -0.1 0.900208 
-2.95 -0.05 1.467342 
-2.95 0 2.240195 
-2.95 0.05 3.053816 
-2.95 0.1 3.812515 
-2.95 0.15 4.494623 
-2.95 0.2 5.122793 
-2.95 0.25 5.971154 
-2.95 0.3 7.315511 
-2.95 0.35 9.343364 
-2.95 0.4 12.106232 
-2.95 0.45 15.677391 
-2.95 0.5 20.400751 
-2.95 0.55 26.824226 
-2.95 0.6 35.753370 
-2.95 0.65 48.539465 
-2.95 0.7 67.708628 
-2.95 0.75 98.017285 
-2.95 0.8 150.164396 
-2.95 0.85 252.670665 
-2.95 0.9 503.447921 
-2.9 -1 0.000000 
-2.9 -0.95 0.000014 
-2.9 -0.9 0.000014 
-2.9 -0.85 0.000068 
-2.9 -0.8 0.000105 
-2.9 -0.75 0.000346 
-2.9 -0.7 0.000750 
-2.9 -0.65 0.001322 
-2.9 -0.6 0.002108 
-2.9 -0.55 0.004302 
-2.9 -0.5 0.009443 
-2.9 -0.45 0.019664 
-2.9 -0.4 0.042712 
-2.9 -0.35 0.082854 
-2.9 -0.3 0.160854 
-2.9 -0.25 0.285346 
-2.9 -0.2 0.440250 
-2.9 -0.15 0.606060 
-2.9 -0.1 0.900699 
-2.9 -0.05 1.468216 
-2.9 0 2.241476 
-2.9 0.05 3.055521 
-2.9 0.1 3.814637 
-2.9 0.15 4.497184 
-2.9 0.2 5.125595 
-2.9 0.25 5.974474 
-2.9 0.3 7.319532 
-2.9 0.35 9.348621 
-2.9 0.4 12.112910 
-2.9 0.45 15.686194 
-2.9 0.5 20.411937 
-2.9 0.55 26.839175 
-2.9 0.6 35.773522 
-2.9 0.65 48.567305 
-2.9 0.7 67.747526 
-2.9 0.75 98.073502 
-2.9 0.8 150.254953 
-2.9 0.85 252.835487 
-2.9 0.9 503.821701 
-2.85 -1 0.000000 
-2.85 -0.95 0.000014 
-2.85 -0.9 0.000014 
-2.85 -0.85 0.000068 
-2.85 -0.8 0.000105 
-2.85 -0.75 0.000346 
-2.85 -0.7 0.000751 
-2.85 -0.65 0.001325 
-2.85 -0.6 0.002106 
-2.85 -0.55 0.004304 
-2.85 -0.5 0.009449 
-2.85 -0.45 0.019673 
-2.85 -0.4 0.042743 
-2.85 -0.35 0.082906 
-2.85 -0.3 0.160959 
-2.85 -0.25 0.285541 
-2.85 -0.2 0.440565 
-2.85 -0.15 0.606444 
-2.85 -0.1 0.901277 
-2.85 -0.05 1.469222 
-2.85 0 2.243048 
-2.85 0.05 3.057731 
-2.85 0.1 3.817328 
-2.85 0.15 4.500233 
-2.85 0.2 5.129275 
-2.85 0.25 5.978812 
-2.85 0.3 7.324534 
-2.85 0.35 9.355159 
-2.85 0.4 12.121472 
-2.85 0.45 15.697579 
-2.85 0.5 20.426676 
-2.85 0.55 26.858205 
-2.85 0.6 35.798752 
-2.85 0.65 48.601956 
-2.85 0.7 67.796563 
-2.85 0.75 98.145061 
-2.85 0.8 150.368515 
-2.85 0.85 253.036854 
-2.85 0.9 504.289015 
-2.8 -1 0.000000 
-2.8 -0.95 0.000014 
-2.8 -0.9 0.000014 
-2.8 -0.85 0.000068 
-2.8 -0.8 0.000105 
-2.8 -0.75 0.000347 
-2.8 -0.7 0.000750 
-2.8 -0.65 0.001323 
-2.8 -0.6 0.002107 
-2.8 -0.55 0.004306 
-2.8 -0.5 0.009456 
-2.8 -0.45 0.019694 
-2.8 -0.4 0.042780 
-2.8 -0.35 0.082976 
-2.8 -0.3 0.161099 
-2.8 -0.25 0.285791 
-2.8 -0.2 0.440935 
-2.8 -0.15 0.606964 
-2.8 -0.1 0.902106 
-2.8 -0.05 1.470549 
-2.8 0 2.245057 
-2.8 0.05 3.060458 
-2.8 0.1 3.820785 
-2.8 0.15 4.504224 
-2.8 0.2 5.133867 
-2.8 0.25 5.984155 
-2.8 0.3 7.331051 
-2.8 0.35 9.363368 
-2.8 0.4 12.132227 
-2.8 0.45 15.711453 
-2.8 0.5 20.444259 
-2.8 0.55 26.881815 
-2.8 0.6 35.829968 
-2.8 0.65 48.644608 
-2.8 0.7 67.858303 
-2.8 0.75 98.236746 
-2.8 0.8 150.513134 
-2.8 0.85 253.296018 
-2.8 0.9 504.876139 
-2.75 -1 0.000000 
-2.75 -0.95 0.000014 
-2.75 -0.9 0.000014 
-2.75 -0.85 0.000067 
-2.75 -0.8 0.000105 
-2.75 -0.75 0.000347 
-2.75 -0.7 0.000751 
-2.75 -0.65 0.001325 
-2.75 -0.6 0.002109 
-2.75 -0.55 0.004312 
-2.75 -0.5 0.009466 
-2.75 -0.45 0.019713 
-2.75 -0.4 0.042824 
-2.75 -0.35 0.083069 
-2.75 -0.3 0.161279 
-2.75 -0.25 0.286093 
-2.75 -0.2 0.441429 
-2.75 -0.15 0.607601 
-2.75 -0.1 0.903097 
-2.75 -0.05 1.472187 
-2.75 0 2.247620 
-2.75 0.05 3.063879 
-2.75 0.1 3.825014 
-2.75 0.15 4.509328 
-2.75 0.2 5.139593 
-2.75 0.25 5.990646 
-2.75 0.3 7.339201 
-2.75 0.35 9.373695 
-2.75 0.4 12.145551 
-2.75 0.45 15.728840 
-2.75 0.5 20.467314 
-2.75 0.55 26.911771 
-2.75 0.6 35.870235 
-2.75 0.65 48.699644 
-2.75 0.7 67.935236 
-2.75 0.75 98.349362 
-2.75 0.8 150.692782 
-2.75 0.85 253.620642 
-2.75 0.9 505.614125 
-2.7 -1 0.000000 
-2.7 -0.95 0.000014 
-2.7 -0.9 0.000014 
-2.7 -0.85 0.000067 
-2.7 -0.8 0.000105 
-2.7 -0.75 0.000347 
-2.7 -0.7 0.000751 
-2.7 -0.65 0.001328 
-2.7 -0.6 0.002112 
-2.7 -0.55 0.004316 
-2.7 -0.5 0.009475 
-2.7 -0.45 0.019738 
-2.7 -0.4 0.042879 
-2.7 -0.35 0.083184 
-2.7 -0.3 0.161491 
-2.7 -0.25 0.286492 
-2.7 -0.2 0.442028 
-2.7 -0.15 0.608456 
-2.7 -0.1 0.904347 
-2.7 -0.05 1.474221 
-2.7 0 2.250663 
-2.7 0.05 3.068267 
-2.7 0.1 3.830447 
-2.7 0.15 4.515605 
-2.7 0.2 5.146666 
-2.7 0.25 5.998999 
-2.7 0.3 7.349260 
-2.7 0.35 9.386874 
-2.7 0.4 12.162796 
-2.7 0.45 15.750754 
-2.7 0.5 20.495932 
-2.7 0.55 26.949732 
-2.7 0.6 35.920077 
-2.7 0.65 48.768664 
-2.7 0.7 68.032408 
-2.7 0.75 98.492408 
-2.7 0.8 150.919470 
-2.7 0.85 254.030306 
-2.7 0.9 506.546460 
-2.65 -1 0.000000 
-2.65 -0.95 0.000014 
-2.65 -0.9 0.000014 
-2.65 -0.85 0.000067 
-2.65 -0.8 0.000105 
-2.65 -0.75 0.000347 
-2.65 -0.7 0.000752 
-2.65 -0.65 0.001326 
-2.65 -0.6 0.002111 
-2.65 -0.55 0.004322 
-2.65 -0.5 0.009485 
-2.65 -0.45 0.019769 
-2.65 -0.4 0.042951 
-2.65 -0.35 0.083319 
-2.65 -0.3 0.161764 
-2.65 -0.25 0.286981 
-2.65 -0.2 0.442794 
-2.65 -0.15 0.609519 
-2.65 -0.1 0.905887 
-2.65 -0.05 1.476773 
-2.65 0 2.254665 
-2.65 0.05 3.073579 
-2.65 0.1 3.837267 
-2.65 0.15 4.523600 
-2.65 0.2 5.155827 
-2.65 0.25 6.009379 
-2.65 0.3 7.362326 
-2.65 0.35 9.403620 
-2.65 0.4 12.184031 
-2.65 0.45 15.778399 
-2.65 0.5 20.531877 
-2.65 0.55 26.997228 
-2.65 0.6 35.983403 
-2.65 0.65 48.855398 
-2.65 0.7 68.154349 
-2.65 0.75 98.673413 
-2.65 0.8 151.206127 
-2.65 0.85 254.542649 
-2.65 0.9 507.728951 
-2.6 -1 0.000000 
-2.6 -0.95 0.000014 
-2.6 -0.9 0.000014 
-2.6 -0.85 0.000067 
-2.6 -0.8 0.000105 
-2.6 -0.75 0.000348 
-2.6 -0.7 0.000754 
-2.6 -0.65 0.001328 
-2.6 -0.6 0.002115 
-2.6 -0.55 0.004328 
-2.6 -0.5 0.009505 
-2.6 -0.45 0.019811 
-2.6 -0.4 0.043041 
-2.6 -0.35 0.083490 
-2.6 -0.3 0.162118 
-2.6 -0.25 0.287605 
-2.6 -0.2 0.443786 
-2.6 -0.15 0.610839 
-2.6 -0.1 0.907915 
-2.6 -0.05 1.480078 
-2.6 0 2.259725 
-2.6 0.05 3.080565 
-2.6 0.1 3.845805 
-2.6 0.15 4.533735 
-2.6 0.2 5.167037 
-2.6 0.25 6.022651 
-2.6 0.3 7.378493 
-2.6 0.35 9.424279 
-2.6 0.4 12.210850 
-2.6 0.45 15.813371 
-2.6 0.5 20.577664 
-2.6 0.55 27.057584 
-2.6 0.6 36.063940 
-2.6 0.65 48.964546 
-2.6 0.7 68.307254 
-2.6 0.75 98.901653 
-2.6 0.8 151.565298 
-2.6 0.85 255.192195 
-2.6 0.9 509.215333 
-2.55 -1 0.000000 
-2.55 -0.95 0.000014 
-2.55 -0.9 0.000014 
-2.55 -0.85 0.000068 
-2.55 -0.8 0.000106 
-2.55 -0.75 0.000348 
-2.55 -0.7 0.000755 
-2.55 -0.65 0.001332 
-2.55 -0.6 0.002121 
-2.55 -0.55 0.004340 
-2.55 -0.5 0.009533 
-2.55 -0.45 0.019858 
-2.55 -0.4 0.043157 
-2.55 -0.35 0.083709 
-2.55 -0.3 0.162547 
-2.55 -0.25 0.288399 
-2.55 -0.2 0.444991 
-2.55 -0.15 0.612519 
-2.55 -0.1 0.910411 
-2.55 -0.05 1.484209 
-2.55 0 2.266025 
-2.55 0.05 3.089131 
-2.55 0.1 3.856558 
-2.55 0.15 4.546377 
-2.55 0.2 5.181716 
-2.55 0.25 6.039590 
-2.55 0.3 7.398938 
-2.55 0.35 9.450324 
-2.55 0.4 12.244674 
-2.55 0.45 15.857398 
-2.55 0.5 20.635359 
-2.55 0.55 27.132759 
-2.55 0.6 36.164998 
-2.55 0.65 49.102071 
-2.55 0.7 68.502648 
-2.55 0.75 99.187267 
-2.55 0.8 152.020679 
-2.55 0.85 256.009663 
-2.55 0.9 511.094692 
-2.5 -1 0.000000 
-2.5 -0.95 0.000014 
-2.5 -0.9 0.000014 
-2.5 -0.85 0.000068 
-2.5 -0.8 0.000106 
-2.5 -0.75 0.000349 
-2.5 -0.7 0.000755 
-2.5 -0.65 0.001333 
-2.5 -0.6 0.002125 
-2.5 -0.55 0.004350 
-2.5 -0.5 0.009556 
-2.5 -0.45 0.019920 
-2.5 -0.4 0.043300 
-2.5 -0.35 0.084003 
-2.5 -0.3 0.163089 
-2.5 -0.25 0.289395 
-2.5 -0.2 0.446540 
-2.5 -0.15 0.614628 
-2.5 -0.1 0.913577 
-2.5 -0.05 1.489447 
-2.5 0 2.274008 
-2.5 0.05 3.100113 
-2.5 0.1 3.870133 
-2.5 0.15 4.562334 
-2.5 0.2 5.199806 
-2.5 0.25 6.060809 
-2.5 0.3 7.424780 
-2.5 0.35 9.483433 
-2.5 0.4 12.287387 
-2.5 0.45 15.912993 
-2.5 0.5 20.707302 
-2.5 0.55 27.228161 
-2.5 0.6 36.292520 
-2.5 0.65 49.276989 
-2.5 0.7 68.748162 
-2.5 0.75 99.548551 
-2.5 0.8 152.593699 
-2.5 0.85 257.044806 
-2.5 0.9 513.463367 
-2.45 -1 0.000000 
-2.45 -0.95 0.000014 
-2.45 -0.9 0.000014 
-2.45 -0.85 0.000068 
-2.45 -0.8 0.000106 
-2.45 -0.75 0.000350 
-2.45 -0.7 0.000757 
-2.45 -0.65 0.001335 
-2.45 -0.6 0.002132 
-2.45 -0.55 0.004363 
-2.45 -0.5 0.009598 
-2.45 -0.45 0.019997 
-2.45 -0.4 0.043485 
-2.45 -0.35 0.084353 
-2.45 -0.3 0.163796 
-2.45 -0.25 0.290636 
-2.45 -0.2 0.448479 
-2.45 -0.15 0.617280 
-2.45 -0.1 0.917525 
-2.45 -0.05 1.495985 
-2.45 0 2.284040 
-2.45 0.05 3.113812 
-2.45 0.1 3.887376 
-2.45 0.15 4.582603 
-2.45 0.2 5.222743 
-2.45 0.25 6.087425 
-2.45 0.3 7.457120 
-2.45 0.35 9.524720 
-2.45 0.4 12.341546 
-2.45 0.45 15.983153 
-2.45 0.5 20.798619 
-2.45 0.55 27.347996 
-2.45 0.6 36.453497 
-2.45 0.65 49.496470 
-2.45 0.7 69.056596 
-2.45 0.75 100.002630 
-2.45 0.8 153.318182 
-2.45 0.85 258.350191 
-2.45 0.9 516.458891 
-2.4 -1 0.000000 
-2.4 -0.95 0.000014 
-2.4 -0.9 0.000014 
-2.4 -0.85 0.000068 
-2.4 -0.8 0.000106 
-2.4 -0.75 0.000351 
-2.4 -0.7 0.000761 
-2.4 -0.65 0.001341 
-2.4 -0.6 0.002138 
-2.4 -0.55 0.004382 
-2.4 -0.5 0.009644 
-2.4 -0.45 0.020104 
-2.4 -0.4 0.043708 
-2.4 -0.35 0.084794 
-2.4 -0.3 0.164662 
-2.4 -0.25 0.292220 
-2.4 -0.2 0.450945 
-2.4 -0.15 0.620661 
-2.4 -0.1 0.922572 
-2.4 -0.05 1.504285 
-2.4 0 2.296744 
-2.4 0.05 3.131168 
-2.4 0.1 3.909005 
-2.4 0.15 4.608054 
-2.4 0.2 5.251569 
-2.4 0.25 6.120986 
-2.4 0.3 7.498238 
-2.4 0.35 9.577581 
-2.4 0.4 12.409799 
-2.4 0.45 16.071002 
-2.4 0.5 20.913592 
-2.4 0.55 27.499093 
-2.4 0.6 36.656653 
-2.4 0.65 49.774097 
-2.4 0.7 69.447542 
-2.4 0.75 100.579226 
-2.4 0.8 154.232290 
-2.4 0.85 260.000093 
-2.4 0.9 520.247438 
-2.35 -1 0.000000 
-2.35 -0.95 0.000014 
-2.35 -0.9 0.000014 
-2.35 -0.85 0.000068 
-2.35 -0.8 0.000106 
-2.35 -0.75 0.000352 
-2.35 -0.7 0.000763 
-2.35 -0.65 0.001346 
-2.35 -0.6 0.002147 
-2.35 -0.55 0.004405 
-2.35 -0.5 0.009698 
-2.35 -0.45 0.020233 
-2.35 -0.4 0.044001 
-2.35 -0.35 0.085359 
-2.35 -0.3 0.165770 
-2.35 -0.25 0.294219 
-2.35 -0.2 0.454040 
-2.35 -0.15 0.624901 
-2.35 -0.1 0.928924 
-2.35 -0.05 1.514651 
-2.35 0 2.312850 
-2.35 0.05 3.153180 
-2.35 0.1 3.936420 
-2.35 0.15 4.640240 
-2.35 0.2 5.287944 
-2.35 0.25 6.163411 
-2.35 0.3 7.550329 
-2.35 0.35 9.643835 
-2.35 0.4 12.495399 
-2.35 0.45 16.182535 
-2.35 0.5 21.059077 
-2.35 0.55 27.691122 
-2.35 0.6 36.911638 
-2.35 0.65 50.124239 
-2.35 0.7 69.941547 
-2.35 0.75 101.307436 
-2.35 0.8 155.388340 
-2.35 0.85 262.079328 
-2.35 0.9 525.044927 
-2.3 -1 0.000000 
-2.3 -0.95 0.000014 
-2.3 -0.9 0.000014 
-2.3 -0.85 0.000069 
-2.3 -0.8 0.000107 
-2.3 -0.75 0.000354 
-2.3 -0.7 0.000765 
-2.3 -0.65 0.001354 
-2.3 -0.6 0.002158 
-2.3 -0.55 0.004435 
-2.3 -0.5 0.009768 
-2.3 -0.45 0.020389 
-2.3 -0.4 0.044361 
-2.3 -0.35 0.086074 
-2.3 -0.3 0.167168 
-2.3 -0.25 0.296746 
-2.3 -0.2 0.457950 
-2.3 -0.15 0.630284 
-2.3 -0.1 0.936956 
-2.3 -0.05 1.527875 
-2.3 0 2.333120 
-2.3 0.05 3.180910 
-2.3 0.1 3.971006 
-2.3 0.15 4.680945 
-2.3 0.2 5.334221 
-2.3 0.25 6.217044 
-2.3 0.3 7.615947 
-2.3 0.35 9.727865 
-2.3 0.4 12.603797 
-2.3 0.45 16.323142 
-2.3 0.5 21.242116 
-2.3 0.55 27.933671 
-2.3 0.6 37.234837 
-2.3 0.65 50.565839 
-2.3 0.7 70.565180 
-2.3 0.75 102.226315 
-2.3 0.8 156.849688 
-2.3 0.85 264.720151 
-2.3 0.9 531.134708 
-2.25 -1 0.000000 
-2.25 -0.95 0.000014 
-2.25 -0.9 0.000014 
-2.25 -0.85 0.000069 
-2.25 -0.8 0.000108 
-2.25 -0.75 0.000356 
-2.25 -0.7 0.000770 
-2.25 -0.65 0.001362 
-2.25 -0.6 0.002175 
-2.25 -0.55 0.004470 
-2.25 -0.5 0.009864 
-2.25 -0.45 0.020599 
-2.25 -0.4 0.044813 
-2.25 -0.35 0.086973 
-2.25 -0.3 0.168940 
-2.25 -0.25 0.299956 
-2.25 -0.2 0.462877 
-2.25 -0.15 0.637051 
-2.25 -0.1 0.947114 
-2.25 -0.05 1.544624 
-2.25 0 2.358791 
-2.25 0.05 3.215910 
-2.25 0.1 4.014741 
-2.25 0.15 4.732585 
-2.25 0.2 5.392551 
-2.25 0.25 6.285003 
-2.25 0.3 7.698864 
-2.25 0.35 9.834422 
-2.25 0.4 12.741349 
-2.25 0.45 16.501819 
-2.25 0.5 21.475292 
-2.25 0.55 28.240078 
-2.25 0.6 37.644789 
-2.25 0.65 51.125405 
-2.25 0.7 71.353019 
-2.25 0.75 103.392135 
-2.25 0.8 158.696672 
-2.25 0.85 268.067097 
-2.25 0.9 538.866703 
-2.2 -1 0.000000 
-2.2 -0.95 0.000014 
-2.2 -0.9 0.000014 
-2.2 -0.85 0.000070 
-2.2 -0.8 0.000108 
-2.2 -0.75 0.000358 
-2.2 -0.7 0.000777 
-2.2 -0.65 0.001371 
-2.2 -0.6 0.002193 
-2.2 -0.55 0.004517 
-2.2 -0.5 0.009977 
-2.2 -0.45 0.020861 
-2.2 -0.4 0.045394 
-2.2 -0.35 0.088122 
-2.2 -0.3 0.171178 
-2.2 -0.25 0.303977 
-2.2 -0.2 0.469153 
-2.2 -0.15 0.645681 
-2.2 -0.1 0.959957 
-2.2 -0.05 1.565805 
-2.2 0 2.391261 
-2.2 0.05 3.260488 
-2.2 0.1 4.070007 
-2.2 0.15 4.797685 
-2.2 0.2 5.466473 
-2.2 0.25 6.370896 
-2.2 0.3 7.803781 
-2.2 0.35 9.968340 
-2.2 0.4 12.915350 
-2.2 0.45 16.727191 
-2.2 0.5 21.768785 
-2.2 0.55 28.628143 
-2.2 0.6 38.163167 
-2.2 0.65 51.833081 
-2.2 0.7 72.351022 
-2.2 0.75 104.868278 
-2.2 0.8 161.044191 
-2.2 0.85 272.313667 
-2.2 0.9 548.719478 
-2.15 -1 0.000000 
-2.15 -0.95 0.000015 
-2.15 -0.9 0.000015 
-2.15 -0.85 0.000071 
-2.15 -0.8 0.000110 
-2.15 -0.75 0.000361 
-2.15 -0.7 0.000783 
-2.15 -0.65 0.001385 
-2.15 -0.6 0.002220 
-2.15 -0.55 0.004578 
-2.15 -0.5 0.010129 
-2.15 -0.45 0.021194 
-2.15 -0.4 0.046128 
-2.15 -0.35 0.089569 
-2.15 -0.3 0.174033 
-2.15 -0.25 0.309100 
-2.15 -0.2 0.477129 
-2.15 -0.15 0.656607 
-2.15 -0.1 0.976252 
-2.15 -0.05 1.592675 
-2.15 0 2.432554 
-2.15 0.05 3.316676 
-2.15 0.1 4.140366 
-2.15 0.15 4.880214 
-2.15 0.2 5.560636 
-2.15 0.25 6.479895 
-2.15 0.3 7.937314 
-2.15 0.35 10.138895 
-2.15 0.4 13.136663 
-2.15 0.45 17.013561 
-2.15 0.5 22.141757 
-2.15 0.55 29.120134 
-2.15 0.6 38.820713 
-2.15 0.65 52.733264 
-2.15 0.7 73.620435 
-2.15 0.75 106.741411 
-2.15 0.8 164.027280 
-2.15 0.85 277.718924 
-2.15 0.9 561.312758 
-2.1 -1 0.000000 
-2.1 -0.95 0.000015 
-2.1 -0.9 0.000015 
-2.1 -0.85 0.000071 
-2.1 -0.8 0.000111 
-2.1 -0.75 0.000366 
-2.1 -0.7 0.000792 
-2.1 -0.65 0.001403 
-2.1 -0.6 0.002248 
-2.1 -0.55 0.004653 
-2.1 -0.5 0.010320 
-2.1 -0.45 0.021610 
-2.1 -0.4 0.047077 
-2.1 -0.35 0.091416 
-2.1 -0.3 0.177655 
-2.1 -0.25 0.315606 
-2.1 -0.2 0.487249 
-2.1 -0.15 0.670504 
-2.1 -0.1 0.996984 
-2.1 -0.05 1.626909 
-2.1 0 2.485019 
-2.1 0.05 3.388315 
-2.1 0.1 4.229772 
-2.1 0.15 4.985285 
-2.1 0.2 5.679895 
-2.1 0.25 6.618505 
-2.1 0.3 8.106842 
-2.1 0.35 10.355291 
-2.1 0.4 13.417841 
-2.1 0.45 17.378522 
-2.1 0.5 22.617068 
-2.1 0.55 29.745284 
-2.1 0.6 39.658407 
-2.1 0.65 53.877066 
-2.1 0.7 75.231606 
-2.1 0.75 109.126180 
-2.1 0.8 167.827139 
-2.1 0.85 284.622115 
-2.1 0.9 577.461254 
-2.05 -1 0.000000 
-2.05 -0.95 0.000015 
-2.05 -0.9 0.000015 
-2.05 -0.85 0.000072 
-2.05 -0.8 0.000112 
-2.05 -0.75 0.000371 
-2.05 -0.7 0.000804 
-2.05 -0.65 0.001424 
-2.05 -0.6 0.002288 
-2.05 -0.55 0.004746 
-2.05 -0.5 0.010561 
-2.05 -0.45 0.022141 
-2.05 -0.4 0.048270 
-2.05 -0.35 0.093763 
-2.05 -0.3 0.182279 
-2.05 -0.25 0.323892 
-2.05 -0.2 0.500145 
-2.05 -0.15 0.688228 
-2.05 -0.1 1.023445 
-2.05 -0.05 1.670477 
-2.05 0 2.551843 
-2.05 0.05 3.479455 
-2.05 0.1 4.343777 
-2.05 0.15 5.119167 
-2.05 0.2 5.831727 
-2.05 0.25 6.795125 
-2.05 0.3 8.322883 
-2.05 0.35 10.631452 
-2.05 0.4 13.775671 
-2.05 0.45 17.842593 
-2.05 0.5 23.221848 
-2.05 0.55 30.541998 
-2.05 0.6 40.725209 
-2.05 0.65 55.335166 
-2.05 0.7 77.289103 
-2.05 0.75 112.165055 
-2.05 0.8 172.675510 
-2.05 0.85 293.458989 
-2.05 0.9 598.274106 
-2 -1 0.000000 
-2 -0.95 0.000015 
-2 -0.9 0.000015 
-2 -0.85 0.000073 
-2 -0.8 0.000114 
-2 -0.75 0.000378 
-2 -0.7 0.000818 
-2 -0.65 0.001451 
-2 -0.6 0.002335 
-2 -0.55 0.004870 
-2 -0.5 0.010873 
-2 -0.45 0.022823 
-2 -0.4 0.049798 
-2 -0.35 0.096768 
-2 -0.3 0.188160 
-2 -0.25 0.334488 
-2 -0.2 0.516619 
-2 -0.15 0.710795 
-2 -0.1 1.057225 
-2 -0.05 1.726101 
-2 0 2.637166 
-2 0.05 3.596306 
-2 0.1 4.489444 
-2 0.15 5.290382 
-2 0.2 6.025964 
-2 0.25 7.020729 
-2 0.3 8.598615 
-2 0.35 10.984211 
-2 0.4 14.232957 
-2 0.45 18.435824 
-2 0.5 23.994225 
-2 0.55 31.560633 
-2 0.6 42.088802 
-2 0.65 57.198976 
-2 0.7 79.920727 
-2 0.75 116.058260 
-2 0.8 178.894165 
-2 0.85 304.827191 
-2 0.9 625.264157 
-1.95 -1 0.000000 
-1.95 -0.95 0.000015 
-1.95 -0.9 0.000016 
-1.95 -0.85 0.000075 
-1.95 -0.8 0.000117 
-1.95 -0.75 0.000386 
-1.95 -0.7 0.000837 
-1.95 -0.65 0.001484 
-1.95 -0.6 0.002396 
-1.95 -0.55 0.005027 
-1.95 -0.5 0.011259 
-1.95 -0.45 0.023692 
-1.95 -0.4 0.051751 
-1.95 -0.35 0.100610 
-1.95 -0.3 0.195715 
-1.95 -0.25 0.348066 
-1.95 -0.2 0.537740 
-1.95 -0.15 0.739826 
-1.95 -0.1 1.100566 
-1.95 -0.05 1.797465 
-1.95 0 2.746722 
-1.95 0.05 3.745988 
-1.95 0.1 4.676180 
-1.95 0.15 5.510013 
-1.95 0.2 6.274950 
-1.95 0.25 7.310137 
-1.95 0.3 8.952957 
-1.95 0.35 11.436842 
-1.95 0.4 14.819855 
-1.95 0.45 19.196681 
-1.95 0.5 24.986466 
-1.95 0.55 32.867485 
-1.95 0.6 43.835972 
-1.95 0.65 59.589182 
-1.95 0.7 83.296133 
-1.95 0.75 121.058527 
-1.95 0.8 186.900506 
-1.95 0.85 319.525012 
-1.95 0.9 660.504174 
-1.9 -1 0.000000 
-1.9 -0.95 0.000016 
-1.9 -0.9 0.000017 
-1.9 -0.85 0.000077 
-1.9 -0.8 0.000120 
-1.9 -0.75 0.000396 
-1.9 -0.7 0.000862 
-1.9 -0.65 0.001527 
-1.9 -0.6 0.002477 
-1.9 -0.55 0.005223 
-1.9 -0.5 0.011763 
-1.9 -0.45 0.024816 
-1.9 -0.4 0.054269 
-1.9 -0.35 0.105563 
-1.9 -0.3 0.205443 
-1.9 -0.25 0.365596 
-1.9 -0.2 0.564948 
-1.9 -0.15 0.777168 
-1.9 -0.1 1.156289 
-1.9 -0.05 1.889611 
-1.9 0 2.887985 
-1.9 0.05 3.938780 
-1.9 0.1 4.916737 
-1.9 0.15 5.792627 
-1.9 0.2 6.595791 
-1.9 0.25 7.682817 
-1.9 0.3 9.408621 
-1.9 0.35 12.019453 
-1.9 0.4 15.575061 
-1.9 0.45 20.175364 
-1.9 0.5 26.262127 
-1.9 0.55 34.550091 
-1.9 0.6 46.089032 
-1.9 0.65 62.669827 
-1.9 0.7 87.649955 
-1.9 0.75 127.514459 
-1.9 0.8 197.257866 
-1.9 0.85 338.644674 
-1.9 0.9 706.957220 
-1.85 -1 0.000000 
-1.85 -0.95 0.000016 
-1.85 -0.9 0.000017 
-1.85 -0.85 0.000080 
-1.85 -0.8 0.000124 
-1.85 -0.75 0.000410 
-1.85 -0.7 0.000894 
-1.85 -0.65 0.001583 
-1.85 -0.6 0.002580 
-1.85 -0.55 0.005478 
-1.85 -0.5 0.012420 
-1.85 -0.45 0.026266 
-1.85 -0.4 0.057533 
-1.85 -0.35 0.111978 
-1.85 -0.3 0.218035 
-1.85 -0.25 0.388246 
-1.85 -0.2 0.600197 
-1.85 -0.15 0.825549 
-1.85 -0.1 1.228643 
-1.85 -0.05 2.008777 
-1.85 0 3.070708 
-1.85 0.05 4.188614 
-1.85 0.1 5.228322 
-1.85 0.15 6.158754 
-1.85 0.2 7.011205 
-1.85 0.25 8.165391 
-1.85 0.3 9.998884 
-1.85 0.35 12.774020 
-1.85 0.4 16.554357 
-1.85 0.45 21.444518 
-1.85 0.5 27.914936 
-1.85 0.55 36.728615 
-1.85 0.6 49.004919 
-1.85 0.65 66.662047 
-1.85 0.7 93.294637 
-1.85 0.75 135.898671 
-1.85 0.8 210.756331 
-1.85 0.85 363.732321 
-1.85 0.9 768.884547 
-1.8 -1 0.000000 
-1.8 -0.95 0.000017 
-1.8 -0.9 0.000018 
-1.8 -0.85 0.000083 
-1.8 -0.8 0.000129 
-1.8 -0.75 0.000428 
-1.8 -0.7 0.000933 
-1.8 -0.65 0.001656 
-1.8 -0.6 0.002716 
-1.8 -0.55 0.005813 
-1.8 -0.5 0.013270 
-1.8 -0.45 0.028157 
-1.8 -0.4 0.061781 
-1.8 -0.35 0.120323 
-1.8 -0.3 0.234437 
-1.8 -0.25 0.417785 
-1.8 -0.2 0.646095 
-1.8 -0.15 0.888647 
-1.8 -0.1 1.322732 
-1.8 -0.05 2.163980 
-1.8 0 3.309028 
-1.8 0.05 4.514024 
-1.8 0.1 5.634359 
-1.8 0.15 6.635772 
-1.8 0.2 7.552546 
-1.8 0.25 8.793905 
-1.8 0.3 10.767466 
-1.8 0.35 13.756633 
-1.8 0.4 17.828380 
-1.8 0.45 23.095727 
-1.8 0.5 30.068178 
-1.8 0.55 39.568446 
-1.8 0.6 52.807647 
-1.8 0.65 71.866068 
-1.8 0.7 100.662558 
-1.8 0.75 146.864523 
-1.8 0.8 228.473445 
-1.8 0.85 396.949708 
-1.8 0.9 852.606606 
-1.75 -1 0.000000 
-1.75 -0.95 0.000018 
-1.75 -0.9 0.000020 
-1.75 -0.85 0.000088 
-1.75 -0.8 0.000137 
-1.75 -0.75 0.000450 
-1.75 -0.7 0.000984 
-1.75 -0.65 0.001750 
-1.75 -0.6 0.002885 
-1.75 -0.55 0.006251 
-1.75 -0.5 0.014389 
-1.75 -0.45 0.030629 
-1.75 -0.4 0.067336 
-1.75 -0.35 0.131274 
-1.75 -0.3 0.255956 
-1.75 -0.25 0.456561 
-1.75 -0.2 0.706375 
-1.75 -0.15 0.971370 
-1.75 -0.1 1.446390 
-1.75 -0.05 2.367889 
-1.75 0 3.621676 
-1.75 0.05 4.941076 
-1.75 0.1 6.167144 
-1.75 0.15 7.261944 
-1.75 0.2 8.262647 
-1.75 0.25 9.618890 
-1.75 0.3 11.776393 
-1.75 0.35 15.045799 
-1.75 0.4 19.500602 
-1.75 0.45 25.264284 
-1.75 0.5 32.892672 
-1.75 0.55 43.293734 
-1.75 0.6 57.797170 
-1.75 0.65 78.704089 
-1.75 0.7 110.350979 
-1.75 0.75 161.316957 
-1.75 0.8 251.955574 
-1.75 0.85 441.459703 
-1.75 0.9 967.766226 
-1.7 -1 0.000000 
-1.7 -0.95 0.000019 
-1.7 -0.9 0.000021 
-1.7 -0.85 0.000094 
-1.7 -0.8 0.000146 
-1.7 -0.75 0.000480 
-1.7 -0.7 0.001048 
-1.7 -0.65 0.001870 
-1.7 -0.6 0.003110 
-1.7 -0.55 0.006817 
-1.7 -0.5 0.015852 
-1.7 -0.45 0.033885 
-1.7 -0.4 0.074693 
-1.7 -0.35 0.145763 
-1.7 -0.3 0.284416 
-1.7 -0.25 0.507836 
-1.7 -0.2 0.786167 
-1.7 -0.15 1.080868 
-1.7 -0.1 1.609917 
-1.7 -0.05 2.637746 
-1.7 0 4.035848 
-1.7 0.05 5.506622 
-1.7 0.1 6.872448 
-1.7 0.15 8.090321 
-1.7 0.2 9.202124 
-1.7 0.25 10.709904 
-1.7 0.3 13.110763 
-1.7 0.35 16.751869 
-1.7 0.4 21.712370 
-1.7 0.45 28.132363 
-1.7 0.5 36.630901 
-1.7 0.55 48.223612 
-1.7 0.6 64.405474 
-1.7 0.65 87.763810 
-1.7 0.7 123.208600 
-1.7 0.75 180.561205 
-1.7 0.8 283.411559 
-1.7 0.85 501.935253 
-1.65 -1 0.000000 
-1.65 -0.95 0.000021 
-1.65 -0.9 0.000024 
-1.65 -0.85 0.000101 
-1.65 -0.8 0.000157 
-1.65 -0.75 0.000518 
-1.65 -0.7 0.001134 
-1.65 -0.65 0.002030 
-1.65 -0.6 0.003408 
-1.65 -0.55 0.007575 
-1.65 -0.5 0.017816 
-1.65 -0.45 0.038246 
-1.65 -0.4 0.084500 
-1.65 -0.35 0.165108 
-1.65 -0.3 0.322439 
-1.65 -0.25 0.576382 
-1.65 -0.2 0.892727 
-1.65 -0.15 1.227266 
-1.65 -0.1 1.828586 
-1.65 -0.05 2.998720 
-1.65 0 4.589391 
-1.65 0.05 6.262477 
-1.65 0.1 7.814939 
-1.65 0.15 9.197225 
-1.65 0.2 10.457131 
-1.65 0.25 12.167641 
-1.65 0.3 14.893300 
-1.65 0.35 19.030625 
-1.65 0.4 24.667554 
-1.65 0.45 31.963233 
-1.65 0.5 41.624294 
-1.65 0.55 54.812430 
-1.65 0.6 73.237997 
-1.65 0.65 99.886098 
-1.65 0.7 140.449718 
-1.65 0.75 206.459895 
-1.65 0.8 326.092441 
-1.65 0.85 585.476459 
-1.6 -1 0.000001 
-1.6 -0.95 0.000023 
-1.6 -0.9 0.000027 
-1.6 -0.85 0.000112 
-1.6 -0.8 0.000173 
-1.6 -0.75 0.000568 
-1.6 -0.7 0.001248 
-1.6 -0.65 0.002241 
-1.6 -0.6 0.003800 
-1.6 -0.55 0.008592 
-1.6 -0.5 0.020440 
-1.6 -0.45 0.044124 
-1.6 -0.4 0.097773 
-1.6 -0.35 0.191178 
-1.6 -0.3 0.373753 
-1.6 -0.25 0.668917 
-1.6 -0.2 1.036807 
-1.6 -0.15 1.424971 
-1.6 -0.1 2.124047 
-1.6 -0.05 3.486345 
-1.6 0 5.337197 
-1.6 0.05 7.283572 
-1.6 0.1 9.087983 
-1.6 0.15 10.691877 
-1.6 0.2 12.151085 
-1.6 0.25 14.134644 
-1.6 0.3 17.298753 
-1.6 0.35 22.106725 
-1.6 0.4 28.655665 
-1.6 0.45 37.134222 
-1.6 0.5 48.367064 
-1.6 0.55 63.710724 
-1.6 0.6 85.174366 
-1.6 0.65 116.289435 
-1.6 0.7 163.834680 
-1.6 0.75 241.766863 
-1.6 0.8 384.880756 
-1.6 0.85 703.209840 
-1.55 -1 0.000001 
-1.55 -0.95 0.000026 
-1.55 -0.9 0.000031 
-1.55 -0.85 0.000126 
-1.55 -0.8 0.000193 
-1.55 -0.75 0.000635 
-1.55 -0.7 0.001398 
-1.55 -0.65 0.002516 
-1.55 -0.6 0.004324 
-1.55 -0.55 0.009965 
-1.55 -0.5 0.024026 
-1.55 -0.45 0.052132 
-1.55 -0.4 0.115842 
-1.55 -0.35 0.226820 
-1.55 -0.3 0.443855 
-1.55 -0.25 0.795300 
-1.55 -0.2 1.233612 
-1.55 -0.15 1.695243 
-1.55 -0.1 2.527916 
-1.55 -0.05 4.153056 
-1.55 0 6.359803 
-1.55 0.05 8.679110 
-1.55 0.1 10.827280 
-1.55 0.15 12.733090 
-1.55 0.2 14.465004 
-1.55 0.25 16.821525 
-1.55 0.3 20.584255 
-1.55 0.35 26.306109 
-1.55 0.4 34.102562 
-1.55 0.45 44.196576 
-1.55 0.5 57.575825 
-1.55 0.55 75.866125 
-1.55 0.6 101.497210 
-1.55 0.65 138.756162 
-1.55 0.7 195.961291 
-1.55 0.75 290.572152 
-1.55 0.8 467.226479 
-1.55 0.85 873.069859 
-1.5 -1 0.000002 
-1.5 -0.95 0.000030 
-1.5 -0.9 0.000037 
-1.5 -0.85 0.000144 
-1.5 -0.8 0.000221 
-1.5 -0.75 0.000725 
-1.5 -0.7 0.001602 
-1.5 -0.65 0.002895 
-1.5 -0.6 0.005039 
-1.5 -0.55 0.011845 
-1.5 -0.5 0.028948 
-1.5 -0.45 0.063185 
-1.5 -0.4 0.140814 
-1.5 -0.35 0.276055 
-1.5 -0.3 0.540761 
-1.5 -0.25 0.970214 
-1.5 -0.2 1.506039 
-1.5 -0.15 2.069312 
-1.5 -0.1 3.087165 
-1.5 -0.05 5.076027 
-1.5 0 7.775367 
-1.5 0.05 10.610855 
-1.5 0.1 13.233539 
-1.5 0.15 15.556426 
-1.5 0.2 17.663446 
-1.5 0.25 20.534742 
-1.5 0.3 25.125777 
-1.5 0.35 32.112567 
-1.5 0.4 41.631593 
-1.5 0.45 53.959863 
-1.5 0.5 70.309088 
-1.5 0.55 92.686113 
-1.5 0.6 124.103021 
-1.5 0.65 169.934866 
-1.5 0.7 240.720903 
-1.5 0.75 359.110856 
-1.5 0.8 584.800825 
-1.5 0.85 1124.915256 
-1.45 -1 0.000003 
-1.45 -0.95 0.000035 
-1.45 -0.9 0.000045 
-1.45 -0.85 0.000169 
-1.45 -0.8 0.000259 
-1.45 -0.75 0.000846 
-1.45 -0.7 0.001874 
-1.45 -0.65 0.003406 
-1.45 -0.6 0.006025 
-1.45 -0.55 0.014457 
-1.45 -0.5 0.035828 
-1.45 -0.45 0.078634 
-1.45 -0.4 0.175773 
-1.45 -0.35 0.345003 
-1.45 -0.3 0.676535 
-1.45 -0.25 1.215380 
-1.45 -0.2 1.888177 
-1.45 -0.15 2.594068 
-1.45 -0.1 3.871481 
-1.45 -0.05 6.370933 
-1.45 0 9.760769 
-1.45 0.05 13.318763 
-1.45 0.1 16.605094 
-1.45 0.15 19.510284 
-1.45 0.2 22.142387 
-1.45 0.25 25.734492 
-1.45 0.3 31.483872 
-1.45 0.35 40.242395 
-1.45 0.4 52.173747 
-1.45 0.45 67.630956 
-1.45 0.5 88.143694 
-1.45 0.55 116.257538 
-1.45 0.6 155.822931 
-1.45 0.65 213.793186 
-1.45 0.7 303.999831 
-1.45 0.75 456.986742 
-1.45 0.8 756.351086 
-1.45 0.85 1510.298775 
-1.4 -1 0.000004 
-1.4 -0.95 0.000043 
-1.4 -0.9 0.000056 
-1.4 -0.85 0.000203 
-1.4 -0.8 0.000311 
-1.4 -0.75 0.001012 
-1.4 -0.7 0.002253 
-1.4 -0.65 0.004105 
-1.4 -0.6 0.007385 
-1.4 -0.55 0.018123 
-1.4 -0.5 0.045554 
-1.4 -0.45 0.100542 
-1.4 -0.4 0.225341 
-1.4 -0.35 0.442828 
-1.4 -0.3 0.869250 
-1.4 -0.25 1.563642 
-1.4 -0.2 2.431207 
-1.4 -0.15 3.340100 
-1.4 -0.1 4.986567 
-1.4 -0.05 8.212225 
-1.4 0 12.582660 
-1.4 0.05 17.165138 
-1.4 0.1 21.390942 
-1.4 0.15 25.119542 
-1.4 0.2 28.492982 
-1.4 0.25 33.107365 
-1.4 0.3 40.501514 
-1.4 0.35 51.772365 
-1.4 0.4 67.126508 
-1.4 0.45 87.022451 
-1.4 0.5 113.449660 
-1.4 0.55 149.729720 
-1.4 0.6 200.938665 
-1.4 0.65 276.372540 
-1.4 0.7 394.847568 
-1.4 0.75 599.315659 
-1.4 0.8 1012.705958 
-1.35 -1 0.000007 
-1.35 -0.95 0.000053 
-1.35 -0.9 0.000072 
-1.35 -0.85 0.000250 
-1.35 -0.8 0.000383 
-1.35 -0.75 0.001243 
-1.35 -0.7 0.002774 
-1.35 -0.65 0.005089 
-1.35 -0.6 0.009311 
-1.35 -0.55 0.023345 
-1.35 -0.5 0.059478 
-1.35 -0.45 0.131970 
-1.35 -0.4 0.296611 
-1.35 -0.35 0.583499 
-1.35 -0.3 1.146434 
-1.35 -0.25 2.064823 
-1.35 -0.2 3.213349 
-1.35 -0.15 4.414855 
-1.35 -0.1 6.593361 
-1.35 -0.05 10.864506 
-1.35 0 16.645371 
-1.35 0.05 22.698748 
-1.35 0.1 28.270388 
-1.35 0.15 33.176909 
-1.35 0.2 37.612731 
-1.35 0.25 43.694528 
-1.35 0.3 53.451386 
-1.35 0.35 68.330977 
-1.35 0.4 88.599972 
-1.35 0.45 114.875186 
-1.35 0.5 149.813236 
-1.35 0.55 197.875459 
-1.35 0.6 265.960244 
-1.35 0.65 366.919818 
-1.35 0.7 527.355158 
-1.35 0.75 810.288045 
-1.35 0.8 1406.024587 
-1.3 -1 0.000011 
-1.3 -0.95 0.000069 
-1.3 -0.9 0.000096 
-1.3 -0.85 0.000319 
-1.3 -0.8 0.000486 
-1.3 -0.75 0.001567 
-1.3 -0.7 0.003512 
-1.3 -0.65 0.006469 
-1.3 -0.6 0.012055 
-1.3 -0.55 0.030884 
-1.3 -0.5 0.079704 
-1.3 -0.45 0.177661 
-1.3 -0.4 0.400334 
-1.3 -0.35 0.788262 
-1.3 -0.3 1.550132 
-1.3 -0.25 2.795377 
-1.3 -0.2 4.354239 
-1.3 -0.15 5.983104 
-1.3 -0.1 8.938211 
-1.3 -0.05 14.734350 
-1.3 0 22.568939 
-1.3 0.05 30.759171 
-1.3 0.1 38.280403 
-1.3 0.15 44.891922 
-1.3 0.2 50.866055 
-1.3 0.25 59.079526 
-1.3 0.3 72.273207 
-1.3 0.35 92.401138 
-1.3 0.4 119.812966 
-1.3 0.45 155.366319 
-1.3 0.5 202.701730 
-1.3 0.55 267.981767 
-1.3 0.6 360.876306 
-1.3 0.65 499.762141 
-1.3 0.7 723.680715 
-1.3 0.75 1129.341911 
-1.3 0.8 2026.534753 
-1.25 -1 0.000017 
-1.25 -0.95 0.000092 
-1.25 -0.9 0.000130 
-1.25 -0.85 0.000416 
-1.25 -0.8 0.000633 
-1.25 -0.75 0.002028 
-1.25 -0.7 0.004563 
-1.25 -0.65 0.008463 
-1.25 -0.6 0.016031 
-1.25 -0.55 0.041892 
-1.25 -0.5 0.109378 
-1.25 -0.45 0.244887 
-1.25 -0.4 0.553096 
-1.25 -0.35 1.089962 
-1.25 -0.3 2.145205 
-1.25 -0.25 3.872837 
-1.25 -0.2 6.038705 
-1.25 -0.15 8.299993 
-1.25 -0.1 12.402109 
-1.25 -0.05 20.448895 
-1.25 0 31.307457 
-1.25 0.05 42.634618 
-1.25 0.1 53.008023 
-1.25 0.15 62.110878 
-1.25 0.2 70.334888 
-1.25 0.25 81.682251 
-1.25 0.3 99.932197 
-1.25 0.35 127.773162 
-1.25 0.4 165.680045 
-1.25 0.45 214.876551 
-1.25 0.5 280.483981 
-1.25 0.55 371.240396 
-1.25 0.6 501.105700 
-1.25 0.65 697.228849 
-1.25 0.7 1019.176684 
-1.25 0.75 1621.858941 
-1.2 -1 0.000027 
-1.2 -0.95 0.000125 
-1.2 -0.9 0.000181 
-1.2 -0.85 0.000556 
-1.2 -0.8 0.000845 
-1.2 -0.75 0.002696 
-1.2 -0.7 0.006083 
-1.2 -0.65 0.011343 
-1.2 -0.6 0.021860 
-1.2 -0.55 0.058166 
-1.2 -0.5 0.153465 
-1.2 -0.45 0.344946 
-1.2 -0.4 0.780543 
-1.2 -0.35 1.539280 
-1.2 -0.3 3.031766 
-1.2 -0.25 5.479720 
-1.2 -0.2 8.553712 
-1.2 -0.15 11.761793 
-1.2 -0.1 17.577710 
-1.2 -0.05 28.980970 
-1.2 0 44.338184 
-1.2 0.05 60.313325 
-1.2 0.1 74.895687 
-1.2 0.15 87.666299 
-1.2 0.2 99.213107 
-1.2 0.25 115.213182 
-1.2 0.3 140.973052 
-1.2 0.35 180.265004 
-1.2 0.4 233.744443 
-1.2 0.45 303.198475 
-1.2 0.5 396.004283 
-1.2 0.55 524.867040 
-1.2 0.6 710.524460 
-1.2 0.65 994.403796 
-1.2 0.7 1470.712537 
-1.2 0.75 2397.477815 
-1.15 -1 0.000043 
-1.15 -0.95 0.000175 
-1.15 -0.9 0.000257 
-1.15 -0.85 0.000765 
-1.15 -0.8 0.001157 
-1.15 -0.75 0.003672 
-1.15 -0.7 0.008311 
-1.15 -0.65 0.015569 
-1.15 -0.6 0.030484 
-1.15 -0.55 0.082483 
-1.15 -0.5 0.219570 
-1.15 -0.45 0.495222 
-1.15 -0.4 1.122553 
-1.15 -0.35 2.215004 
-1.15 -0.3 4.365894 
-1.15 -0.25 7.899773 
-1.15 -0.2 12.347175 
-1.15 -0.15 16.988157 
-1.15 -0.1 25.390050 
-1.15 -0.05 41.847679 
-1.15 0 63.955319 
-1.15 0.05 86.871929 
-1.15 0.1 107.703708 
-1.15 0.15 125.913084 
-1.15 0.2 142.400081 
-1.15 0.25 165.370277 
-1.15 0.3 202.386362 
-1.15 0.35 258.813778 
-1.15 0.4 335.577370 
-1.15 0.45 435.358575 
-1.15 0.5 569.012444 
-1.15 0.55 755.424655 
-1.15 0.6 1026.236847 
-1.15 0.65 1446.585845 
-1.15 0.7 2170.402265 
-1.1 -1 0.000069 
-1.1 -0.95 0.000250 
-1.1 -0.9 0.000372 
-1.1 -0.85 0.001073 
-1.1 -0.8 0.001621 
-1.1 -0.75 0.005114 
-1.1 -0.7 0.011616 
-1.1 -0.65 0.021853 
-1.1 -0.6 0.043400 
-1.1 -0.55 0.119164 
-1.1 -0.5 0.319662 
-1.1 -0.45 0.723044 
-1.1 -0.4 1.641476 
-1.1 -0.35 3.240101 
-1.1 -0.3 6.390597 
-1.1 -0.25 11.576661 
-1.1 -0.2 18.120626 
-1.1 -0.15 24.951959 
-1.1 -0.1 37.293350 
-1.1 -0.05 61.424523 
-1.1 0 93.737634 
-1.1 0.05 127.079720 
-1.1 0.1 157.232691 
-1.1 0.15 183.538816 
-1.1 0.2 207.411611 
-1.1 0.25 240.892004 
-1.1 0.3 294.900360 
-1.1 0.35 377.136282 
-1.1 0.4 488.934907 
-1.1 0.45 634.401650 
-1.1 0.5 829.806480 
-1.1 0.55 1103.818153 
-1.1 0.6 1505.866447 
-1.1 0.65 2141.021689 
-1.1 0.7 3266.898636 
-1.05 -1 0.000109 
-1.05 -0.95 0.000364 
-1.05 -0.9 0.000547 
-1.05 -0.85 0.001534 
-1.05 -0.8 0.002316 
-1.05 -0.75 0.007271 
-1.05 -0.7 0.016543 
-1.05 -0.65 0.031295 
-1.05 -0.6 0.062930 
-1.05 -0.55 0.174920 
-1.05 -0.5 0.472315 
-1.05 -0.45 1.071058 
-1.05 -0.4 2.434549 
-1.05 -0.35 4.806879 
-1.05 -0.3 9.486574 
-1.05 -0.25 17.205480 
-1.05 -0.2 26.978642 
-1.05 -0.15 37.189125 
-1.05 -0.1 55.577923 
-1.05 -0.05 91.443236 
-1.05 0 139.272048 
-1.05 0.05 188.334456 
-1.05 0.1 232.417213 
-1.05 0.15 270.791008 
-1.05 0.2 305.740650 
-1.05 0.25 355.158091 
-1.05 0.3 434.944420 
-1.05 0.35 556.226430 
-1.05 0.4 720.945280 
-1.05 0.45 935.496188 
-1.05 0.5 1224.676094 
-1.05 0.55 1632.758426 
-1.05 0.6 2238.447562 
-1.05 0.65 3214.382504 
-1 -1 0.000173 
-1 -0.95 0.000539 
-1 -0.9 0.000814 
-1 -0.85 0.002235 
-1 -0.8 0.003364 
-1 -0.75 0.010521 
-1 -0.7 0.024012 
-1 -0.65 0.045574 
-1 -0.6 0.092737 
-1 -0.55 0.260384 
-1 -0.5 0.706722 
-1 -0.45 1.605911 
-1 -0.4 3.654396 
-1 -0.35 7.216165 
-1 -0.3 14.250396 
-1 -0.25 25.879297 
-1 -0.2 40.664858 
-1 -0.15 56.133262 
-1 -0.1 83.873824 
-1 -0.05 137.783255 
-1 0 209.299806 
-1 0.05 282.104598 
-1 0.1 346.976107 
-1 0.15 403.312322 
-1 0.2 454.876141 
-1 0.25 528.548623 
-1 0.3 647.568401 
-1 0.35 828.044080 
-1 0.4 1072.794512 
-1 0.45 1391.963203 
-1 0.5 1823.782642 
-1 0.55 2437.468302 
-1 0.6 3359.920226 
-0.95 -1 0.000275 
-0.95 -0.95 0.000808 
-0.95 -0.9 0.001228 
-0.95 -0.85 0.003308 
-0.95 -0.8 0.004969 
-0.95 -0.75 0.015464 
-0.95 -0.7 0.035369 
-0.95 -0.65 0.067391 
-0.95 -0.6 0.138449 
-0.95 -0.55 0.392084 
-0.95 -0.5 1.068668 
-0.95 -0.45 2.432701 
-0.95 -0.4 5.541110 
-0.95 -0.35 10.940834 
-0.95 -0.3 21.619419 
-0.95 -0.25 39.319741 
-0.95 -0.2 61.942647 
-0.95 -0.15 85.657662 
-0.95 -0.1 127.946676 
-0.95 -0.05 209.727763 
-0.95 0 317.494321 
-0.95 0.05 426.111085 
-0.95 0.1 521.862080 
-0.95 0.15 604.784891 
-0.95 0.2 681.222614 
-0.95 0.25 791.856187 
-0.95 0.3 970.623684 
-0.95 0.35 1240.753986 
-0.95 0.4 1606.334054 
-0.95 0.45 2083.582646 
-0.95 0.5 2731.831164 
-0.95 0.55 3659.978272 
-0.9 -1 0.000435 
-0.9 -0.95 0.001226 
-0.9 -0.9 0.001869 
-0.9 -0.85 0.004952 
-0.9 -0.8 0.007426 
-0.9 -0.75 0.023043 
-0.9 -0.7 0.052814 
-0.9 -0.65 0.100925 
-0.9 -0.6 0.209189 
-0.9 -0.55 0.596113 
-0.9 -0.5 1.630260 
-0.9 -0.45 3.716324 
-0.9 -0.4 8.471811 
-0.9 -0.35 16.723600 
-0.9 -0.3 33.067832 
-0.9 -0.25 60.242954 
-0.9 -0.2 95.205126 
-0.9 -0.15 131.951936 
-0.9 -0.1 197.000706 
-0.9 -0.05 321.968213 
-0.9 0 485.210758 
-0.9 0.05 647.608355 
-0.9 0.1 788.773780 
-0.9 0.15 910.658231 
-0.9 0.2 1024.126593 
-0.9 0.25 1191.009891 
-0.9 0.3 1460.564680 
-0.9 0.35 1865.883101 
-0.9 0.4 2412.829837 
-0.9 0.45 3127.315727 
-0.9 0.5 4101.474530 
-0.85 -1 0.000691 
-0.85 -0.95 0.001874 
-0.85 -0.9 0.002863 
-0.85 -0.85 0.007496 
-0.85 -0.8 0.011218 
-0.85 -0.75 0.034715 
-0.85 -0.7 0.079675 
-0.85 -0.65 0.152850 
-0.85 -0.6 0.319138 
-0.85 -0.55 0.913732 
-0.85 -0.5 2.504437 
-0.85 -0.45 5.716579 
-0.85 -0.4 13.040974 
-0.85 -0.35 25.731468 
-0.85 -0.3 50.916029 
-0.85 -0.25 92.943111 
-0.85 -0.2 147.454224 
-0.85 -0.15 204.950700 
-0.85 -0.1 305.768611 
-0.85 -0.05 497.766148 
-0.85 0 745.709498 
-0.85 0.05 988.155177 
-0.85 0.1 1195.025885 
-0.85 0.15 1373.067750 
-0.85 0.2 1541.113655 
-0.85 0.25 1793.262144 
-0.85 0.3 2199.935717 
-0.85 0.35 2807.257860 
-0.85 0.4 3623.359184 
-0.85 0.45 4689.349507 
-0.8 -1 0.001095 
-0.8 -0.95 0.002886 
-0.8 -0.9 0.004420 
-0.8 -0.85 0.011451 
-0.8 -0.8 0.017107 
-0.8 -0.75 0.052804 
-0.8 -0.7 0.121432 
-0.8 -0.65 0.233610 
-0.8 -0.6 0.490723 
-0.8 -0.55 1.409713 
-0.8 -0.5 3.869573 
-0.8 -0.45 8.842452 
-0.8 -0.4 20.185034 
-0.8 -0.35 39.800532 
-0.8 -0.3 78.817363 
-0.8 -0.25 144.211217 
-0.8 -0.2 229.890323 
-0.8 -0.15 320.672014 
-0.8 -0.1 477.929559 
-0.8 -0.05 773.951938 
-0.8 0 1150.486060 
-0.8 0.05 1510.274292 
-0.8 0.1 1809.757792 
-0.8 0.15 2066.737280 
-0.8 0.2 2314.033286 
-0.8 0.25 2694.393025 
-0.8 0.3 3305.802199 
-0.8 0.35 4210.400773 
-0.8 0.4 5418.657477 
-0.75 -1 0.001738 
-0.75 -0.95 0.004472 
-0.75 -0.9 0.006851 
-0.75 -0.85 0.017612 
-0.75 -0.8 0.026275 
-0.75 -0.75 0.080928 
-0.75 -0.7 0.186424 
-0.75 -0.65 0.359669 
-0.75 -0.6 0.760042 
-0.75 -0.55 2.186595 
-0.75 -0.5 6.006644 
-0.75 -0.45 13.739016 
-0.75 -0.4 31.380614 
-0.75 -0.35 61.815442 
-0.75 -0.3 122.519251 
-0.75 -0.25 224.794107 
-0.75 -0.2 360.471631 
-0.75 -0.15 505.052919 
-0.75 -0.1 751.657906 
-0.75 -0.05 1208.721600 
-0.75 0 1778.470901 
-0.75 0.05 2306.153816 
-0.75 0.1 2730.894881 
-0.75 0.15 3094.681980 
-0.75 0.2 3454.636565 
-0.75 0.25 4025.197711 
-0.75 0.3 4936.756486 
-0.75 0.35 6268.430019 
-0.7 -1 0.002757 
-0.7 -0.95 0.006961 
-0.7 -0.9 0.010660 
-0.7 -0.85 0.027260 
-0.7 -0.8 0.040609 
-0.7 -0.75 0.124800 
-0.7 -0.7 0.287996 
-0.7 -0.65 0.557533 
-0.7 -0.6 1.183854 
-0.7 -0.55 3.406593 
-0.7 -0.5 9.357023 
-0.7 -0.45 21.420957 
-0.7 -0.4 48.954013 
-0.7 -0.35 96.301794 
-0.7 -0.3 191.056685 
-0.7 -0.25 351.690694 
-0.7 -0.2 568.057027 
-0.7 -0.15 800.266382 
-0.7 -0.1 1188.624005 
-0.7 -0.05 1893.576291 
-0.7 0 2748.711672 
-0.7 0.05 3507.457949 
-0.7 0.1 4090.504876 
-0.7 0.15 4590.774190 
-0.7 0.2 5106.207525 
-0.7 0.25 5953.084982 
-0.7 0.3 7292.263755 
-0.65 -1 0.004375 
-0.65 -0.95 0.010874 
-0.65 -0.9 0.016639 
-0.65 -0.85 0.042405 
-0.65 -0.8 0.063060 
-0.65 -0.75 0.193426 
-0.65 -0.7 0.447341 
-0.65 -0.65 0.868673 
-0.65 -0.6 1.853809 
-0.65 -0.55 5.326735 
-0.65 -0.5 14.616459 
-0.65 -0.45 33.489483 
-0.65 -0.4 76.569061 
-0.65 -0.35 150.349114 
-0.65 -0.3 298.591762 
-0.65 -0.25 551.735744 
-0.65 -0.2 899.069415 
-0.65 -0.15 1275.088013 
-0.65 -0.1 1888.496568 
-0.65 -0.05 2970.979490 
-0.65 0 4236.166710 
-0.65 0.05 5293.089918 
-0.65 0.1 6053.399623 
-0.65 0.15 6713.040586 
-0.65 0.2 7434.385119 
-0.65 0.25 8669.932330 
-0.6 -1 0.006946 
-0.6 -0.95 0.017034 
-0.6 -0.9 0.026025 
-0.6 -0.85 0.066217 
-0.6 -0.8 0.098285 
-0.6 -0.75 0.301005 
-0.6 -0.7 0.697815 
-0.6 -0.65 1.359972 
-0.6 -0.6 2.916678 
-0.6 -0.55 8.354635 
-0.6 -0.5 22.878834 
-0.6 -0.45 52.461871 
-0.6 -0.4 119.987543 
-0.6 -0.35 235.019698 
-0.6 -0.3 467.241276 
-0.6 -0.25 867.127200 
-0.6 -0.2 1428.100724 
-0.6 -0.15 2041.766621 
-0.6 -0.1 3011.770726 
-0.6 -0.05 4658.772732 
-0.6 0 6487.321800 
-0.6 0.05 7886.944613 
-0.6 0.1 8799.000345 
-0.6 0.15 9617.679393 
-0.6 0.2 10595.942739 
-0.55 -1 0.011033 
-0.55 -0.95 0.026761 
-0.55 -0.9 0.040762 
-0.55 -0.85 0.103759 
-0.55 -0.8 0.153612 
-0.55 -0.75 0.469838 
-0.55 -0.7 1.092291 
-0.55 -0.65 2.137946 
-0.55 -0.6 4.609584 
-0.55 -0.55 13.138495 
-0.55 -0.5 35.862465 
-0.55 -0.45 82.296253 
-0.55 -0.4 188.249175 
-0.55 -0.35 367.488228 
-0.55 -0.3 731.307516 
-0.55 -0.25 1363.712815 
-0.55 -0.2 2274.359052 
-0.55 -0.15 3282.725032 
-0.55 -0.1 4814.236642 
-0.55 -0.05 7279.556282 
-0.55 0 9825.734498 
-0.55 0.05 11530.535924 
-0.55 0.1 12472.033441 
-0.55 0.15 13401.143440 
-0.5 -1 0.017541 
-0.5 -0.95 0.042122 
-0.5 -0.9 0.063910 
-0.5 -0.85 0.163047 
-0.5 -0.8 0.240658 
-0.5 -0.75 0.735048 
-0.5 -0.7 1.715008 
-0.5 -0.65 3.374051 
-0.5 -0.6 7.317953 
-0.5 -0.55 20.712623 
-0.5 -0.5 56.262502 
-0.5 -0.45 129.201212 
-0.5 -0.4 295.478710 
-0.5 -0.35 574.203971 
-0.5 -0.3 1143.441413 
-0.5 -0.25 2142.876909 
-0.5 -0.2 3625.983904 
-0.5 -0.15 5290.580100 
-0.5 -0.1 7694.008825 
-0.5 -0.05 11284.547844 
-0.5 0 14626.047885 
-0.5 0.05 16408.225513 
-0.5 0.1 17089.126014 
-0.45 -1 0.027902 
-0.45 -0.95 0.066451 
-0.45 -0.9 0.100231 
-0.45 -0.85 0.256853 
-0.45 -0.8 0.377499 
-0.45 -0.75 1.151807 
-0.45 -0.7 2.699543 
-0.45 -0.65 5.344767 
-0.45 -0.6 11.675542 
-0.45 -0.55 32.735599 
-0.45 -0.5 88.303441 
-0.45 -0.45 202.896998 
-0.45 -0.4 463.609808 
-0.45 -0.35 895.422891 
-0.45 -0.3 1783.123501 
-0.45 -0.25 3357.129206 
-0.45 -0.2 5772.180900 
-0.45 -0.15 8520.464563 
-0.45 -0.1 12241.457805 
-0.45 -0.05 17241.547100 
-0.45 0 21219.945652 
-0.45 0.05 22508.154165 
-0.4 -1 0.044407 
-0.4 -0.95 0.105033 
-0.4 -0.9 0.157156 
-0.4 -0.85 0.405658 
-0.4 -0.8 0.592600 
-0.4 -0.75 1.806552 
-0.4 -0.7 4.258331 
-0.4 -0.65 8.501357 
-0.4 -0.6 18.734056 
-0.4 -0.55 51.884191 
-0.4 -0.5 138.588599 
-0.4 -0.45 318.538422 
-0.4 -0.4 726.359934 
-0.4 -0.35 1391.318101 
-0.4 -0.3 2767.205930 
-0.4 -0.25 5226.977522 
-0.4 -0.2 9135.623815 
-0.4 -0.15 13636.732752 
-0.4 -0.1 19250.198641 
-0.4 -0.05 25721.782281 
-0.4 0 29697.859892 
-0.35 -1 0.070773 
-0.35 -0.95 0.166441 
-0.35 -0.9 0.246285 
-0.35 -0.85 0.642204 
-0.35 -0.8 0.930361 
-0.35 -0.75 2.835013 
-0.35 -0.7 6.730339 
-0.35 -0.65 13.578683 
-0.35 -0.6 30.264370 
-0.35 -0.55 82.524711 
-0.35 -0.5 217.433787 
-0.35 -0.45 499.647660 
-0.35 -0.4 1134.765217 
-0.35 -0.35 2149.458310 
-0.35 -0.3 4260.423370 
-0.35 -0.25 8050.166528 
-0.35 -0.2 14276.468573 
-0.35 -0.15 21488.889407 
-0.35 -0.1 29578.912201 
-0.35 -0.05 36994.473918 
-0.3 -1 0.112889 
-0.3 -0.95 0.264386 
-0.3 -0.9 0.385465 
-0.3 -0.85 1.019389 
-0.3 -0.8 1.459401 
-0.3 -0.75 4.450170 
-0.3 -0.7 10.655891 
-0.3 -0.65 21.797260 
-0.3 -0.6 49.298036 
-0.3 -0.55 131.885820 
-0.3 -0.5 340.950614 
-0.3 -0.45 782.475768 
-0.3 -0.4 1764.056614 
-0.3 -0.35 3292.262791 
-0.3 -0.3 6479.508017 
-0.3 -0.25 12182.014628 
-0.3 -0.2 21799.468569 
-0.3 -0.15 32870.455500 
-0.3 -0.1 43680.120623 
-0.25 -1 0.180225 
-0.25 -0.95 0.421015 
-0.25 -0.9 0.602310 
-0.25 -0.85 1.622275 
-0.25 -0.8 2.285599 
-0.25 -0.75 6.988216 
-0.25 -0.7 16.901423 
-0.25 -0.65 35.200073 
-0.25 -0.6 81.110572 
-0.25 -0.55 212.135373 
-0.25 -0.5 534.341026 
-0.25 -0.45 1222.230438 
-0.25 -0.4 2720.462877 
-0.25 -0.35 4980.634242 
-0.25 -0.3 9677.559465 
-0.25 -0.25 17950.790600 
-0.25 -0.2 32059.001023 
-0.25 -0.15 47884.082102 
-0.2 -1 0.287812 
-0.2 -0.95 0.671140 
-0.2 -0.9 0.939255 
-0.2 -0.85 2.586801 
-0.2 -0.8 3.571073 
-0.2 -0.75 10.987473 
-0.2 -0.7 26.868612 
-0.2 -0.65 57.253842 
-0.2 -0.6 134.993915 
-0.2 -0.55 344.110827 
-0.2 -0.5 837.047007 
-0.2 -0.45 1901.190886 
-0.2 -0.4 4142.917789 
-0.2 -0.35 7407.057040 
-0.2 -0.3 14087.082367 
-0.2 -0.25 25475.618803 
-0.2 -0.2 44626.103868 
-0.15 -1 0.459644 
-0.15 -0.95 1.067026 
-0.15 -0.9 1.463059 
-0.15 -0.85 4.125416 
-0.15 -0.8 5.561597 
-0.15 -0.75 17.327314 
-0.15 -0.7 42.845961 
-0.15 -0.65 93.940762 
-0.15 -0.6 227.278236 
-0.15 -0.55 563.687450 
-0.15 -0.5 1310.295248 
-0.15 -0.45 2936.532285 
-0.15 -0.4 6188.695812 
-0.15 -0.35 10769.392861 
-0.15 -0.3 19801.678251 
-0.15 -0.25 34416.409452 
-0.1 -1 0.734038 
-0.1 -0.95 1.686577 
-0.1 -0.9 2.284526 
-0.1 -0.85 6.562646 
-0.1 -0.8 8.625374 
-0.1 -0.75 27.470086 
-0.1 -0.7 68.568026 
-0.1 -0.65 155.680402 
-0.1 -0.6 385.888529 
-0.1 -0.55 930.856885 
-0.1 -0.5 2044.850130 
-0.1 -0.45 4478.195695 
-0.1 -0.4 8984.478190 
-0.1 -0.35 15219.555675 
-0.1 -0.3 26605.030893 
-0.05 -1 1.170251 
-0.05 -0.95 2.654418 
-0.05 -0.9 3.600000 
-0.05 -0.85 10.387414 
-0.05 -0.8 13.337845 
-0.05 -0.75 43.692423 
-0.05 -0.7 109.905517 
-0.05 -0.65 260.596293 
-0.05 -0.6 655.770527 
-0.05 -0.55 1535.790489 
-0.05 -0.5 3155.196002 
-0.05 -0.45 6667.195300 
-0.05 -0.4 12530.996577 
-0.05 -0.35 20778.901073 
0 -1 1.861333 
0 -0.95 4.181847 
0 -0.9 5.785084 
0 -0.85 16.204026 
0 -0.8 20.598816 
0 -0.75 68.850304 
0 -0.7 176.101747 
0 -0.65 439.133345 
0 -0.6 1098.682488 
0 -0.55 2473.809095 
0 -0.5 4715.185001 
0 -0.45 9503.138680 
0 -0.4 16609.264077 
0.05 -1 2.995877 
0.05 -0.95 6.538043 
0.05 -0.9 9.564393 
0.05 -0.85 24.941424 
0.05 -0.8 31.820246 
0.05 -0.75 108.665728 
0.05 -0.7 282.404631 
0.05 -0.65 734.852440 
0.05 -0.6 1760.407157 
0.05 -0.55 3711.435478 
0.05 -0.5 6555.840883 
0.05 -0.45 12641.489337 
0.1 -1 4.736188 
0.1 -0.95 10.126750 
0.1 -0.9 15.992407 
0.1 -0.85 39.096676 
0.1 -0.8 49.924628 
0.1 -0.75 170.131102 
0.1 -0.7 449.780959 
0.1 -0.65 1191.890859 
0.1 -0.6 2577.856334 
0.1 -0.55 4837.385320 
0.1 -0.5 8069.299000 
0.15 -1 6.956330 
0.15 -0.95 15.881911 
0.15 -0.9 25.876218 
0.15 -0.85 59.356270 
0.15 -0.8 78.363135 
0.15 -0.75 261.627818 
0.15 -0.7 697.208459 
0.15 -0.65 1799.967922 
0.15 -0.6 3269.782025 
0.15 -0.55 5078.089653 
0.2 -1 9.911752 
0.2 -0.95 25.553127 
0.2 -0.9 39.432667 
0.2 -0.85 91.880635 
0.2 -0.8 122.730516 
0.2 -0.75 393.093205 
0.2 -0.7 1038.550748 
0.2 -0.65 2385.984172 
0.2 -0.6 3469.171881 
0.25 -1 16.686502 
0.25 -0.95 40.704669 
0.25 -0.9 61.859207 
0.25 -0.85 140.000336 
0.25 -0.8 191.862047 
0.25 -0.75 548.654075 
0.25 -0.7 1438.562995 
0.25 -0.65 2706.057462 
0.3 -1 30.162423 
0.3 -0.95 64.554427 
0.3 -0.9 81.663397 
0.3 -0.85 213.956698 
0.3 -0.8 283.149440 
0.3 -0.75 713.957507 
0.3 -0.7 1771.106059 
0.35 -1 50.864071 
0.35 -0.95 99.528687 
0.35 -0.9 124.897716 
0.35 -0.85 313.848600 
0.35 -0.8 401.918111 
0.35 -0.75 824.326867 
0.4 -1 64.692472 
0.4 -0.95 154.370720 
0.4 -0.9 223.024714 
0.4 -0.85 478.831932 
0.4 -0.8 575.819342 
0.45 -1 103.267482 
0.45 -0.95 209.266238 
0.45 -0.9 360.485277 
0.45 -0.85 764.202893 
0.5 -1 166.817198 
0.5 -0.95 319.988592 
0.5 -0.9 611.596416 
0.55 -1 243.404321 
0.55 -0.95 459.680683 
0.6 -1 409.025895 
