-3 -1 0.000000 
-3 -0.95 0.000000 
-3 -0.9 0.000000 
-3 -0.85 0.000000 
-3 -0.8 0.000000 
-3 -0.75 0.000001 
-3 -0.7 0.000001 
-3 -0.65 0.000002 
-3 -0.6 0.000003 
-3 -0.55 0.000009 
-3 -0.5 0.000017 
-3 -0.45 0.000029 
-3 -0.4 0.000040 
-3 -0.35 0.000049 
-3 -0.3 0.000069 
-3 -0.25 0.000105 
-3 -0.2 0.000157 
-3 -0.15 0.000224 
-3 -0.1 0.000281 
-3 -0.05 0.000319 
-3 0 0.000364 
-3 0.05 0.000397 
-3 0.1 0.000416 
-3 0.15 0.000439 
-3 0.2 0.000466 
-3 0.25 0.000500 
-3 0.3 0.000561 
-3 0.35 0.000658 
-3 0.4 0.000944 
-3 0.45 0.001575 
-3 0.5 0.003005 
-3 0.55 0.006276 
-3 0.6 0.013525 
-3 0.65 0.028897 
-3 0.7 0.070468 
-3 0.75 0.174529 
-3 0.8 0.473271 
-2.95 -1 0.000000 
-2.95 -0.95 0.000000 
-2.95 -0.9 0.000000 
-2.95 -0.85 0.000000 
-2.95 -0.8 0.000000 
-2.95 -0.75 0.000001 
-2.95 -0.7 0.000001 
-2.95 -0.65 0.000002 
-2.95 -0.6 0.000003 
-2.95 -0.55 0.000009 
-2.95 -0.5 0.000017 
-2.95 -0.45 0.000029 
-2.95 -0.4 0.000040 
-2.95 -0.35 0.000049 
-2.95 -0.3 0.000070 
-2.95 -0.25 0.000106 
-2.95 -0.2 0.000157 
-2.95 -0.15 0.000225 
-2.95 -0.1 0.000282 
-2.95 -0.05 0.000321 
-2.95 0 0.000366 
-2.95 0.05 0.000399 
-2.95 0.1 0.000418 
-2.95 0.15 0.000442 
-2.95 0.2 0.000469 
-2.95 0.25 0.000503 
-2.95 0.3 0.000564 
-2.95 0.35 0.000660 
-2.95 0.4 0.000944 
-2.95 0.45 0.001574 
-2.95 0.5 0.002998 
-2.95 0.55 0.006262 
-2.95 0.6 0.013498 
-2.95 0.65 0.028851 
-2.95 0.7 0.070386 
-2.95 0.75 0.174397 
-2.95 0.8 0.473102 
-2.9 -1 0.000000 
-2.9 -0.95 0.000000 
-2.9 -0.9 0.000000 
-2.9 -0.85 0.000000 
-2.9 -0.8 0.000000 
-2.9 -0.75 0.000001 
-2.9 -0.7 0.000001 
-2.9 -0.65 0.000002 
-2.9 -0.6 0.000003 
-2.9 -0.55 0.000009 
-2.9 -0.5 0.000017 
-2.9 -0.45 0.000029 
-2.9 -0.4 0.000040 
-2.9 -0.35 0.000050 
-2.9 -0.3 0.000070 
-2.9 -0.25 0.000106 
-2.9 -0.2 0.000158 
-2.9 -0.15 0.000226 
-2.9 -0.1 0.000284 
-2.9 -0.05 0.000322 
-2.9 0 0.000368 
-2.9 0.05 0.000402 
-2.9 0.1 0.000421 
-2.9 0.15 0.000445 
-2.9 0.2 0.000472 
-2.9 0.25 0.000506 
-2.9 0.3 0.000567 
-2.9 0.35 0.000663 
-2.9 0.4 0.000945 
-2.9 0.45 0.001571 
-2.9 0.5 0.002991 
-2.9 0.55 0.006245 
-2.9 0.6 0.013465 
-2.9 0.65 0.028792 
-2.9 0.7 0.070282 
-2.9 0.75 0.174231 
-2.9 0.8 0.472891 
-2.85 -1 0.000000 
-2.85 -0.95 0.000000 
-2.85 -0.9 0.000000 
-2.85 -0.85 0.000000 
-2.85 -0.8 0.000000 
-2.85 -0.75 0.000001 
-2.85 -0.7 0.000001 
-2.85 -0.65 0.000002 
-2.85 -0.6 0.000004 
-2.85 -0.55 0.000009 
-2.85 -0.5 0.000018 
-2.85 -0.45 0.000029 
-2.85 -0.4 0.000040 
-2.85 -0.35 0.000050 
-2.85 -0.3 0.000070 
-2.85 -0.25 0.000107 
-2.85 -0.2 0.000159 
-2.85 -0.15 0.000227 
-2.85 -0.1 0.000285 
-2.85 -0.05 0.000325 
-2.85 0 0.000371 
-2.85 0.05 0.000405 
-2.85 0.1 0.000424 
-2.85 0.15 0.000449 
-2.85 0.2 0.000476 
-2.85 0.25 0.000510 
-2.85 0.3 0.000571 
-2.85 0.35 0.000666 
-2.85 0.4 0.000946 
-2.85 0.45 0.001569 
-2.85 0.5 0.002981 
-2.85 0.55 0.006223 
-2.85 0.6 0.013423 
-2.85 0.65 0.028718 
-2.85 0.7 0.070151 
-2.85 0.75 0.174022 
-2.85 0.8 0.472625 
-2.8 -1 0.000000 
-2.8 -0.95 0.000000 
-2.8 -0.9 0.000000 
-2.8 -0.85 0.000000 
-2.8 -0.8 0.000000 
-2.8 -0.75 0.000001 
-2.8 -0.7 0.000001 
-2.8 -0.65 0.000002 
-2.8 -0.6 0.000004 
-2.8 -0.55 0.000009 
-2.8 -0.5 0.000018 
-2.8 -0.45 0.000030 
-2.8 -0.4 0.000040 
-2.8 -0.35 0.000050 
-2.8 -0.3 0.000071 
-2.8 -0.25 0.000108 
-2.8 -0.2 0.000160 
-2.8 -0.15 0.000229 
-2.8 -0.1 0.000288 
-2.8 -0.05 0.000328 
-2.8 0 0.000374 
-2.8 0.05 0.000409 
-2.8 0.1 0.000429 
-2.8 0.15 0.000454 
-2.8 0.2 0.000481 
-2.8 0.25 0.000516 
-2.8 0.3 0.000577 
-2.8 0.35 0.000671 
-2.8 0.4 0.000948 
-2.8 0.45 0.001565 
-2.8 0.5 0.002969 
-2.8 0.55 0.006195 
-2.8 0.6 0.013370 
-2.8 0.65 0.028625 
-2.8 0.7 0.069987 
-2.8 0.75 0.173759 
-2.8 0.8 0.472291 
-2.75 -1 0.000000 
-2.75 -0.95 0.000000 
-2.75 -0.9 0.000000 
-2.75 -0.85 0.000000 
-2.75 -0.8 0.000000 
-2.75 -0.75 0.000001 
-2.75 -0.7 0.000001 
-2.75 -0.65 0.000002 
-2.75 -0.6 0.000004 
-2.75 -0.55 0.000009 
-2.75 -0.5 0.000018 
-2.75 -0.45 0.000030 
-2.75 -0.4 0.000041 
-2.75 -0.35 0.000051 
-2.75 -0.3 0.000072 
-2.75 -0.25 0.000109 
-2.75 -0.2 0.000161 
-2.75 -0.15 0.000231 
-2.75 -0.1 0.000291 
-2.75 -0.05 0.000331 
-2.75 0 0.000379 
-2.75 0.05 0.000414 
-2.75 0.1 0.000434 
-2.75 0.15 0.000460 
-2.75 0.2 0.000488 
-2.75 0.25 0.000522 
-2.75 0.3 0.000583 
-2.75 0.35 0.000676 
-2.75 0.4 0.000950 
-2.75 0.45 0.001561 
-2.75 0.5 0.002954 
-2.75 0.55 0.006161 
-2.75 0.6 0.013304 
-2.75 0.65 0.028509 
-2.75 0.7 0.069782 
-2.75 0.75 0.173429 
-2.75 0.8 0.471871 
-2.7 -1 0.000000 
-2.7 -0.95 0.000000 
-2.7 -0.9 0.000000 
-2.7 -0.85 0.000000 
-2.7 -0.8 0.000000 
-2.7 -0.75 0.000001 
-2.7 -0.7 0.000001 
-2.7 -0.65 0.000002 
-2.7 -0.6 0.000004 
-2.7 -0.55 0.000009 
-2.7 -0.5 0.000018 
-2.7 -0.45 0.000030 
-2.7 -0.4 0.000041 
-2.7 -0.35 0.000051 
-2.7 -0.3 0.000072 
-2.7 -0.25 0.000110 
-2.7 -0.2 0.000163 
-2.7 -0.15 0.000234 
-2.7 -0.1 0.000294 
-2.7 -0.05 0.000336 
-2.7 0 0.000385 
-2.7 0.05 0.000421 
-2.7 0.1 0.000442 
-2.7 0.15 0.000468 
-2.7 0.2 0.000496 
-2.7 0.25 0.000531 
-2.7 0.3 0.000592 
-2.7 0.35 0.000683 
-2.7 0.4 0.000953 
-2.7 0.45 0.001557 
-2.7 0.5 0.002935 
-2.7 0.55 0.006119 
-2.7 0.6 0.013221 
-2.7 0.65 0.028363 
-2.7 0.7 0.069524 
-2.7 0.75 0.173015 
-2.7 0.8 0.471343 
-2.65 -1 0.000000 
-2.65 -0.95 0.000000 
-2.65 -0.9 0.000000 
-2.65 -0.85 0.000000 
-2.65 -0.8 0.000000 
-2.65 -0.75 0.000001 
-2.65 -0.7 0.000001 
-2.65 -0.65 0.000002 
-2.65 -0.6 0.000004 
-2.65 -0.55 0.000009 
-2.65 -0.5 0.000018 
-2.65 -0.45 0.000030 
-2.65 -0.4 0.000042 
-2.65 -0.35 0.000052 
-2.65 -0.3 0.000074 
-2.65 -0.25 0.000111 
-2.65 -0.2 0.000166 
-2.65 -0.15 0.000238 
-2.65 -0.1 0.000299 
-2.65 -0.05 0.000342 
-2.65 0 0.000392 
-2.65 0.05 0.000429 
-2.65 0.1 0.000451 
-2.65 0.15 0.000478 
-2.65 0.2 0.000507 
-2.65 0.25 0.000542 
-2.65 0.3 0.000603 
-2.65 0.35 0.000693 
-2.65 0.4 0.000957 
-2.65 0.45 0.001551 
-2.65 0.5 0.002913 
-2.65 0.55 0.006066 
-2.65 0.6 0.013118 
-2.65 0.65 0.028181 
-2.65 0.7 0.069200 
-2.65 0.75 0.172494 
-2.65 0.8 0.470679 
-2.6 -1 0.000000 
-2.6 -0.95 0.000000 
-2.6 -0.9 0.000000 
-2.6 -0.85 0.000000 
-2.6 -0.8 0.000000 
-2.6 -0.75 0.000001 
-2.6 -0.7 0.000001 
-2.6 -0.65 0.000002 
-2.6 -0.6 0.000004 
-2.6 -0.55 0.000009 
-2.6 -0.5 0.000018 
-2.6 -0.45 0.000031 
-2.6 -0.4 0.000042 
-2.6 -0.35 0.000053 
-2.6 -0.3 0.000075 
-2.6 -0.25 0.000114 
-2.6 -0.2 0.000169 
-2.6 -0.15 0.000242 
-2.6 -0.1 0.000305 
-2.6 -0.05 0.000349 
-2.6 0 0.000401 
-2.6 0.05 0.000440 
-2.6 0.1 0.000463 
-2.6 0.15 0.000491 
-2.6 0.2 0.000521 
-2.6 0.25 0.000557 
-2.6 0.3 0.000617 
-2.6 0.35 0.000705 
-2.6 0.4 0.000963 
-2.6 0.45 0.001545 
-2.6 0.5 0.002885 
-2.6 0.55 0.006001 
-2.6 0.6 0.012990 
-2.6 0.65 0.027954 
-2.6 0.7 0.068794 
-2.6 0.75 0.171841 
-2.6 0.8 0.469846 
-2.55 -1 0.000000 
-2.55 -0.95 0.000000 
-2.55 -0.9 0.000000 
-2.55 -0.85 0.000000 
-2.55 -0.8 0.000000 
-2.55 -0.75 0.000001 
-2.55 -0.7 0.000001 
-2.55 -0.65 0.000002 
-2.55 -0.6 0.000004 
-2.55 -0.55 0.000010 
-2.55 -0.5 0.000019 
-2.55 -0.45 0.000031 
-2.55 -0.4 0.000043 
-2.55 -0.35 0.000054 
-2.55 -0.3 0.000077 
-2.55 -0.25 0.000116 
-2.55 -0.2 0.000173 
-2.55 -0.15 0.000248 
-2.55 -0.1 0.000313 
-2.55 -0.05 0.000358 
-2.55 0 0.000413 
-2.55 0.05 0.000454 
-2.55 0.1 0.000478 
-2.55 0.15 0.000508 
-2.55 0.2 0.000539 
-2.55 0.25 0.000575 
-2.55 0.3 0.000636 
-2.55 0.35 0.000721 
-2.55 0.4 0.000971 
-2.55 0.45 0.001539 
-2.55 0.5 0.002852 
-2.55 0.55 0.005921 
-2.55 0.6 0.012831 
-2.55 0.65 0.027670 
-2.55 0.7 0.068287 
-2.55 0.75 0.171022 
-2.55 0.8 0.468801 
-2.5 -1 0.000000 
-2.5 -0.95 0.000000 
-2.5 -0.9 0.000000 
-2.5 -0.85 0.000000 
-2.5 -0.8 0.000000 
-2.5 -0.75 0.000001 
-2.5 -0.7 0.000001 
-2.5 -0.65 0.000002 
-2.5 -0.6 0.000004 
-2.5 -0.55 0.000010 
-2.5 -0.5 0.000019 
-2.5 -0.45 0.000032 
-2.5 -0.4 0.000044 
-2.5 -0.35 0.000055 
-2.5 -0.3 0.000079 
-2.5 -0.25 0.000120 
-2.5 -0.2 0.000178 
-2.5 -0.15 0.000255 
-2.5 -0.1 0.000322 
-2.5 -0.05 0.000370 
-2.5 0 0.000428 
-2.5 0.05 0.000471 
-2.5 0.1 0.000498 
-2.5 0.15 0.000529 
-2.5 0.2 0.000562 
-2.5 0.25 0.000599 
-2.5 0.3 0.000661 
-2.5 0.35 0.000743 
-2.5 0.4 0.000983 
-2.5 0.45 0.001533 
-2.5 0.5 0.002812 
-2.5 0.55 0.005823 
-2.5 0.6 0.012634 
-2.5 0.65 0.027318 
-2.5 0.7 0.067654 
-2.5 0.75 0.169997 
-2.5 0.8 0.467493 
-2.45 -1 0.000000 
-2.45 -0.95 0.000000 
-2.45 -0.9 0.000000 
-2.45 -0.85 0.000000 
-2.45 -0.8 0.000000 
-2.45 -0.75 0.000001 
-2.45 -0.7 0.000001 
-2.45 -0.65 0.000002 
-2.45 -0.6 0.000004 
-2.45 -0.55 0.000010 
-2.45 -0.5 0.000020 
-2.45 -0.45 0.000033 
-2.45 -0.4 0.000045 
-2.45 -0.35 0.000057 
-2.45 -0.3 0.000082 
-2.45 -0.25 0.000124 
-2.45 -0.2 0.000184 
-2.45 -0.15 0.000264 
-2.45 -0.1 0.000335 
-2.45 -0.05 0.000386 
-2.45 0 0.000447 
-2.45 0.05 0.000494 
-2.45 0.1 0.000523 
-2.45 0.15 0.000557 
-2.45 0.2 0.000592 
-2.45 0.25 0.000631 
-2.45 0.3 0.000693 
-2.45 0.35 0.000772 
-2.45 0.4 0.001001 
-2.45 0.45 0.001529 
-2.45 0.5 0.002767 
-2.45 0.55 0.005704 
-2.45 0.6 0.012393 
-2.45 0.65 0.026881 
-2.45 0.7 0.066865 
-2.45 0.75 0.168716 
-2.45 0.8 0.465853 
-2.4 -1 0.000000 
-2.4 -0.95 0.000000 
-2.4 -0.9 0.000000 
-2.4 -0.85 0.000000 
-2.4 -0.8 0.000000 
-2.4 -0.75 0.000001 
-2.4 -0.7 0.000002 
-2.4 -0.65 0.000002 
-2.4 -0.6 0.000004 
-2.4 -0.55 0.000011 
-2.4 -0.5 0.000020 
-2.4 -0.45 0.000034 
-2.4 -0.4 0.000047 
-2.4 -0.35 0.000060 
-2.4 -0.3 0.000085 
-2.4 -0.25 0.000129 
-2.4 -0.2 0.000192 
-2.4 -0.15 0.000276 
-2.4 -0.1 0.000351 
-2.4 -0.05 0.000406 
-2.4 0 0.000472 
-2.4 0.05 0.000523 
-2.4 0.1 0.000556 
-2.4 0.15 0.000594 
-2.4 0.2 0.000632 
-2.4 0.25 0.000673 
-2.4 0.3 0.000736 
-2.4 0.35 0.000812 
-2.4 0.4 0.001027 
-2.4 0.45 0.001528 
-2.4 0.5 0.002716 
-2.4 0.55 0.005563 
-2.4 0.6 0.012098 
-2.4 0.65 0.026342 
-2.4 0.7 0.065885 
-2.4 0.75 0.167117 
-2.4 0.8 0.463806 
-2.35 -1 0.000000 
-2.35 -0.95 0.000000 
-2.35 -0.9 0.000000 
-2.35 -0.85 0.000000 
-2.35 -0.8 0.000001 
-2.35 -0.75 0.000001 
-2.35 -0.7 0.000002 
-2.35 -0.65 0.000003 
-2.35 -0.6 0.000005 
-2.35 -0.55 0.000011 
-2.35 -0.5 0.000021 
-2.35 -0.45 0.000035 
-2.35 -0.4 0.000049 
-2.35 -0.35 0.000063 
-2.35 -0.3 0.000090 
-2.35 -0.25 0.000137 
-2.35 -0.2 0.000203 
-2.35 -0.15 0.000292 
-2.35 -0.1 0.000372 
-2.35 -0.05 0.000432 
-2.35 0 0.000505 
-2.35 0.05 0.000561 
-2.35 0.1 0.000599 
-2.35 0.15 0.000641 
-2.35 0.2 0.000684 
-2.35 0.25 0.000729 
-2.35 0.3 0.000795 
-2.35 0.35 0.000868 
-2.35 0.4 0.001066 
-2.35 0.45 0.001535 
-2.35 0.5 0.002661 
-2.35 0.55 0.005397 
-2.35 0.6 0.011742 
-2.35 0.65 0.025681 
-2.35 0.7 0.064671 
-2.35 0.75 0.165127 
-2.35 0.8 0.461251 
-2.3 -1 0.000000 
-2.3 -0.95 0.000000 
-2.3 -0.9 0.000000 
-2.3 -0.85 0.000000 
-2.3 -0.8 0.000001 
-2.3 -0.75 0.000001 
-2.3 -0.7 0.000002 
-2.3 -0.65 0.000003 
-2.3 -0.6 0.000005 
-2.3 -0.55 0.000012 
-2.3 -0.5 0.000023 
-2.3 -0.45 0.000037 
-2.3 -0.4 0.000052 
-2.3 -0.35 0.000067 
-2.3 -0.3 0.000096 
-2.3 -0.25 0.000146 
-2.3 -0.2 0.000216 
-2.3 -0.15 0.000312 
-2.3 -0.1 0.000399 
-2.3 -0.05 0.000466 
-2.3 0 0.000548 
-2.3 0.05 0.000612 
-2.3 0.1 0.000655 
-2.3 0.15 0.000705 
-2.3 0.2 0.000754 
-2.3 0.25 0.000804 
-2.3 0.3 0.000875 
-2.3 0.35 0.000945 
-2.3 0.4 0.001126 
-2.3 0.45 0.001556 
-2.3 0.5 0.002607 
-2.3 0.55 0.005207 
-2.3 0.6 0.011317 
-2.3 0.65 0.024878 
-2.3 0.7 0.063177 
-2.3 0.75 0.162658 
-2.3 0.8 0.458073 
-2.25 -1 0.000000 
-2.25 -0.95 0.000000 
-2.25 -0.9 0.000000 
-2.25 -0.85 0.000000 
-2.25 -0.8 0.000001 
-2.25 -0.75 0.000001 
-2.25 -0.7 0.000002 
-2.25 -0.65 0.000003 
-2.25 -0.6 0.000006 
-2.25 -0.55 0.000013 
-2.25 -0.5 0.000024 
-2.25 -0.45 0.000040 
-2.25 -0.4 0.000055 
-2.25 -0.35 0.000072 
-2.25 -0.3 0.000105 
-2.25 -0.25 0.000158 
-2.25 -0.2 0.000234 
-2.25 -0.15 0.000338 
-2.25 -0.1 0.000434 
-2.25 -0.05 0.000510 
-2.25 0 0.000604 
-2.25 0.05 0.000679 
-2.25 0.1 0.000731 
-2.25 0.15 0.000790 
-2.25 0.2 0.000848 
-2.25 0.25 0.000907 
-2.25 0.3 0.000986 
-2.25 0.35 0.001055 
-2.25 0.4 0.001216 
-2.25 0.45 0.001602 
-2.25 0.5 0.002565 
-2.25 0.55 0.004999 
-2.25 0.6 0.010819 
-2.25 0.65 0.023910 
-2.25 0.7 0.061347 
-2.25 0.75 0.159605 
-2.25 0.8 0.454130 
-2.2 -1 0.000000 
-2.2 -0.95 0.000000 
-2.2 -0.9 0.000000 
-2.2 -0.85 0.000000 
-2.2 -0.8 0.000001 
-2.2 -0.75 0.000001 
-2.2 -0.7 0.000002 
-2.2 -0.65 0.000004 
-2.2 -0.6 0.000006 
-2.2 -0.55 0.000014 
-2.2 -0.5 0.000026 
-2.2 -0.45 0.000043 
-2.2 -0.4 0.000060 
-2.2 -0.35 0.000079 
-2.2 -0.3 0.000115 
-2.2 -0.25 0.000174 
-2.2 -0.2 0.000258 
-2.2 -0.15 0.000373 
-2.2 -0.1 0.000481 
-2.2 -0.05 0.000569 
-2.2 0 0.000679 
-2.2 0.05 0.000768 
-2.2 0.1 0.000833 
-2.2 0.15 0.000906 
-2.2 0.2 0.000977 
-2.2 0.25 0.001048 
-2.2 0.3 0.001141 
-2.2 0.35 0.001214 
-2.2 0.4 0.001355 
-2.2 0.45 0.001692 
-2.2 0.5 0.002550 
-2.2 0.55 0.004785 
-2.2 0.6 0.010251 
-2.2 0.65 0.022763 
-2.2 0.7 0.059126 
-2.2 0.75 0.155850 
-2.2 0.8 0.449260 
-2.15 -1 0.000000 
-2.15 -0.95 0.000000 
-2.15 -0.9 0.000000 
-2.15 -0.85 0.000000 
-2.15 -0.8 0.000001 
-2.15 -0.75 0.000002 
-2.15 -0.7 0.000003 
-2.15 -0.65 0.000004 
-2.15 -0.6 0.000007 
-2.15 -0.55 0.000015 
-2.15 -0.5 0.000029 
-2.15 -0.45 0.000047 
-2.15 -0.4 0.000066 
-2.15 -0.35 0.000088 
-2.15 -0.3 0.000130 
-2.15 -0.25 0.000196 
-2.15 -0.2 0.000289 
-2.15 -0.15 0.000419 
-2.15 -0.1 0.000544 
-2.15 -0.05 0.000649 
-2.15 0 0.000781 
-2.15 0.05 0.000890 
-2.15 0.1 0.000972 
-2.15 0.15 0.001064 
-2.15 0.2 0.001155 
-2.15 0.25 0.001247 
-2.15 0.3 0.001361 
-2.15 0.35 0.001444 
-2.15 0.4 0.001569 
-2.15 0.45 0.001854 
-2.15 0.5 0.002593 
-2.15 0.55 0.004591 
-2.15 0.6 0.009629 
-2.15 0.65 0.021429 
-2.15 0.7 0.056460 
-2.15 0.75 0.151266 
-2.15 0.8 0.443277 
-2.1 -1 0.000000 
-2.1 -0.95 0.000000 
-2.1 -0.9 0.000000 
-2.1 -0.85 0.000000 
-2.1 -0.8 0.000001 
-2.1 -0.75 0.000002 
-2.1 -0.7 0.000003 
-2.1 -0.65 0.000005 
-2.1 -0.6 0.000008 
-2.1 -0.55 0.000018 
-2.1 -0.5 0.000032 
-2.1 -0.45 0.000053 
-2.1 -0.4 0.000075 
-2.1 -0.35 0.000100 
-2.1 -0.3 0.000149 
-2.1 -0.25 0.000225 
-2.1 -0.2 0.000332 
-2.1 -0.15 0.000482 
-2.1 -0.1 0.000629 
-2.1 -0.05 0.000756 
-2.1 0 0.000919 
-2.1 0.05 0.001056 
-2.1 0.1 0.001164 
-2.1 0.15 0.001284 
-2.1 0.2 0.001404 
-2.1 0.25 0.001528 
-2.1 0.3 0.001678 
-2.1 0.35 0.001784 
-2.1 0.4 0.001901 
-2.1 0.45 0.002137 
-2.1 0.5 0.002745 
-2.1 0.55 0.004469 
-2.1 0.6 0.008995 
-2.1 0.65 0.019927 
-2.1 0.7 0.053310 
-2.1 0.75 0.145717 
-2.1 0.8 0.435976 
-2.05 -1 0.000000 
-2.05 -0.95 0.000000 
-2.05 -0.9 0.000000 
-2.05 -0.85 0.000001 
-2.05 -0.8 0.000001 
-2.05 -0.75 0.000002 
-2.05 -0.7 0.000004 
-2.05 -0.65 0.000006 
-2.05 -0.6 0.000010 
-2.05 -0.55 0.000021 
-2.05 -0.5 0.000037 
-2.05 -0.45 0.000060 
-2.05 -0.4 0.000086 
-2.05 -0.35 0.000116 
-2.05 -0.3 0.000176 
-2.05 -0.25 0.000265 
-2.05 -0.2 0.000389 
-2.05 -0.15 0.000567 
-2.05 -0.1 0.000745 
-2.05 -0.05 0.000904 
-2.05 0 0.001110 
-2.05 0.05 0.001287 
-2.05 0.1 0.001432 
-2.05 0.15 0.001594 
-2.05 0.2 0.001759 
-2.05 0.25 0.001931 
-2.05 0.3 0.002140 
-2.05 0.35 0.002291 
-2.05 0.4 0.002418 
-2.05 0.45 0.002616 
-2.05 0.5 0.003091 
-2.05 0.55 0.004506 
-2.05 0.6 0.008430 
-2.05 0.65 0.018314 
-2.05 0.7 0.049670 
-2.05 0.75 0.139082 
-2.05 0.8 0.427151 
-2 -1 0.000000 
-2 -0.95 0.000000 
-2 -0.9 0.000000 
-2 -0.85 0.000001 
-2 -0.8 0.000001 
-2 -0.75 0.000003 
-2 -0.7 0.000005 
-2 -0.65 0.000008 
-2 -0.6 0.000013 
-2 -0.55 0.000025 
-2 -0.5 0.000043 
-2 -0.45 0.000070 
-2 -0.4 0.000101 
-2 -0.35 0.000139 
-2 -0.3 0.000212 
-2 -0.25 0.000320 
-2 -0.2 0.000469 
-2 -0.15 0.000684 
-2 -0.1 0.000905 
-2 -0.05 0.001109 
-2 0 0.001377 
-2 0.05 0.001612 
-2 0.1 0.001811 
-2 0.15 0.002036 
-2 0.2 0.002269 
-2 0.25 0.002517 
-2 0.3 0.002821 
-2 0.35 0.003053 
-2 0.4 0.003226 
-2 0.45 0.003416 
-2 0.5 0.003772 
-2 0.55 0.004855 
-2 0.6 0.008090 
-2 0.65 0.016725 
-2 0.7 0.045603 
-2 0.75 0.131285 
-2 0.8 0.416613 
-1.95 -1 0.000000 
-1.95 -0.95 0.000000 
-1.95 -0.9 0.000000 
-1.95 -0.85 0.000001 
-1.95 -0.8 0.000001 
-1.95 -0.75 0.000003 
-1.95 -0.7 0.000006 
-1.95 -0.65 0.000010 
-1.95 -0.6 0.000016 
-1.95 -0.55 0.000030 
-1.95 -0.5 0.000052 
-1.95 -0.45 0.000084 
-1.95 -0.4 0.000122 
-1.95 -0.35 0.000171 
-1.95 -0.3 0.000264 
-1.95 -0.25 0.000397 
-1.95 -0.2 0.000580 
-1.95 -0.15 0.000847 
-1.95 -0.1 0.001129 
-1.95 -0.05 0.001398 
-1.95 0 0.001755 
-1.95 0.05 0.002075 
-1.95 0.1 0.002356 
-1.95 0.15 0.002675 
-1.95 0.2 0.003011 
-1.95 0.25 0.003380 
-1.95 0.3 0.003835 
-1.95 0.35 0.004209 
-1.95 0.4 0.004492 
-1.95 0.45 0.004735 
-1.95 0.5 0.005017 
-1.95 0.55 0.005776 
-1.95 0.6 0.008249 
-1.95 0.65 0.015424 
-1.95 0.7 0.041296 
-1.95 0.75 0.122340 
-1.95 0.8 0.404245 
-1.9 -1 0.000000 
-1.9 -0.95 0.000000 
-1.9 -0.9 0.000000 
-1.9 -0.85 0.000001 
-1.9 -0.8 0.000002 
-1.9 -0.75 0.000004 
-1.9 -0.7 0.000008 
-1.9 -0.65 0.000014 
-1.9 -0.6 0.000021 
-1.9 -0.55 0.000038 
-1.9 -0.5 0.000065 
-1.9 -0.45 0.000103 
-1.9 -0.4 0.000151 
-1.9 -0.35 0.000216 
-1.9 -0.3 0.000336 
-1.9 -0.25 0.000506 
-1.9 -0.2 0.000737 
-1.9 -0.15 0.001079 
-1.9 -0.1 0.001448 
-1.9 -0.05 0.001810 
-1.9 0 0.002297 
-1.9 0.05 0.002744 
-1.9 0.1 0.003147 
-1.9 0.15 0.003609 
-1.9 0.2 0.004106 
-1.9 0.25 0.004663 
-1.9 0.3 0.005362 
-1.9 0.35 0.005977 
-1.9 0.4 0.006479 
-1.9 0.45 0.006887 
-1.9 0.5 0.007199 
-1.9 0.55 0.007694 
-1.9 0.6 0.009378 
-1.9 0.65 0.014889 
-1.9 0.7 0.037157 
-1.9 0.75 0.112450 
-1.9 0.8 0.390075 
-1.85 -1 0.000000 
-1.85 -0.95 0.000000 
-1.85 -0.9 0.000000 
-1.85 -0.85 0.000001 
-1.85 -0.8 0.000002 
-1.85 -0.75 0.000006 
-1.85 -0.7 0.000011 
-1.85 -0.65 0.000019 
-1.85 -0.6 0.000028 
-1.85 -0.55 0.000050 
-1.85 -0.5 0.000082 
-1.85 -0.45 0.000130 
-1.85 -0.4 0.000193 
-1.85 -0.35 0.000280 
-1.85 -0.3 0.000441 
-1.85 -0.25 0.000663 
-1.85 -0.2 0.000962 
-1.85 -0.15 0.001411 
-1.85 -0.1 0.001906 
-1.85 -0.05 0.002405 
-1.85 0 0.003086 
-1.85 0.05 0.003721 
-1.85 0.1 0.004310 
-1.85 0.15 0.004991 
-1.85 0.2 0.005737 
-1.85 0.25 0.006592 
-1.85 0.3 0.007679 
-1.85 0.35 0.008698 
-1.85 0.4 0.009605 
-1.85 0.45 0.010376 
-1.85 0.5 0.010918 
-1.85 0.55 0.011311 
-1.85 0.6 0.012268 
-1.85 0.65 0.015959 
-1.85 0.7 0.033969 
-1.85 0.75 0.102144 
-1.85 0.8 0.374413 
-1.8 -1 0.000000 
-1.8 -0.95 0.000000 
-1.8 -0.9 0.000001 
-1.8 -0.85 0.000002 
-1.8 -0.8 0.000003 
-1.8 -0.75 0.000008 
-1.8 -0.7 0.000016 
-1.8 -0.65 0.000026 
-1.8 -0.6 0.000039 
-1.8 -0.55 0.000067 
-1.8 -0.5 0.000107 
-1.8 -0.45 0.000168 
-1.8 -0.4 0.000253 
-1.8 -0.35 0.000373 
-1.8 -0.3 0.000593 
-1.8 -0.25 0.000890 
-1.8 -0.2 0.001288 
-1.8 -0.15 0.001892 
-1.8 -0.1 0.002574 
-1.8 -0.05 0.003276 
-1.8 0 0.004247 
-1.8 0.05 0.005166 
-1.8 0.1 0.006039 
-1.8 0.15 0.007058 
-1.8 0.2 0.008192 
-1.8 0.25 0.009515 
-1.8 0.3 0.011221 
-1.8 0.35 0.012905 
-1.8 0.4 0.014528 
-1.8 0.45 0.016003 
-1.8 0.5 0.017140 
-1.8 0.55 0.017767 
-1.8 0.6 0.018228 
-1.8 0.65 0.020060 
-1.8 0.7 0.033139 
-1.8 0.75 0.092518 
-1.8 0.8 0.358060 
-1.75 -1 0.000000 
-1.75 -0.95 0.000001 
-1.75 -0.9 0.000001 
-1.75 -0.85 0.000003 
-1.75 -0.8 0.000004 
-1.75 -0.75 0.000011 
-1.75 -0.7 0.000023 
-1.75 -0.65 0.000038 
-1.75 -0.6 0.000055 
-1.75 -0.55 0.000091 
-1.75 -0.5 0.000144 
-1.75 -0.45 0.000224 
-1.75 -0.4 0.000340 
-1.75 -0.35 0.000510 
-1.75 -0.3 0.000818 
-1.75 -0.25 0.001226 
-1.75 -0.2 0.001768 
-1.75 -0.15 0.002601 
-1.75 -0.1 0.003557 
-1.75 -0.05 0.004566 
-1.75 0 0.005974 
-1.75 0.05 0.007325 
-1.75 0.1 0.008635 
-1.75 0.15 0.010177 
-1.75 0.2 0.011917 
-1.75 0.25 0.013979 
-1.75 0.3 0.016671 
-1.75 0.35 0.019441 
-1.75 0.4 0.022288 
-1.75 0.45 0.025039 
-1.75 0.5 0.027408 
-1.75 0.55 0.028901 
-1.75 0.6 0.029398 
-1.75 0.65 0.029564 
-1.75 0.7 0.037091 
-1.75 0.75 0.085605 
-1.75 0.8 0.342637 
-1.7 -1 0.000000 
-1.7 -0.95 0.000001 
-1.7 -0.9 0.000001 
-1.7 -0.85 0.000004 
-1.7 -0.8 0.000006 
-1.7 -0.75 0.000016 
-1.7 -0.7 0.000033 
-1.7 -0.65 0.000055 
-1.7 -0.6 0.000079 
-1.7 -0.55 0.000128 
-1.7 -0.5 0.000198 
-1.7 -0.45 0.000305 
-1.7 -0.4 0.000468 
-1.7 -0.35 0.000712 
-1.7 -0.3 0.001152 
-1.7 -0.25 0.001725 
-1.7 -0.2 0.002481 
-1.7 -0.15 0.003653 
-1.7 -0.1 0.005023 
-1.7 -0.05 0.006495 
-1.7 0 0.008567 
-1.7 0.05 0.010582 
-1.7 0.1 0.012569 
-1.7 0.15 0.014921 
-1.7 0.2 0.017611 
-1.7 0.25 0.020840 
-1.7 0.3 0.025099 
-1.7 0.35 0.029630 
-1.7 0.4 0.034529 
-1.7 0.45 0.039504 
-1.7 0.5 0.044184 
-1.7 0.55 0.047668 
-1.7 0.6 0.049248 
-1.7 0.65 0.048364 
-1.7 0.7 0.049893 
-1.7 0.75 0.084943 
-1.7 0.8 0.331073 
-1.65 -1 0.000000 
-1.65 -0.95 0.000001 
-1.65 -0.9 0.000002 
-1.65 -0.85 0.000005 
-1.65 -0.8 0.000008 
-1.65 -0.75 0.000024 
-1.65 -0.7 0.000049 
-1.65 -0.65 0.000082 
-1.65 -0.6 0.000116 
-1.65 -0.55 0.000183 
-1.65 -0.5 0.000278 
-1.65 -0.45 0.000425 
-1.65 -0.4 0.000659 
-1.65 -0.35 0.001015 
-1.65 -0.3 0.001655 
-1.65 -0.25 0.002476 
-1.65 -0.2 0.003552 
-1.65 -0.15 0.005233 
-1.65 -0.1 0.007228 
-1.65 -0.05 0.009407 
-1.65 0 0.012497 
-1.65 0.05 0.015535 
-1.65 0.1 0.018572 
-1.65 0.15 0.022190 
-1.65 0.2 0.026369 
-1.65 0.25 0.031441 
-1.65 0.3 0.038189 
-1.65 0.35 0.045559 
-1.65 0.4 0.053847 
-1.65 0.45 0.062596 
-1.65 0.5 0.071384 
-1.65 0.55 0.078792 
-1.65 0.6 0.083362 
-1.65 0.65 0.082779 
-1.65 0.7 0.078226 
-1.65 0.75 0.096429 
-1.65 0.8 0.328322 
-1.6 -1 0.000001 
-1.6 -0.95 0.000002 
-1.6 -0.9 0.000003 
-1.6 -0.85 0.000008 
-1.6 -0.8 0.000012 
-1.6 -0.75 0.000035 
-1.6 -0.7 0.000074 
-1.6 -0.65 0.000123 
-1.6 -0.6 0.000173 
-1.6 -0.55 0.000267 
-1.6 -0.5 0.000398 
-1.6 -0.45 0.000605 
-1.6 -0.4 0.000945 
-1.6 -0.35 0.001474 
-1.6 -0.3 0.002418 
-1.6 -0.25 0.003614 
-1.6 -0.2 0.005173 
-1.6 -0.15 0.007626 
-1.6 -0.1 0.010575 
-1.6 -0.05 0.013838 
-1.6 0 0.018497 
-1.6 0.05 0.023118 
-1.6 0.1 0.027793 
-1.6 0.15 0.033389 
-1.6 0.2 0.039909 
-1.6 0.25 0.047892 
-1.6 0.3 0.058589 
-1.6 0.35 0.070515 
-1.6 0.4 0.084344 
-1.6 0.45 0.099377 
-1.6 0.5 0.115225 
-1.6 0.55 0.129800 
-1.6 0.6 0.140669 
-1.6 0.65 0.142958 
-1.6 0.7 0.132872 
-1.6 0.75 0.129553 
-1.55 -1 0.000001 
-1.55 -0.95 0.000003 
-1.55 -0.9 0.000005 
-1.55 -0.85 0.000012 
-1.55 -0.8 0.000017 
-1.55 -0.75 0.000052 
-1.55 -0.7 0.000112 
-1.55 -0.65 0.000187 
-1.55 -0.6 0.000260 
-1.55 -0.55 0.000394 
-1.55 -0.5 0.000579 
-1.55 -0.45 0.000876 
-1.55 -0.4 0.001380 
-1.55 -0.35 0.002174 
-1.55 -0.3 0.003584 
-1.55 -0.25 0.005353 
-1.55 -0.2 0.007646 
-1.55 -0.15 0.011278 
-1.55 -0.1 0.015690 
-1.55 -0.05 0.020629 
-1.55 0 0.027717 
-1.55 0.05 0.034799 
-1.55 0.1 0.042033 
-1.55 0.15 0.050729 
-1.55 0.2 0.060933 
-1.55 0.25 0.073512 
-1.55 0.3 0.090466 
-1.55 0.35 0.109678 
-1.55 0.4 0.132490 
-1.55 0.45 0.157850 
-1.55 0.5 0.185554 
-1.55 0.55 0.212635 
-1.55 0.6 0.235378 
-1.55 0.65 0.245070 
-1.55 0.7 0.230965 
-1.55 0.75 0.199072 
-1.5 -1 0.000002 
-1.5 -0.95 0.000005 
-1.5 -0.9 0.000007 
-1.5 -0.85 0.000018 
-1.5 -0.8 0.000026 
-1.5 -0.75 0.000079 
-1.5 -0.7 0.000171 
-1.5 -0.65 0.000286 
-1.5 -0.6 0.000395 
-1.5 -0.55 0.000591 
-1.5 -0.5 0.000857 
-1.5 -0.45 0.001290 
-1.5 -0.4 0.002044 
-1.5 -0.35 0.003247 
-1.5 -0.3 0.005377 
-1.5 -0.25 0.008027 
-1.5 -0.2 0.011446 
-1.5 -0.15 0.016887 
-1.5 -0.1 0.023559 
-1.5 -0.05 0.031094 
-1.5 0 0.041959 
-1.5 0.05 0.052879 
-1.5 0.1 0.064120 
-1.5 0.15 0.077680 
-1.5 0.2 0.093682 
-1.5 0.25 0.113520 
-1.5 0.3 0.140382 
-1.5 0.35 0.171207 
-1.5 0.4 0.208486 
-1.5 0.45 0.250643 
-1.5 0.5 0.297925 
-1.5 0.55 0.346191 
-1.5 0.6 0.389975 
-1.5 0.65 0.414658 
-1.5 0.7 0.399303 
-1.5 0.75 0.327069 
-1.45 -1 0.000003 
-1.45 -0.95 0.000007 
-1.45 -0.9 0.000011 
-1.45 -0.85 0.000027 
-1.45 -0.8 0.000039 
-1.45 -0.75 0.000121 
-1.45 -0.7 0.000263 
-1.45 -0.65 0.000440 
-1.45 -0.6 0.000605 
-1.45 -0.55 0.000894 
-1.45 -0.5 0.001284 
-1.45 -0.45 0.001924 
-1.45 -0.4 0.003066 
-1.45 -0.35 0.004905 
-1.45 -0.3 0.008152 
-1.45 -0.25 0.012163 
-1.45 -0.2 0.017316 
-1.45 -0.15 0.025552 
-1.45 -0.1 0.035726 
-1.45 -0.05 0.047300 
-1.45 0 0.064053 
-1.45 0.05 0.080971 
-1.45 0.1 0.098496 
-1.45 0.15 0.119695 
-1.45 0.2 0.144830 
-1.45 0.25 0.176126 
-1.45 0.3 0.218658 
-1.45 0.35 0.267947 
-1.45 0.4 0.328397 
-1.45 0.45 0.397654 
-1.45 0.5 0.476856 
-1.45 0.55 0.560246 
-1.45 0.6 0.639853 
-1.45 0.65 0.691725 
-1.45 0.7 0.679040 
-1.45 0.75 0.544938 
-1.4 -1 0.000004 
-1.4 -0.95 0.000011 
-1.4 -0.9 0.000017 
-1.4 -0.85 0.000042 
-1.4 -0.8 0.000059 
-1.4 -0.75 0.000187 
-1.4 -0.7 0.000408 
-1.4 -0.65 0.000682 
-1.4 -0.6 0.000933 
-1.4 -0.55 0.001366 
-1.4 -0.5 0.001944 
-1.4 -0.45 0.002901 
-1.4 -0.4 0.004645 
-1.4 -0.35 0.007476 
-1.4 -0.3 0.012463 
-1.4 -0.25 0.018586 
-1.4 -0.2 0.026425 
-1.4 -0.15 0.038996 
-1.4 -0.1 0.054619 
-1.4 -0.05 0.072495 
-1.4 0 0.098449 
-1.4 0.05 0.124756 
-1.4 0.1 0.152139 
-1.4 0.15 0.185345 
-1.4 0.2 0.224867 
-1.4 0.25 0.274239 
-1.4 0.3 0.341527 
-1.4 0.35 0.420094 
-1.4 0.4 0.517484 
-1.4 0.45 0.630165 
-1.4 0.5 0.760881 
-1.4 0.55 0.901552 
-1.4 0.6 1.040408 
-1.4 0.65 1.138293 
-1.4 0.7 1.131955 
-1.35 -1 0.000007 
-1.35 -0.95 0.000017 
-1.35 -0.9 0.000026 
-1.35 -0.85 0.000065 
-1.35 -0.8 0.000091 
-1.35 -0.75 0.000290 
-1.35 -0.7 0.000634 
-1.35 -0.65 0.001061 
-1.35 -0.6 0.001447 
-1.35 -0.55 0.002102 
-1.35 -0.5 0.002969 
-1.35 -0.45 0.004417 
-1.35 -0.4 0.007100 
-1.35 -0.35 0.011481 
-1.35 -0.3 0.019186 
-1.35 -0.25 0.028598 
-1.35 -0.2 0.040612 
-1.35 -0.15 0.059933 
-1.35 -0.1 0.084055 
-1.35 -0.05 0.111783 
-1.35 0 0.152137 
-1.35 0.05 0.193155 
-1.35 0.1 0.236017 
-1.35 0.15 0.288096 
-1.35 0.2 0.350273 
-1.35 0.25 0.428136 
-1.35 0.3 0.534483 
-1.35 0.35 0.659358 
-1.35 0.4 0.815387 
-1.35 0.45 0.997237 
-1.35 0.5 1.210362 
-1.35 0.55 1.443164 
-1.35 0.6 1.677728 
-1.35 0.65 1.849334 
-1.35 0.7 1.847835 
-1.3 -1 0.000011 
-1.3 -0.95 0.000027 
-1.3 -0.9 0.000041 
-1.3 -0.85 0.000100 
-1.3 -0.8 0.000141 
-1.3 -0.75 0.000451 
-1.3 -0.7 0.000990 
-1.3 -0.65 0.001657 
-1.3 -0.6 0.002254 
-1.3 -0.55 0.003253 
-1.3 -0.5 0.004567 
-1.3 -0.45 0.006777 
-1.3 -0.4 0.010926 
-1.3 -0.35 0.017739 
-1.3 -0.3 0.029700 
-1.3 -0.25 0.044251 
-1.3 -0.2 0.062776 
-1.3 -0.15 0.092632 
-1.3 -0.1 0.130042 
-1.3 -0.05 0.173190 
-1.3 0 0.236105 
-1.3 0.05 0.300184 
-1.3 0.1 0.367340 
-1.3 0.15 0.449078 
-1.3 0.2 0.546905 
-1.3 0.25 0.669627 
-1.3 0.3 0.837500 
-1.3 0.35 1.035432 
-1.3 0.4 1.284157 
-1.3 0.45 1.575564 
-1.3 0.5 1.919463 
-1.3 0.55 2.298629 
-1.3 0.6 2.684471 
-1.3 0.65 2.967879 
-1.3 0.7 2.950776 
-1.25 -1 0.000017 
-1.25 -0.95 0.000042 
-1.25 -0.9 0.000065 
-1.25 -0.85 0.000157 
-1.25 -0.8 0.000220 
-1.25 -0.75 0.000705 
-1.25 -0.7 0.001550 
-1.25 -0.65 0.002596 
-1.25 -0.6 0.003523 
-1.25 -0.55 0.005059 
-1.25 -0.5 0.007066 
-1.25 -0.45 0.010463 
-1.25 -0.4 0.016912 
-1.25 -0.35 0.027542 
-1.25 -0.3 0.046184 
-1.25 -0.25 0.068782 
-1.25 -0.2 0.097482 
-1.25 -0.15 0.143818 
-1.25 -0.1 0.202028 
-1.25 -0.05 0.269329 
-1.25 0 0.367604 
-1.25 0.05 0.467827 
-1.25 0.1 0.573093 
-1.25 0.15 0.701404 
-1.25 0.2 0.855278 
-1.25 0.25 1.048519 
-1.25 0.3 1.313121 
-1.25 0.35 1.625978 
-1.25 0.4 2.020607 
-1.25 0.45 2.484569 
-1.25 0.5 3.034357 
-1.25 0.55 3.643190 
-1.25 0.6 4.262784 
-1.25 0.65 4.704337 
-1.2 -1 0.000027 
-1.2 -0.95 0.000067 
-1.2 -0.9 0.000103 
-1.2 -0.85 0.000245 
-1.2 -0.8 0.000344 
-1.2 -0.75 0.001104 
-1.2 -0.7 0.002433 
-1.2 -0.65 0.004076 
-1.2 -0.6 0.005523 
-1.2 -0.55 0.007897 
-1.2 -0.5 0.010986 
-1.2 -0.45 0.016237 
-1.2 -0.4 0.026297 
-1.2 -0.35 0.042932 
-1.2 -0.3 0.072074 
-1.2 -0.25 0.107293 
-1.2 -0.2 0.151925 
-1.2 -0.15 0.224071 
-1.2 -0.1 0.314869 
-1.2 -0.05 0.420008 
-1.2 0 0.573694 
-1.2 0.05 0.730525 
-1.2 0.1 0.895500 
-1.2 0.15 1.096850 
-1.2 0.2 1.338712 
-1.2 0.25 1.642593 
-1.2 0.3 2.058907 
-1.2 0.35 2.551949 
-1.2 0.4 3.175156 
-1.2 0.45 3.909265 
-1.2 0.5 4.780483 
-1.2 0.55 5.744913 
-1.2 0.6 6.716112 
-1.2 0.65 7.357344 
-1.15 -1 0.000043 
-1.15 -0.95 0.000105 
-1.15 -0.9 0.000162 
-1.15 -0.85 0.000384 
-1.15 -0.8 0.000538 
-1.15 -0.75 0.001733 
-1.15 -0.7 0.003826 
-1.15 -0.65 0.006414 
-1.15 -0.6 0.008679 
-1.15 -0.55 0.012368 
-1.15 -0.5 0.017147 
-1.15 -0.45 0.025303 
-1.15 -0.4 0.041042 
-1.15 -0.35 0.067132 
-1.15 -0.3 0.112796 
-1.15 -0.25 0.167835 
-1.15 -0.2 0.237438 
-1.15 -0.15 0.350045 
-1.15 -0.1 0.491906 
-1.15 -0.05 0.656286 
-1.15 0 0.896740 
-1.15 0.05 1.142107 
-1.15 0.1 1.400462 
-1.15 0.15 1.716152 
-1.15 0.2 2.095869 
-1.15 0.25 2.572897 
-1.15 0.3 3.226449 
-1.15 0.35 4.000879 
-1.15 0.4 4.980252 
-1.15 0.45 6.134424 
-1.15 0.5 7.502662 
-1.15 0.55 9.009043 
-1.15 0.6 10.490364 
-1.1 -1 0.000069 
-1.1 -0.95 0.000166 
-1.1 -0.9 0.000255 
-1.1 -0.85 0.000603 
-1.1 -0.8 0.000845 
-1.1 -0.75 0.002727 
-1.1 -0.7 0.006028 
-1.1 -0.65 0.010108 
-1.1 -0.6 0.013662 
-1.1 -0.55 0.019418 
-1.1 -0.5 0.026846 
-1.1 -0.45 0.039562 
-1.1 -0.4 0.064243 
-1.1 -0.35 0.105232 
-1.1 -0.3 0.176914 
-1.1 -0.25 0.263102 
-1.1 -0.2 0.371862 
-1.1 -0.15 0.547910 
-1.1 -0.1 0.769753 
-1.1 -0.05 1.026777 
-1.1 0 1.402901 
-1.1 0.05 1.786451 
-1.1 0.1 2.190468 
-1.1 0.15 2.684711 
-1.1 0.2 3.279854 
-1.1 0.25 4.026959 
-1.1 0.3 5.050085 
-1.1 0.35 6.261826 
-1.1 0.4 7.792608 
-1.1 0.45 9.594699 
-1.1 0.5 11.722655 
-1.1 0.55 14.038507 
-1.1 0.6 16.220465 
-1.05 -1 0.000109 
-1.05 -0.95 0.000262 
-1.05 -0.9 0.000402 
-1.05 -0.85 0.000950 
-1.05 -0.8 0.001329 
-1.05 -0.75 0.004296 
-1.05 -0.7 0.009507 
-1.05 -0.65 0.015948 
-1.05 -0.6 0.021539 
-1.05 -0.55 0.030550 
-1.05 -0.5 0.042139 
-1.05 -0.45 0.062022 
-1.05 -0.4 0.100794 
-1.05 -0.35 0.165268 
-1.05 -0.3 0.277940 
-1.05 -0.25 0.413094 
-1.05 -0.2 0.583258 
-1.05 -0.15 0.858746 
-1.05 -0.1 1.205732 
-1.05 -0.05 1.607360 
-1.05 0 2.195161 
-1.05 0.05 2.793738 
-1.05 0.1 3.424192 
-1.05 0.15 4.196338 
-1.05 0.2 5.126985 
-1.05 0.25 6.293592 
-1.05 0.3 7.889683 
-1.05 0.35 9.776964 
-1.05 0.4 12.154715 
-1.05 0.45 14.946294 
-1.05 0.5 18.218682 
-1.05 0.55 21.710697 
-1 -1 0.000172 
-1 -0.95 0.000413 
-1 -0.9 0.000636 
-1 -0.85 0.001498 
-1 -0.8 0.002093 
-1 -0.75 0.006776 
-1 -0.7 0.015011 
-1 -0.65 0.025190 
-1 -0.6 0.034000 
-1 -0.55 0.048144 
-1 -0.5 0.066277 
-1 -0.45 0.097440 
-1 -0.4 0.158429 
-1 -0.35 0.259928 
-1 -0.3 0.437185 
-1 -0.25 0.649302 
-1 -0.2 0.915696 
-1 -0.15 1.346905 
-1 -0.1 1.889346 
-1 -0.05 2.516044 
-1 0 3.433093 
-1 0.05 4.364944 
-1 0.1 5.345814 
-1 0.15 6.548635 
-1 0.2 7.999502 
-1 0.25 9.814182 
-1 0.3 12.293140 
-1 0.35 15.216035 
-1 0.4 18.881946 
-1 0.45 23.165806 
-1 0.5 28.129441 
-1 0.55 33.262596 
-0.95 -1 0.000273 
-0.95 -0.95 0.000654 
-0.95 -0.9 0.001005 
-0.95 -0.85 0.002364 
-0.95 -0.8 0.003301 
-0.95 -0.75 0.010697 
-0.95 -0.7 0.023719 
-0.95 -0.65 0.039820 
-0.95 -0.6 0.053724 
-0.95 -0.55 0.075976 
-0.95 -0.5 0.104416 
-0.95 -0.45 0.153341 
-0.95 -0.4 0.249367 
-0.95 -0.35 0.409230 
-0.95 -0.3 0.688225 
-0.95 -0.25 1.021237 
-0.95 -0.2 1.438252 
-0.95 -0.15 2.112923 
-0.95 -0.1 2.959831 
-0.95 -0.05 3.935495 
-0.95 0 5.362538 
-0.95 0.05 6.808211 
-0.95 0.1 8.328179 
-0.95 0.15 10.194728 
-0.95 0.2 12.447698 
-0.95 0.25 15.256633 
-0.95 0.3 19.085309 
-0.95 0.35 23.580477 
-0.95 0.4 29.181189 
-0.95 0.45 35.679459 
-0.95 0.5 43.077956 
-0.9 -1 0.000433 
-0.9 -0.95 0.001034 
-0.9 -0.9 0.001589 
-0.9 -0.85 0.003735 
-0.9 -0.8 0.005212 
-0.9 -0.75 0.016898 
-0.9 -0.7 0.037503 
-0.9 -0.65 0.062991 
-0.9 -0.6 0.084962 
-0.9 -0.55 0.120038 
-0.9 -0.5 0.164720 
-0.9 -0.45 0.241632 
-0.9 -0.4 0.392907 
-0.9 -0.35 0.644730 
-0.9 -0.3 1.083901 
-0.9 -0.25 1.606606 
-0.9 -0.2 2.258910 
-0.9 -0.15 3.313293 
-0.9 -0.1 4.632751 
-0.9 -0.05 6.146674 
-0.9 0 8.359335 
-0.9 0.05 10.591774 
-0.9 0.1 12.934861 
-0.9 0.15 15.817057 
-0.9 0.2 19.297865 
-0.9 0.25 23.618577 
-0.9 0.3 29.490019 
-0.9 0.35 36.342668 
-0.9 0.4 44.803279 
-0.9 0.45 54.518474 
-0.85 -1 0.000687 
-0.85 -0.95 0.001636 
-0.85 -0.9 0.002513 
-0.85 -0.85 0.005905 
-0.85 -0.8 0.008234 
-0.85 -0.75 0.026709 
-0.85 -0.7 0.059327 
-0.85 -0.65 0.099707 
-0.85 -0.6 0.134466 
-0.85 -0.55 0.189842 
-0.85 -0.5 0.260139 
-0.85 -0.45 0.381147 
-0.85 -0.4 0.619517 
-0.85 -0.35 1.016115 
-0.85 -0.3 1.707229 
-0.85 -0.25 2.527059 
-0.85 -0.2 3.545873 
-0.85 -0.15 5.190453 
-0.85 -0.1 7.239716 
-0.85 -0.05 9.578186 
-0.85 0 12.992340 
-0.85 0.05 16.418819 
-0.85 0.1 20.006591 
-0.85 0.15 24.428967 
-0.85 0.2 29.772154 
-0.85 0.25 36.365247 
-0.85 0.3 45.288642 
-0.85 0.35 55.620125 
-0.85 0.4 68.221943 
-0.8 -1 0.001089 
-0.8 -0.95 0.002589 
-0.8 -0.9 0.003974 
-0.8 -0.85 0.009341 
-0.8 -0.8 0.013017 
-0.8 -0.75 0.042229 
-0.8 -0.7 0.093891 
-0.8 -0.65 0.157906 
-0.8 -0.6 0.212956 
-0.8 -0.55 0.300505 
-0.8 -0.5 0.411203 
-0.8 -0.45 0.601674 
-0.8 -0.4 0.977251 
-0.8 -0.35 1.601503 
-0.8 -0.3 2.688333 
-0.8 -0.25 3.972437 
-0.8 -0.2 5.559914 
-0.8 -0.15 8.117590 
-0.8 -0.1 11.286560 
-0.8 -0.05 14.876758 
-0.8 0 20.111257 
-0.8 0.05 25.329387 
-0.8 0.1 30.776325 
-0.8 0.15 37.507889 
-0.8 0.2 45.643150 
-0.8 0.25 55.601864 
-0.8 0.3 69.010182 
-0.8 0.35 84.371157 
-0.8 0.4 102.812749 
-0.75 -1 0.001728 
-0.75 -0.95 0.004100 
-0.75 -0.9 0.006284 
-0.75 -0.85 0.014783 
-0.75 -0.8 0.020587 
-0.75 -0.75 0.066785 
-0.75 -0.7 0.148642 
-0.75 -0.65 0.250201 
-0.75 -0.6 0.337471 
-0.75 -0.55 0.476064 
-0.75 -0.5 0.650485 
-0.75 -0.45 0.950312 
-0.75 -0.4 1.541823 
-0.75 -0.35 2.523440 
-0.75 -0.3 4.230564 
-0.75 -0.25 6.237670 
-0.75 -0.2 8.702769 
-0.75 -0.15 12.664286 
-0.75 -0.1 17.536292 
-0.75 -0.05 23.004305 
-0.75 0 30.963463 
-0.75 0.05 38.831317 
-0.75 0.1 47.012572 
-0.75 0.15 57.157298 
-0.75 0.2 69.417302 
-0.75 0.25 84.267419 
-0.75 0.3 104.129435 
-0.75 0.35 126.574097 
-0.7 -1 0.002742 
-0.7 -0.95 0.006493 
-0.7 -0.9 0.009936 
-0.7 -0.85 0.023406 
-0.7 -0.8 0.032569 
-0.7 -0.75 0.105628 
-0.7 -0.7 0.235385 
-0.7 -0.65 0.396630 
-0.7 -0.6 0.535122 
-0.7 -0.55 0.754782 
-0.7 -0.5 1.029670 
-0.7 -0.45 1.501487 
-0.7 -0.4 2.432329 
-0.7 -0.35 3.973611 
-0.7 -0.3 6.650390 
-0.7 -0.25 9.778298 
-0.7 -0.2 13.588152 
-0.7 -0.15 19.690040 
-0.7 -0.1 27.122730 
-0.7 -0.05 35.364326 
-0.7 0 47.338514 
-0.7 0.05 59.054332 
-0.7 0.1 71.180082 
-0.7 0.15 86.281856 
-0.7 0.2 104.523805 
-0.7 0.25 126.313812 
-0.7 0.3 155.220195 
-0.65 -1 0.004353 
-0.65 -0.95 0.010284 
-0.65 -0.9 0.015706 
-0.65 -0.85 0.037074 
-0.65 -0.8 0.051537 
-0.65 -0.75 0.167060 
-0.65 -0.7 0.372838 
-0.65 -0.65 0.629057 
-0.65 -0.6 0.849072 
-0.65 -0.55 1.197634 
-0.65 -0.5 1.630797 
-0.65 -0.45 2.372716 
-0.65 -0.4 3.835705 
-0.65 -0.35 6.250691 
-0.65 -0.3 10.437605 
-0.65 -0.25 15.292366 
-0.65 -0.2 21.142996 
-0.65 -0.15 30.471992 
-0.65 -0.1 41.697147 
-0.65 -0.05 53.952807 
-0.65 0 71.726778 
-0.65 0.05 88.906178 
-0.65 0.1 106.588779 
-0.65 0.15 128.737574 
-0.65 0.2 155.458101 
-0.65 0.25 186.800129 
-0.6 -1 0.006912 
-0.6 -0.95 0.016293 
-0.6 -0.9 0.024816 
-0.6 -0.85 0.058745 
-0.6 -0.8 0.081559 
-0.6 -0.75 0.264173 
-0.6 -0.7 0.590673 
-0.6 -0.65 0.998191 
-0.6 -0.6 1.348143 
-0.6 -0.55 1.901917 
-0.6 -0.5 2.584110 
-0.6 -0.45 3.749347 
-0.6 -0.4 6.044477 
-0.6 -0.35 9.817585 
-0.6 -0.3 16.344519 
-0.6 -0.25 23.838050 
-0.6 -0.2 32.745835 
-0.6 -0.15 46.868475 
-0.6 -0.1 63.599694 
-0.6 -0.05 81.512228 
-0.6 0 107.456623 
-0.6 0.05 132.185979 
-0.6 0.1 157.476532 
-0.6 0.15 189.391684 
-0.6 0.2 227.795356 
-0.55 -1 0.010980 
-0.55 -0.95 0.025819 
-0.55 -0.9 0.039186 
-0.55 -0.85 0.093124 
-0.55 -0.8 0.129067 
-0.55 -0.75 0.417600 
-0.55 -0.7 0.935936 
-0.55 -0.65 1.584801 
-0.55 -0.6 2.142201 
-0.55 -0.55 3.023135 
-0.55 -0.5 4.096404 
-0.55 -0.45 5.923262 
-0.55 -0.4 9.514509 
-0.55 -0.35 15.386576 
-0.55 -0.3 25.514664 
-0.55 -0.25 36.995914 
-0.55 -0.2 50.403715 
-0.55 -0.15 71.506243 
-0.55 -0.1 96.025090 
-0.55 -0.05 121.639250 
-0.55 0 158.743623 
-0.55 0.05 193.585456 
-0.55 0.1 228.949030 
-0.55 0.15 274.005882 
-0.5 -1 0.017453 
-0.5 -0.95 0.040929 
-0.5 -0.9 0.061827 
-0.5 -0.85 0.147699 
-0.5 -0.8 0.204212 
-0.5 -0.75 0.659786 
-0.5 -0.7 1.483199 
-0.5 -0.65 2.517675 
-0.5 -0.6 3.406969 
-0.5 -0.55 4.810266 
-0.5 -0.5 6.495966 
-0.5 -0.45 9.353151 
-0.5 -0.4 14.952004 
-0.5 -0.35 24.042851 
-0.5 -0.3 39.661199 
-0.5 -0.25 57.078768 
-0.5 -0.2 76.953514 
-0.5 -0.15 107.951298 
-0.5 -0.1 143.114875 
-0.5 -0.05 178.762025 
-0.5 0 230.560364 
-0.5 0.05 278.501522 
-0.5 0.1 326.701100 
-0.45 -1 0.027761 
-0.45 -0.95 0.064919 
-0.45 -0.9 0.097453 
-0.45 -0.85 0.234418 
-0.45 -0.8 0.322976 
-0.45 -0.75 1.041623 
-0.45 -0.7 2.350613 
-0.45 -0.65 4.002374 
-0.45 -0.6 5.424043 
-0.45 -0.55 7.662673 
-0.45 -0.5 10.303705 
-0.45 -0.45 14.757862 
-0.45 -0.4 23.441798 
-0.45 -0.35 37.417151 
-0.45 -0.3 61.298739 
-0.45 -0.25 87.374476 
-0.45 -0.2 116.240518 
-0.45 -0.15 160.774831 
-0.45 -0.1 209.860284 
-0.45 -0.05 257.880635 
-0.45 0 328.246740 
-0.45 0.05 392.625305 
-0.4 -1 0.044193 
-0.4 -0.95 0.103068 
-0.4 -0.9 0.153410 
-0.4 -0.85 0.372404 
-0.4 -0.8 0.510445 
-0.4 -0.75 1.642691 
-0.4 -0.7 3.725162 
-0.4 -0.65 6.367315 
-0.4 -0.6 8.645764 
-0.4 -0.55 12.222155 
-0.4 -0.5 16.345431 
-0.4 -0.45 23.259783 
-0.4 -0.4 36.629911 
-0.4 -0.35 57.913903 
-0.4 -0.3 94.012283 
-0.4 -0.25 132.367508 
-0.4 -0.2 173.170060 
-0.4 -0.15 235.369068 
-0.4 -0.1 301.672962 
-0.4 -0.05 364.009377 
-0.4 0 456.879619 
-0.4 0.05 541.385090 
-0.35 -1 0.070416 
-0.35 -0.95 0.163871 
-0.35 -0.9 0.241114 
-0.35 -0.85 0.592393 
-0.35 -0.8 0.805795 
-0.35 -0.75 2.587046 
-0.35 -0.7 5.902226 
-0.35 -0.65 10.137425 
-0.35 -0.6 13.800625 
-0.35 -0.55 19.521549 
-0.35 -0.5 25.928433 
-0.35 -0.45 36.602160 
-0.35 -0.4 56.968504 
-0.35 -0.35 88.984431 
-0.35 -0.3 142.702847 
-0.35 -0.25 197.814839 
-0.35 -0.2 253.456865 
-0.35 -0.15 337.347825 
-0.35 -0.1 423.543465 
-0.35 -0.05 501.425145 
-0.35 0 620.631057 
-0.3 -1 0.112309 
-0.3 -0.95 0.261050 
-0.3 -0.9 0.378228 
-0.3 -0.85 0.943989 
-0.3 -0.8 1.269887 
-0.3 -0.75 4.067708 
-0.3 -0.7 9.347295 
-0.3 -0.65 16.151302 
-0.3 -0.6 22.064558 
-0.3 -0.55 31.223764 
-0.3 -0.5 41.117645 
-0.3 -0.45 57.467960 
-0.3 -0.4 88.011837 
-0.3 -0.35 135.395291 
-0.3 -0.3 213.672391 
-0.3 -0.25 290.455568 
-0.3 -0.2 362.871450 
-0.3 -0.15 471.482493 
-0.3 -0.1 578.971015 
-0.3 -0.05 673.146834 
-0.25 -1 0.179277 
-0.25 -0.95 0.416654 
-0.25 -0.9 0.591945 
-0.25 -0.85 1.507333 
-0.25 -0.8 1.996771 
-0.25 -0.75 6.385602 
-0.25 -0.7 14.792754 
-0.25 -0.65 25.746273 
-0.25 -0.6 35.336782 
-0.25 -0.55 50.002680 
-0.25 -0.5 65.162667 
-0.25 -0.45 89.912028 
-0.25 -0.4 134.708219 
-0.25 -0.35 203.357400 
-0.25 -0.3 314.317984 
-0.25 -0.25 417.084842 
-0.25 -0.2 505.970823 
-0.25 -0.15 640.494748 
-0.25 -0.1 769.407869 
-0.2 -1 0.286311 
-0.2 -0.95 0.665362 
-0.2 -0.9 0.924091 
-0.2 -0.85 2.410820 
-0.2 -0.8 3.131016 
-0.2 -0.75 10.013804 
-0.2 -0.7 23.392453 
-0.2 -0.65 41.049274 
-0.2 -0.6 56.666329 
-0.2 -0.55 80.136596 
-0.2 -0.5 103.132990 
-0.2 -0.45 139.849585 
-0.2 -0.4 203.588094 
-0.2 -0.35 300.258876 
-0.2 -0.3 452.126429 
-0.2 -0.25 582.948017 
-0.2 -0.2 684.945572 
-0.2 -0.15 844.699478 
-0.15 -1 0.457243 
-0.15 -0.95 1.059580 
-0.15 -0.9 1.440166 
-0.15 -0.85 3.855630 
-0.15 -0.8 4.892161 
-0.15 -0.75 15.707524 
-0.15 -0.7 36.968688 
-0.15 -0.65 65.431800 
-0.15 -0.6 90.843511 
-0.15 -0.55 128.376936 
-0.15 -0.5 162.759697 
-0.15 -0.45 215.492470 
-0.15 -0.4 302.824493 
-0.15 -0.35 433.804195 
-0.15 -0.3 632.595628 
-0.15 -0.25 790.280601 
-0.15 -0.2 900.188787 
-0.1 -1 0.730145 
-0.1 -0.95 1.676912 
-0.1 -0.9 2.248861 
-0.1 -0.85 6.150720 
-0.1 -0.8 7.611140 
-0.1 -0.75 24.688009 
-0.1 -0.7 58.354171 
-0.1 -0.65 104.197210 
-0.1 -0.6 145.115165 
-0.1 -0.55 205.117132 
-0.1 -0.5 255.250571 
-0.1 -0.45 327.774116 
-0.1 -0.4 442.371710 
-0.1 -0.35 611.163504 
-0.1 -0.3 856.385280 
-0.1 -0.25 1039.204593 
-0.05 -1 1.164198 
-0.05 -0.95 2.641674 
-0.05 -0.9 3.542682 
-0.05 -0.85 9.764726 
-0.05 -0.8 11.807352 
-0.05 -0.75 38.755771 
-0.05 -0.7 91.678157 
-0.05 -0.65 165.618872 
-0.05 -0.6 230.600357 
-0.05 -0.55 326.397914 
-0.05 -0.5 395.735607 
-0.05 -0.45 490.389198 
-0.05 -0.4 632.384224 
-0.05 -0.35 839.814934 
-0.05 -0.3 1122.486145 
0 -1 1.852017 
0 -0.95 4.164586 
0 -0.9 5.689743 
0 -0.85 15.285651 
0 -0.8 18.296338 
0 -0.75 59.835880 
0 -0.7 142.837078 
0 -0.65 262.478639 
0 -0.6 365.583683 
0 -0.55 517.389378 
0 -0.5 604.904613 
0 -0.45 719.651038 
0 -0.4 874.674880 
0 -0.35 1131.484593 
0.05 -1 2.981682 
0.05 -0.95 6.515612 
0.05 -0.9 9.404407 
0.05 -0.85 23.630398 
0.05 -0.8 28.340081 
0.05 -0.75 91.876129 
0.05 -0.7 220.998200 
0.05 -0.65 411.778749 
0.05 -0.6 575.722939 
0.05 -0.55 807.531587 
0.05 -0.5 905.152168 
0.05 -0.45 1030.107412 
0.05 -0.4 1192.864895 
0.1 -1 4.719295 
0.1 -0.95 10.094741 
0.1 -0.9 15.728099 
0.1 -0.85 37.344523 
0.1 -0.8 44.529028 
0.1 -0.75 139.129995 
0.1 -0.7 337.249828 
0.1 -0.65 634.908427 
0.1 -0.6 893.948986 
0.1 -0.55 1230.962784 
0.1 -0.5 1314.408142 
0.1 -0.45 1426.664199 
0.15 -1 6.941224 
0.15 -0.95 15.831039 
0.15 -0.9 25.463296 
0.15 -0.85 57.281524 
0.15 -0.8 69.618519 
0.15 -0.75 206.880346 
0.15 -0.7 498.350876 
0.15 -0.65 954.907718 
0.15 -0.6 1354.927053 
0.15 -0.55 1773.933929 
0.15 -0.5 1850.197966 
0.2 -1 9.900437 
0.2 -0.95 25.461132 
0.2 -0.9 38.825187 
0.2 -0.85 89.809506 
0.2 -0.8 107.661692 
0.2 -0.75 306.331961 
0.2 -0.7 716.424778 
0.2 -0.65 1376.259237 
0.2 -0.6 1949.009398 
0.2 -0.55 2430.366482 
0.25 -1 16.675148 
0.25 -0.95 40.538353 
0.25 -0.9 61.136984 
0.25 -0.85 138.393104 
0.25 -0.8 165.909973 
0.25 -0.75 435.580327 
0.25 -0.7 1005.505781 
0.25 -0.65 1910.420999 
0.25 -0.6 2615.319260 
0.3 -1 30.097506 
0.3 -0.95 64.272706 
0.3 -0.9 80.955545 
0.3 -0.85 212.408118 
0.3 -0.8 244.595486 
0.3 -0.75 603.040748 
0.3 -0.7 1371.377173 
0.3 -0.65 2490.621211 
0.35 -1 50.735980 
0.35 -0.95 99.199207 
0.35 -0.9 124.276757 
0.35 -0.85 309.896097 
0.35 -0.8 365.763084 
0.35 -0.75 725.329590 
0.35 -0.7 1676.265708 
0.4 -1 64.585869 
0.4 -0.95 154.182198 
0.4 -0.9 222.065286 
0.4 -0.85 467.573890 
0.4 -0.8 564.651167 
0.4 -0.75 925.760038 
0.45 -1 102.984483 
0.45 -0.95 209.065220 
0.45 -0.9 358.535885 
0.45 -0.85 748.163716 
0.45 -0.8 835.248886 
0.5 -1 166.682760 
0.5 -0.95 319.228714 
0.5 -0.9 608.127464 
0.5 -0.85 892.465026 
0.55 -1 242.480987 
0.55 -0.95 458.381607 
0.55 -0.9 890.838099 
0.6 -1 408.640649 
0.6 -0.95 712.387104 
0.65 -1 627.841997 
