-3 -2 0.000000 
-3 -1.9 0.000000 
-3 -1.8 0.000000 
-3 -1.7 0.000000 
-3 -1.6 0.000000 
-3 -1.5 0.000000 
-3 -1.4 0.000000 
-3 -1.3 0.000000 
-3 -1.2 0.000000 
-3 -1.1 0.000000 
-3 -1 0.000000 
-3 -0.9 0.000000 
-3 -0.8 0.000000 
-3 -0.7 0.000001 
-3 -0.6 0.000003 
-3 -0.5 0.000014 
-3 -0.4 0.000031 
-3 -0.3 0.000055 
-3 -0.2 0.000120 
-3 -0.1 0.000204 
-3 0 0.000252 
-3 0.1 0.000270 
-3 0.2 0.000293 
-3 0.3 0.000409 
-3 0.4 0.001001 
-3 0.5 0.003773 
-3 0.6 0.016011 
-3 0.7 0.073538 
-3 0.8 0.415962 
-3 0.9 4.636439 
-3 1 239.209402 
-2.9 -2 0.000000 
-2.9 -1.9 0.000000 
-2.9 -1.8 0.000000 
-2.9 -1.7 0.000000 
-2.9 -1.6 0.000000 
-2.9 -1.5 0.000000 
-2.9 -1.4 0.000000 
-2.9 -1.3 0.000000 
-2.9 -1.2 0.000000 
-2.9 -1.1 0.000000 
-2.9 -1 0.000000 
-2.9 -0.9 0.000000 
-2.9 -0.8 0.000000 
-2.9 -0.7 0.000001 
-2.9 -0.6 0.000003 
-2.9 -0.5 0.000014 
-2.9 -0.4 0.000030 
-2.9 -0.3 0.000055 
-2.9 -0.2 0.000121 
-2.9 -0.1 0.000206 
-2.9 0 0.000256 
-2.9 0.1 0.000272 
-2.9 0.2 0.000298 
-2.9 0.3 0.000412 
-2.9 0.4 0.000992 
-2.9 0.5 0.003742 
-2.9 0.6 0.015950 
-2.9 0.7 0.073393 
-2.9 0.8 0.415649 
-2.9 0.9 4.640297 
-2.9 1 239.425184 
-2.8 -2 0.000000 
-2.8 -1.9 0.000000 
-2.8 -1.8 0.000000 
-2.8 -1.7 0.000000 
-2.8 -1.6 0.000000 
-2.8 -1.5 0.000000 
-2.8 -1.4 0.000000 
-2.8 -1.3 0.000000 
-2.8 -1.2 0.000000 
-2.8 -1.1 0.000000 
-2.8 -1 0.000000 
-2.8 -0.9 0.000000 
-2.8 -0.8 0.000000 
-2.8 -0.7 0.000001 
-2.8 -0.6 0.000003 
-2.8 -0.5 0.000014 
-2.8 -0.4 0.000031 
-2.8 -0.3 0.000056 
-2.8 -0.2 0.000121 
-2.8 -0.1 0.000210 
-2.8 0 0.000259 
-2.8 0.1 0.000280 
-2.8 0.2 0.000303 
-2.8 0.3 0.000415 
-2.8 0.4 0.000990 
-2.8 0.5 0.003701 
-2.8 0.6 0.015804 
-2.8 0.7 0.073013 
-2.8 0.8 0.414765 
-2.8 0.9 4.646766 
-2.8 1 239.766551 
-2.7 -2 0.000000 
-2.7 -1.9 0.000000 
-2.7 -1.8 0.000000 
-2.7 -1.7 0.000000 
-2.7 -1.6 0.000000 
-2.7 -1.5 0.000000 
-2.7 -1.4 0.000000 
-2.7 -1.3 0.000000 
-2.7 -1.2 0.000000 
-2.7 -1.1 0.000000 
-2.7 -1 0.000000 
-2.7 -0.9 0.000000 
-2.7 -0.8 0.000000 
-2.7 -0.7 0.000001 
-2.7 -0.6 0.000003 
-2.7 -0.5 0.000014 
-2.7 -0.4 0.000032 
-2.7 -0.3 0.000057 
-2.7 -0.2 0.000126 
-2.7 -0.1 0.000216 
-2.7 0 0.000270 
-2.7 0.1 0.000291 
-2.7 0.2 0.000314 
-2.7 0.3 0.000419 
-2.7 0.4 0.000979 
-2.7 0.5 0.003646 
-2.7 0.6 0.015634 
-2.7 0.7 0.072506 
-2.7 0.8 0.413746 
-2.7 0.9 4.657424 
-2.7 1 240.303498 
-2.6 -2 0.000000 
-2.6 -1.9 0.000000 
-2.6 -1.8 0.000000 
-2.6 -1.7 0.000000 
-2.6 -1.6 0.000000 
-2.6 -1.5 0.000000 
-2.6 -1.4 0.000000 
-2.6 -1.3 0.000000 
-2.6 -1.2 0.000000 
-2.6 -1.1 0.000000 
-2.6 -1 0.000000 
-2.6 -0.9 0.000000 
-2.6 -0.8 0.000000 
-2.6 -0.7 0.000001 
-2.6 -0.6 0.000003 
-2.6 -0.5 0.000015 
-2.6 -0.4 0.000033 
-2.6 -0.3 0.000059 
-2.6 -0.2 0.000130 
-2.6 -0.1 0.000224 
-2.6 0 0.000283 
-2.6 0.1 0.000309 
-2.6 0.2 0.000331 
-2.6 0.3 0.000437 
-2.6 0.4 0.000972 
-2.6 0.5 0.003556 
-2.6 0.6 0.015339 
-2.6 0.7 0.071704 
-2.6 0.8 0.412212 
-2.6 0.9 4.674939 
-2.6 1 241.144177 
-2.5 -2 0.000000 
-2.5 -1.9 0.000000 
-2.5 -1.8 0.000000 
-2.5 -1.7 0.000000 
-2.5 -1.6 0.000000 
-2.5 -1.5 0.000000 
-2.5 -1.4 0.000000 
-2.5 -1.3 0.000000 
-2.5 -1.2 0.000000 
-2.5 -1.1 0.000000 
-2.5 -1 0.000000 
-2.5 -0.9 0.000000 
-2.5 -0.8 0.000000 
-2.5 -0.7 0.000001 
-2.5 -0.6 0.000004 
-2.5 -0.5 0.000015 
-2.5 -0.4 0.000034 
-2.5 -0.3 0.000063 
-2.5 -0.2 0.000136 
-2.5 -0.1 0.000239 
-2.5 0 0.000306 
-2.5 0.1 0.000334 
-2.5 0.2 0.000363 
-2.5 0.3 0.000459 
-2.5 0.4 0.000960 
-2.5 0.5 0.003435 
-2.5 0.6 0.014908 
-2.5 0.7 0.070582 
-2.5 0.8 0.409537 
-2.5 0.9 4.702358 
-2.5 1 242.452358 
-2.4 -2 0.000000 
-2.4 -1.9 0.000000 
-2.4 -1.8 0.000000 
-2.4 -1.7 0.000000 
-2.4 -1.6 0.000000 
-2.4 -1.5 0.000000 
-2.4 -1.4 0.000000 
-2.4 -1.3 0.000000 
-2.4 -1.2 0.000000 
-2.4 -1.1 0.000000 
-2.4 -1 0.000000 
-2.4 -0.9 0.000000 
-2.4 -0.8 0.000000 
-2.4 -0.7 0.000001 
-2.4 -0.6 0.000004 
-2.4 -0.5 0.000017 
-2.4 -0.4 0.000037 
-2.4 -0.3 0.000069 
-2.4 -0.2 0.000150 
-2.4 -0.1 0.000264 
-2.4 0 0.000341 
-2.4 0.1 0.000383 
-2.4 0.2 0.000416 
-2.4 0.3 0.000512 
-2.4 0.4 0.000949 
-2.4 0.5 0.003260 
-2.4 0.6 0.014257 
-2.4 0.7 0.068727 
-2.4 0.8 0.405632 
-2.4 0.9 4.745527 
-2.4 1 244.465707 
-2.3 -2 0.000000 
-2.3 -1.9 0.000000 
-2.3 -1.8 0.000000 
-2.3 -1.7 0.000000 
-2.3 -1.6 0.000000 
-2.3 -1.5 0.000000 
-2.3 -1.4 0.000000 
-2.3 -1.3 0.000000 
-2.3 -1.2 0.000000 
-2.3 -1.1 0.000000 
-2.3 -1 0.000000 
-2.3 -0.9 0.000000 
-2.3 -0.8 0.000001 
-2.3 -0.7 0.000002 
-2.3 -0.6 0.000005 
-2.3 -0.5 0.000018 
-2.3 -0.4 0.000041 
-2.3 -0.3 0.000079 
-2.3 -0.2 0.000173 
-2.3 -0.1 0.000307 
-2.3 0 0.000408 
-2.3 0.1 0.000464 
-2.3 0.2 0.000509 
-2.3 0.3 0.000605 
-2.3 0.4 0.000974 
-2.3 0.5 0.003047 
-2.3 0.6 0.013330 
-2.3 0.7 0.065851 
-2.3 0.8 0.399691 
-2.3 0.9 4.816516 
-2.3 1 247.521082 
-2.2 -2 0.000000 
-2.2 -1.9 0.000000 
-2.2 -1.8 0.000000 
-2.2 -1.7 0.000000 
-2.2 -1.6 0.000000 
-2.2 -1.5 0.000000 
-2.2 -1.4 0.000000 
-2.2 -1.3 0.000000 
-2.2 -1.2 0.000000 
-2.2 -1.1 0.000000 
-2.2 -1 0.000000 
-2.2 -0.9 0.000000 
-2.2 -0.8 0.000001 
-2.2 -0.7 0.000002 
-2.2 -0.6 0.000006 
-2.2 -0.5 0.000021 
-2.2 -0.4 0.000049 
-2.2 -0.3 0.000096 
-2.2 -0.2 0.000208 
-2.2 -0.1 0.000379 
-2.2 0 0.000523 
-2.2 0.1 0.000617 
-2.2 0.2 0.000689 
-2.2 0.3 0.000794 
-2.2 0.4 0.001084 
-2.2 0.5 0.002783 
-2.2 0.6 0.011957 
-2.2 0.7 0.061497 
-2.2 0.8 0.389980 
-2.2 0.9 4.936728 
-2.2 1 252.065326 
-2.1 -2 0.000000 
-2.1 -1.9 0.000000 
-2.1 -1.8 0.000000 
-2.1 -1.7 0.000000 
-2.1 -1.6 0.000000 
-2.1 -1.5 0.000000 
-2.1 -1.4 0.000000 
-2.1 -1.3 0.000000 
-2.1 -1.2 0.000000 
-2.1 -1.1 0.000000 
-2.1 -1 0.000000 
-2.1 -0.9 0.000000 
-2.1 -0.8 0.000001 
-2.1 -0.7 0.000003 
-2.1 -0.6 0.000008 
-2.1 -0.5 0.000027 
-2.1 -0.4 0.000062 
-2.1 -0.3 0.000128 
-2.1 -0.2 0.000278 
-2.1 -0.1 0.000510 
-2.1 0 0.000739 
-2.1 0.1 0.000901 
-2.1 0.2 0.001049 
-2.1 0.3 0.001210 
-2.1 0.4 0.001416 
-2.1 0.5 0.002648 
-2.1 0.6 0.010252 
-2.1 0.7 0.055281 
-2.1 0.8 0.376336 
-2.1 0.9 5.133220 
-2.1 1 258.685990 
-2 -2 0.000000 
-2 -1.9 0.000000 
-2 -1.8 0.000000 
-2 -1.7 0.000000 
-2 -1.6 0.000000 
-2 -1.5 0.000000 
-2 -1.4 0.000000 
-2 -1.3 0.000000 
-2 -1.2 0.000000 
-2 -1.1 0.000000 
-2 -1 0.000000 
-2 -0.9 0.000000 
-2 -0.8 0.000001 
-2 -0.7 0.000005 
-2 -0.6 0.000012 
-2 -0.5 0.000038 
-2 -0.4 0.000086 
-2 -0.3 0.000189 
-2 -0.2 0.000406 
-2 -0.1 0.000766 
-2 0 0.001152 
-2 0.1 0.001480 
-2 0.2 0.001779 
-2 0.3 0.002157 
-2 0.4 0.002444 
-2 0.5 0.003185 
-2 0.6 0.008646 
-2 0.7 0.047028 
-2 0.8 0.355583 
-2 0.9 5.478529 
-2 1 267.482891 
-1.9 -2 0.000000 
-1.9 -1.9 0.000000 
-1.9 -1.8 0.000000 
-1.9 -1.7 0.000000 
-1.9 -1.6 0.000000 
-1.9 -1.5 0.000000 
-1.9 -1.4 0.000000 
-1.9 -1.3 0.000000 
-1.9 -1.2 0.000000 
-1.9 -1.1 0.000000 
-1.9 -1 0.000000 
-1.9 -0.9 0.000000 
-1.9 -0.8 0.000002 
-1.9 -0.7 0.000008 
-1.9 -0.6 0.000020 
-1.9 -0.5 0.000058 
-1.9 -0.4 0.000135 
-1.9 -0.3 0.000305 
-1.9 -0.2 0.000655 
-1.9 -0.1 0.001271 
-1.9 0 0.001997 
-1.9 0.1 0.002699 
-1.9 0.2 0.003475 
-1.9 0.3 0.004397 
-1.9 0.4 0.005184 
-1.9 0.5 0.005822 
-1.9 0.6 0.008820 
-1.9 0.7 0.037645 
-1.9 0.8 0.327213 
-1.9 0.9 6.113964 
-1.8 -2 0.000000 
-1.8 -1.9 0.000000 
-1.8 -1.8 0.000000 
-1.8 -1.7 0.000000 
-1.8 -1.6 0.000000 
-1.8 -1.5 0.000000 
-1.8 -1.4 0.000000 
-1.8 -1.3 0.000000 
-1.8 -1.2 0.000000 
-1.8 -1.1 0.000000 
-1.8 -1 0.000000 
-1.8 -0.9 0.000001 
-1.8 -0.8 0.000003 
-1.8 -0.7 0.000016 
-1.8 -0.6 0.000038 
-1.8 -0.5 0.000099 
-1.8 -0.4 0.000231 
-1.8 -0.3 0.000552 
-1.8 -0.2 0.001184 
-1.8 -0.1 0.002337 
-1.8 0 0.003846 
-1.8 0.1 0.005423 
-1.8 0.2 0.007238 
-1.8 0.3 0.009782 
-1.8 0.4 0.012432 
-1.8 0.5 0.014477 
-1.8 0.6 0.015809 
-1.8 0.7 0.032183 
-1.8 0.8 0.292544 
-1.8 0.9 7.382867 
-1.7 -2 0.000000 
-1.7 -1.9 0.000000 
-1.7 -1.8 0.000000 
-1.7 -1.7 0.000000 
-1.7 -1.6 0.000000 
-1.7 -1.5 0.000000 
-1.7 -1.4 0.000000 
-1.7 -1.3 0.000000 
-1.7 -1.2 0.000000 
-1.7 -1.1 0.000000 
-1.7 -1 0.000000 
-1.7 -0.9 0.000001 
-1.7 -0.8 0.000006 
-1.7 -0.7 0.000033 
-1.7 -0.6 0.000077 
-1.7 -0.5 0.000186 
-1.7 -0.4 0.000439 
-1.7 -0.3 0.001095 
-1.7 -0.2 0.002339 
-1.7 -0.1 0.004697 
-1.7 0 0.008001 
-1.7 0.1 0.011675 
-1.7 0.2 0.016212 
-1.7 0.3 0.022926 
-1.7 0.4 0.031133 
-1.7 0.5 0.039542 
-1.7 0.6 0.043900 
-1.7 0.7 0.046607 
-1.7 0.8 0.261214 
-1.7 0.9 10.260027 
-1.6 -2 0.000000 
-1.6 -1.9 0.000000 
-1.6 -1.8 0.000000 
-1.6 -1.7 0.000000 
-1.6 -1.6 0.000000 
-1.6 -1.5 0.000000 
-1.6 -1.4 0.000000 
-1.6 -1.3 0.000000 
-1.6 -1.2 0.000000 
-1.6 -1.1 0.000000 
-1.6 -1 0.000001 
-1.6 -0.9 0.000003 
-1.6 -0.8 0.000011 
-1.6 -0.7 0.000074 
-1.6 -0.6 0.000171 
-1.6 -0.5 0.000382 
-1.6 -0.4 0.000904 
-1.6 -0.3 0.002341 
-1.6 -0.2 0.004971 
-1.6 -0.1 0.010098 
-1.6 0 0.017660 
-1.6 0.1 0.026451 
-1.6 0.2 0.037808 
-1.6 0.3 0.055297 
-1.6 0.4 0.078943 
-1.6 0.5 0.107188 
-1.6 0.6 0.130729 
-1.6 0.7 0.126849 
-1.6 0.8 0.267044 
-1.6 0.9 18.169009 
-1.5 -2 0.000000 
-1.5 -1.9 0.000000 
-1.5 -1.8 0.000000 
-1.5 -1.7 0.000000 
-1.5 -1.6 0.000000 
-1.5 -1.5 0.000000 
-1.5 -1.4 0.000000 
-1.5 -1.3 0.000000 
-1.5 -1.2 0.000000 
-1.5 -1.1 0.000001 
-1.5 -1 0.000002 
-1.5 -0.9 0.000007 
-1.5 -0.8 0.000026 
-1.5 -0.7 0.000171 
-1.5 -0.6 0.000391 
-1.5 -0.5 0.000833 
-1.5 -0.4 0.001986 
-1.5 -0.3 0.005258 
-1.5 -0.2 0.011133 
-1.5 -0.1 0.022844 
-1.5 0 0.040696 
-1.5 0.1 0.062113 
-1.5 0.2 0.090480 
-1.5 0.3 0.135019 
-1.5 0.4 0.199708 
-1.5 0.5 0.284644 
-1.5 0.6 0.372346 
-1.5 0.7 0.390524 
-1.5 0.8 0.390656 
-1.5 0.9 45.802369 
-1.4 -2 0.000000 
-1.4 -1.9 0.000000 
-1.4 -1.8 0.000000 
-1.4 -1.7 0.000000 
-1.4 -1.6 0.000000 
-1.4 -1.5 0.000000 
-1.4 -1.4 0.000000 
-1.4 -1.3 0.000000 
-1.4 -1.2 0.000001 
-1.4 -1.1 0.000002 
-1.4 -1 0.000005 
-1.4 -0.9 0.000017 
-1.4 -0.8 0.000059 
-1.4 -0.7 0.000407 
-1.4 -0.6 0.000932 
-1.4 -0.5 0.001905 
-1.4 -0.4 0.004544 
-1.4 -0.3 0.012295 
-1.4 -0.2 0.025952 
-1.4 -0.1 0.053476 
-1.4 0 0.096501 
-1.4 0.1 0.148983 
-1.4 0.2 0.219869 
-1.4 0.3 0.333086 
-1.4 0.4 0.503177 
-1.4 0.5 0.738464 
-1.4 0.6 1.010663 
-1.4 0.7 1.125963 
-1.4 0.8 0.804418 
-1.4 0.9 140.579178 
-1.3 -2 0.000000 
-1.3 -1.9 0.000000 
-1.3 -1.8 0.000000 
-1.3 -1.7 0.000000 
-1.3 -1.6 0.000000 
-1.3 -1.5 0.000000 
-1.3 -1.4 0.000000 
-1.3 -1.3 0.000001 
-1.3 -1.2 0.000002 
-1.3 -1.1 0.000004 
-1.3 -1 0.000012 
-1.3 -0.9 0.000042 
-1.3 -0.8 0.000141 
-1.3 -0.7 0.000989 
-1.3 -0.6 0.002247 
-1.3 -0.5 0.004511 
-1.3 -0.4 0.010784 
-1.3 -0.3 0.029423 
-1.3 -0.2 0.062068 
-1.3 -0.1 0.128403 
-1.3 0 0.233149 
-1.3 0.1 0.362628 
-1.3 0.2 0.539185 
-1.3 0.3 0.824118 
-1.3 0.4 1.262190 
-1.3 0.5 1.882237 
-1.3 0.6 2.632882 
-1.3 0.7 2.973559 
-1.3 0.8 2.073531 
-1.2 -2 0.000000 
-1.2 -1.9 0.000000 
-1.2 -1.8 0.000000 
-1.2 -1.7 0.000000 
-1.2 -1.6 0.000000 
-1.2 -1.5 0.000000 
-1.2 -1.4 0.000001 
-1.2 -1.3 0.000002 
-1.2 -1.2 0.000004 
-1.2 -1.1 0.000010 
-1.2 -1 0.000028 
-1.2 -0.9 0.000104 
-1.2 -0.8 0.000344 
-1.2 -0.7 0.002431 
-1.2 -0.6 0.005515 
-1.2 -0.5 0.010896 
-1.2 -0.4 0.026060 
-1.2 -0.3 0.071635 
-1.2 -0.2 0.150858 
-1.2 -0.1 0.312253 
-1.2 0 0.568910 
-1.2 0.1 0.887771 
-1.2 0.2 1.326391 
-1.2 0.3 2.036618 
-1.2 0.4 3.137289 
-1.2 0.5 4.714515 
-1.2 0.6 6.633316 
-1.2 0.7 7.126917 
-1.2 0.8 11.281718 
-1.1 -2 0.000000 
-1.1 -1.9 0.000000 
-1.1 -1.8 0.000000 
-1.1 -1.7 0.000000 
-1.1 -1.6 0.000000 
-1.1 -1.5 0.000001 
-1.1 -1.4 0.000003 
-1.1 -1.3 0.000004 
-1.1 -1.2 0.000010 
-1.1 -1.1 0.000025 
-1.1 -1 0.000070 
-1.1 -0.9 0.000257 
-1.1 -0.8 0.000845 
-1.1 -0.7 0.006026 
-1.1 -0.6 0.013638 
-1.1 -0.5 0.026708 
-1.1 -0.4 0.063937 
-1.1 -0.3 0.176206 
-1.1 -0.2 0.370190 
-1.1 -0.1 0.765756 
-1.1 0 1.395414 
-1.1 0.1 2.177821 
-1.1 0.2 3.259451 
-1.1 0.3 5.014778 
-1.1 0.4 7.727680 
-1.1 0.5 11.607390 
-1.1 0.6 16.096014 
-1.1 0.7 14.674840 
-1.1 0.8 94.951711 
-1 -2 0.000000 
-1 -1.9 0.000000 
-1 -1.8 0.000000 
-1 -1.7 0.000000 
-1 -1.6 0.000001 
-1 -1.5 0.000003 
-1 -1.4 0.000007 
-1 -1.3 0.000010 
-1 -1.2 0.000025 
-1 -1.1 0.000062 
-1 -1 0.000175 
-1 -0.9 0.000639 
-1 -0.8 0.002092 
-1 -0.7 0.015002 
-1 -0.6 0.033990 
-1 -0.5 0.066065 
-1 -0.4 0.157864 
-1 -0.3 0.436144 
-1 -0.2 0.913061 
-1 -0.1 1.882805 
-1 0 3.421022 
-1 0.1 5.325628 
-1 0.2 7.966871 
-1 0.3 12.230971 
-1 0.4 18.767326 
-1 0.5 27.920858 
-1 0.6 37.106234 
-1 0.7 22.048088 
-0.9 -2 0.000000 
-0.9 -1.9 0.000000 
-0.9 -1.8 0.000000 
-0.9 -1.7 0.000001 
-0.9 -1.6 0.000002 
-0.9 -1.5 0.000007 
-0.9 -1.4 0.000018 
-0.9 -1.3 0.000024 
-0.9 -1.2 0.000062 
-0.9 -1.1 0.000155 
-0.9 -1 0.000438 
-0.9 -0.9 0.001595 
-0.9 -0.8 0.005209 
-0.9 -0.7 0.037485 
-0.9 -0.6 0.084941 
-0.9 -0.5 0.164431 
-0.9 -0.4 0.392025 
-0.9 -0.3 1.082321 
-0.9 -0.2 2.254388 
-0.9 -0.1 4.622998 
-0.9 0 8.340507 
-0.9 0.1 12.903013 
-0.9 0.2 19.241036 
-0.9 0.3 29.388439 
-0.9 0.4 44.591026 
-0.9 0.5 64.921547 
-0.9 0.6 78.315254 
-0.9 0.7 35.267866 
-0.8 -2 0.000000 
-0.8 -1.9 0.000000 
-0.8 -1.8 0.000001 
-0.8 -1.7 0.000002 
-0.8 -1.6 0.000004 
-0.8 -1.5 0.000018 
-0.8 -1.4 0.000046 
-0.8 -1.3 0.000062 
-0.8 -1.2 0.000157 
-0.8 -1.1 0.000388 
-0.8 -1 0.001096 
-0.8 -0.9 0.003983 
-0.8 -0.8 0.013013 
-0.8 -0.7 0.093886 
-0.8 -0.6 0.212944 
-0.8 -0.5 0.410710 
-0.8 -0.4 0.976124 
-0.8 -0.3 2.685667 
-0.8 -0.2 5.552909 
-0.8 -0.1 11.271309 
-0.8 0 20.080576 
-0.8 0.1 30.726677 
-0.8 0.2 45.548047 
-0.8 0.3 68.817120 
-0.8 0.4 102.399293 
-0.8 0.5 143.142395 
-0.8 0.6 139.210339 
-0.8 0.7 235.256054 
-0.7 -2 0.000000 
-0.7 -1.9 0.000001 
-0.7 -1.8 0.000002 
-0.7 -1.7 0.000005 
-0.7 -1.6 0.000010 
-0.7 -1.5 0.000044 
-0.7 -1.4 0.000115 
-0.7 -1.3 0.000155 
-0.7 -1.2 0.000393 
-0.7 -1.1 0.000971 
-0.7 -1 0.002754 
-0.7 -0.9 0.009952 
-0.7 -0.8 0.032566 
-0.7 -0.7 0.235388 
-0.7 -0.6 0.535043 
-0.7 -0.5 1.028802 
-0.7 -0.4 2.429970 
-0.7 -0.3 6.646202 
-0.7 -0.2 13.577593 
-0.7 -0.1 27.098082 
-0.7 0 47.293513 
-0.7 0.1 71.098910 
-0.7 0.2 104.356729 
-0.7 0.3 154.865636 
-0.7 0.4 223.293051 
-0.7 0.5 290.878433 
-0.7 0.6 193.039043 
-0.6 -2 0.000001 
-0.6 -1.9 0.000002 
-0.6 -1.8 0.000004 
-0.6 -1.7 0.000012 
-0.6 -1.6 0.000026 
-0.6 -1.5 0.000110 
-0.6 -1.4 0.000286 
-0.6 -1.3 0.000393 
-0.6 -1.2 0.000992 
-0.6 -1.1 0.002433 
-0.6 -1 0.006930 
-0.6 -0.9 0.024842 
-0.6 -0.8 0.081560 
-0.6 -0.7 0.590553 
-0.6 -0.6 1.348011 
-0.6 -0.5 2.583013 
-0.6 -0.4 6.041036 
-0.6 -0.3 16.338065 
-0.6 -0.2 32.729456 
-0.6 -0.1 63.561920 
-0.6 0 107.388356 
-0.6 0.1 157.340885 
-0.6 0.2 227.505300 
-0.6 0.3 328.271904 
-0.6 0.4 452.125246 
-0.6 0.5 526.026854 
-0.6 0.6 430.175584 
-0.5 -2 0.000002 
-0.5 -1.9 0.000005 
-0.5 -1.8 0.000011 
-0.5 -1.7 0.000031 
-0.5 -1.6 0.000065 
-0.5 -1.5 0.000276 
-0.5 -1.4 0.000709 
-0.5 -1.3 0.001000 
-0.5 -1.2 0.002501 
-0.5 -1.1 0.006077 
-0.5 -1 0.017481 
-0.5 -0.9 0.061872 
-0.5 -0.8 0.204191 
-0.5 -0.7 1.483259 
-0.5 -0.6 3.406630 
-0.5 -0.5 6.494103 
-0.5 -0.4 14.946977 
-0.5 -0.3 39.651760 
-0.5 -0.2 76.929913 
-0.5 -0.1 143.057583 
-0.5 0 230.442426 
-0.5 0.1 326.471452 
-0.5 0.2 462.218063 
-0.5 0.3 641.504807 
-0.5 0.4 833.577257 
-0.5 0.5 841.576417 
-0.4 -2 0.000006 
-0.4 -1.9 0.000011 
-0.4 -1.8 0.000028 
-0.4 -1.7 0.000078 
-0.4 -1.6 0.000163 
-0.4 -1.5 0.000687 
-0.4 -1.4 0.001756 
-0.4 -1.3 0.002571 
-0.4 -1.2 0.006328 
-0.4 -1.1 0.015129 
-0.4 -1 0.044240 
-0.4 -0.9 0.153451 
-0.4 -0.8 0.510422 
-0.4 -0.7 3.725174 
-0.4 -0.6 8.645490 
-0.4 -0.5 16.342502 
-0.4 -0.4 36.621179 
-0.4 -0.3 93.995444 
-0.4 -0.2 173.136814 
-0.4 -0.1 301.587238 
-0.4 0 456.710840 
-0.4 0.1 623.180347 
-0.4 0.2 859.296996 
-0.4 0.3 1140.953311 
-0.4 0.4 1400.978912 
-0.4 0.5 1286.846815 
-0.3 -2 0.000014 
-0.3 -1.9 0.000029 
-0.3 -1.8 0.000070 
-0.3 -1.7 0.000193 
-0.3 -1.6 0.000414 
-0.3 -1.5 0.001715 
-0.3 -1.4 0.004326 
-0.3 -1.3 0.006724 
-0.3 -1.2 0.016075 
-0.3 -1.1 0.037516 
-0.3 -1 0.112367 
-0.3 -0.9 0.378310 
-0.3 -0.8 1.269862 
-0.3 -0.7 9.347467 
-0.3 -0.6 22.064024 
-0.3 -0.5 41.110910 
-0.3 -0.4 87.998294 
-0.3 -0.3 213.646944 
-0.3 -0.2 362.815493 
-0.3 -0.1 578.850277 
-0.3 0 822.371710 
-0.3 0.1 1086.298141 
-0.3 0.2 1463.350937 
-0.3 0.3 1890.858491 
-0.3 0.4 2272.533519 
-0.2 -2 0.000034 
-0.2 -1.9 0.000074 
-0.2 -1.8 0.000175 
-0.2 -1.7 0.000477 
-0.2 -1.6 0.001045 
-0.2 -1.5 0.004322 
-0.2 -1.4 0.010548 
-0.2 -1.3 0.018066 
-0.2 -1.2 0.040841 
-0.2 -1.1 0.093342 
-0.2 -1 0.286457 
-0.2 -0.9 0.924215 
-0.2 -0.8 3.131118 
-0.2 -0.7 23.392737 
-0.2 -0.6 56.666341 
-0.2 -0.5 103.121909 
-0.2 -0.4 203.570151 
-0.2 -0.3 452.093274 
-0.2 -0.2 684.868342 
-0.2 -0.1 995.619297 
-0.2 0 1358.900393 
-0.2 0.1 1783.934572 
-0.2 0.2 2422.683992 
-0.2 0.3 3211.149087 
-0.2 0.4 3927.448609 
-0.1 -2 0.000083 
-0.1 -1.9 0.000190 
-0.1 -1.8 0.000446 
-0.1 -1.7 0.001180 
-0.1 -1.6 0.002610 
-0.1 -1.5 0.010911 
-0.1 -1.4 0.025203 
-0.1 -1.3 0.049611 
-0.1 -1.2 0.102704 
-0.1 -1.1 0.240549 
-0.1 -1 0.730334 
-0.1 -0.9 2.249015 
-0.1 -0.8 7.611145 
-0.1 -0.7 58.355539 
-0.1 -0.6 145.111362 
-0.1 -0.5 255.236618 
-0.1 -0.4 442.342034 
-0.1 -0.3 856.338635 
-0.1 -0.2 1154.873089 
-0.1 -0.1 1597.515162 
-0.1 0 2216.829159 
-0.1 0.1 3060.901733 
-0.1 0.2 4309.037727 
-0.1 0.3 5721.658135 
0 -2 0.000192 
0 -1.9 0.000471 
0 -1.8 0.001181 
0 -1.7 0.003120 
0 -1.6 0.006398 
0 -1.5 0.026240 
0 -1.4 0.060520 
0 -1.3 0.138469 
0 -1.2 0.252883 
0 -1.1 0.667861 
0 -1 1.852310 
0 -0.9 5.690216 
0 -0.8 18.296076 
0 -0.7 142.836352 
0 -0.6 365.585382 
0 -0.5 604.885041 
0 -0.4 874.641385 
0 -0.3 1447.128317 
0 -0.2 1887.734584 
0 -0.1 2735.134116 
0 0 3991.798388 
0 0.1 5593.223774 
0 0.2 7337.053709 
0 0.3 8655.844157 
0.1 -2 0.000441 
0.1 -1.9 0.001038 
0.1 -1.8 0.003187 
0.1 -1.7 0.009102 
0.1 -1.6 0.016351 
0.1 -1.5 0.067922 
0.1 -1.4 0.147714 
0.1 -1.3 0.364179 
0.1 -1.2 0.633623 
0.1 -1.1 1.799142 
0.1 -1 4.719783 
0.1 -0.9 15.728837 
0.1 -0.8 44.528776 
0.1 -0.7 337.248591 
0.1 -0.6 893.948723 
0.1 -0.5 1314.397382 
0.1 -0.4 1598.396618 
0.1 -0.3 2455.627917 
0.1 -0.2 3392.475158 
0.1 -0.1 5079.295202 
0.1 0 6889.029299 
0.1 0.1 8598.115176 
0.1 0.2 9906.717930 
0.2 -2 0.000943 
0.2 -1.9 0.002068 
0.2 -1.8 0.007323 
0.2 -1.7 0.024868 
0.2 -1.6 0.048701 
0.2 -1.5 0.166097 
0.2 -1.4 0.317335 
0.2 -1.3 0.957238 
0.2 -1.2 1.602453 
0.2 -1.1 5.075959 
0.2 -1 9.901221 
0.2 -0.9 38.825813 
0.2 -0.8 107.663664 
0.2 -0.7 716.426284 
0.2 -0.6 1949.026938 
0.2 -0.5 2485.343373 
0.2 -0.4 2880.171283 
0.2 -0.3 4374.718577 
0.2 -0.2 5874.111118 
0.2 -0.1 7899.176441 
0.2 0 9390.031818 
0.2 0.1 10506.717202 
0.2 0.2 11276.734762 
0.3 -2 0.002781 
0.3 -1.9 0.006167 
0.3 -1.8 0.021031 
0.3 -1.7 0.045440 
0.3 -1.6 0.131487 
0.3 -1.5 0.363631 
0.3 -1.4 0.867060 
0.3 -1.3 2.018120 
0.3 -1.2 4.265241 
0.3 -1.1 12.369530 
0.3 -1 30.098064 
0.3 -0.9 80.957974 
0.3 -0.8 244.598186 
0.3 -0.7 1371.385744 
0.3 -0.6 3298.155917 
0.3 -0.5 3894.476601 
0.3 -0.4 4716.948626 
0.3 -0.3 6624.937237 
0.3 -0.2 8192.672921 
0.3 -0.1 9733.455075 
0.3 0 10752.024533 
0.3 0.1 11371.400238 
0.4 -2 0.006879 
0.4 -1.9 0.016901 
0.4 -1.8 0.072089 
0.4 -1.7 0.120646 
0.4 -1.6 0.481975 
0.4 -1.5 0.783861 
0.4 -1.4 1.922425 
0.4 -1.3 7.774124 
0.4 -1.2 8.874204 
0.4 -1.1 28.413859 
0.4 -1 64.587792 
0.4 -0.9 222.070779 
0.4 -0.8 564.656187 
0.4 -0.7 1925.540033 
0.4 -0.6 4391.461576 
0.4 -0.5 5278.592688 
0.4 -0.4 6403.263151 
0.4 -0.3 8403.085078 
0.4 -0.2 9685.409487 
0.4 -0.1 10736.455314 
0.4 0 11442.444755 
0.4 0.1 11883.505363 
0.5 -2 0.022857 
0.5 -1.9 0.045753 
0.5 -1.8 0.198808 
0.5 -1.7 0.252751 
0.5 -1.6 0.820252 
0.5 -1.5 2.893522 
0.5 -1.4 4.181705 
0.5 -1.3 13.779683 
0.5 -1.2 27.067045 
0.5 -1.1 66.044287 
0.5 -1 166.684951 
0.5 -0.9 608.128790 
0.5 -0.8 1216.592587 
0.5 -0.7 2556.816798 
0.5 -0.6 5294.409580 
0.5 -0.5 6350.410082 
0.5 -0.4 7908.310594 
0.5 -0.3 9444.509996 
0.5 -0.2 10482.487748 
0.5 -0.1 11304.360061 
0.5 0 11968.582559 
0.6 -2 0.070411 
0.6 -1.9 0.109776 
0.6 -1.8 0.386656 
0.6 -1.7 0.648033 
0.6 -1.6 3.098090 
0.6 -1.5 4.304217 
0.6 -1.4 15.588915 
0.6 -1.3 39.560742 
0.6 -1.2 105.365652 
0.6 -1.1 183.048132 
0.6 -1 408.646185 
0.6 -0.9 1247.669771 
0.6 -0.8 2125.639455 
0.6 -0.7 3469.395846 
0.6 -0.6 6183.244867 
0.6 -0.5 7448.479100 
0.6 -0.4 9364.937639 
0.6 -0.3 10447.421448 
0.6 -0.2 11161.237569 
0.6 -0.1 11794.839574 
0.6 0 12233.406884 
0.7 -2 0.115397 
0.7 -1.9 0.326316 
0.7 -1.8 0.792966 
0.7 -1.7 1.682170 
0.7 -1.6 5.441069 
0.7 -1.5 21.813082 
0.7 -1.4 40.123130 
0.7 -1.3 104.775400 
0.7 -1.2 173.966308 
0.7 -1.1 447.727191 
0.7 -1 949.454686 
0.7 -0.9 2213.478160 
0.7 -0.8 3313.111194 
0.7 -0.7 5348.797434 
0.7 -0.6 7809.696363 
0.7 -0.5 9412.828094 
0.7 -0.4 10180.428888 
0.7 -0.3 11220.693276 
0.7 -0.2 11557.735571 
0.7 -0.1 12200.524657 
0.8 -2 0.269387 
0.8 -1.9 0.910901 
0.8 -1.8 2.056207 
0.8 -1.7 4.700110 
0.8 -1.6 14.581146 
0.8 -1.5 33.153762 
0.8 -1.4 78.506701 
0.8 -1.3 180.858292 
0.8 -1.2 452.847470 
0.8 -1.1 1223.017660 
0.8 -1 2129.039330 
0.8 -0.9 3620.077375 
0.8 -0.8 5551.801073 
0.8 -0.7 7107.015082 
0.8 -0.6 9511.763846 
0.8 -0.5 10381.853677 
0.8 -0.4 11126.868589 
0.8 -0.3 11671.112085 
0.8 -0.2 12085.613342 
0.8 -0.1 12423.414024 
0.9 -2 0.724280 
0.9 -1.9 1.578085 
0.9 -1.8 7.571956 
0.9 -1.7 12.291835 
0.9 -1.6 31.071485 
0.9 -1.5 68.978057 
0.9 -1.4 195.263257 
0.9 -1.3 594.052117 
0.9 -1.2 1290.629503 
0.9 -1.1 2097.458283 
0.9 -1 3842.281033 
0.9 -0.9 5936.419935 
0.9 -0.8 6914.644057 
0.9 -0.7 8536.248674 
0.9 -0.6 9995.219473 
0.9 -0.5 10821.709039 
0.9 -0.4 11595.769648 
0.9 -0.3 11838.274233 
0.9 -0.2 12451.227941 
1 -2 1.598356 
1 -1.9 5.356799 
1 -1.8 13.669986 
1 -1.7 39.494676 
1 -1.6 76.297858 
1 -1.5 197.224082 
1 -1.4 747.373056 
1 -1.3 1103.637550 
1 -1.2 2099.877802 
1 -1.1 3410.328623 
1 -1 6313.435604 
1 -0.9 7488.035762 
1 -0.8 8640.423253 
1 -0.7 10410.980333 
1 -0.6 11288.124763 
1 -0.5 11880.687906 
1 -0.4 12168.562488 
1 -0.3 12474.489218 
1 -0.2 12587.619207 
1.1 -2 4.789219 
1.1 -1.9 21.177281 
1.1 -1.8 26.420124 
1.1 -1.7 110.864740 
1.1 -1.6 198.678399 
1.1 -1.5 378.482375 
1.1 -1.4 1294.254638 
1.1 -1.3 2212.081465 
1.1 -1.2 4275.047775 
1.1 -1.1 5295.988322 
1.1 -1 7530.701052 
1.1 -0.9 8956.639075 
1.1 -0.8 10525.343805 
1.1 -0.7 11096.689887 
1.1 -0.6 12062.040245 
1.1 -0.5 12101.873866 
1.1 -0.4 12450.928344 
1.1 -0.3 12633.254728 
1.2 -2 14.560657 
1.2 -1.9 35.450961 
1.2 -1.8 75.139551 
1.2 -1.7 161.625407 
1.2 -1.6 605.265652 
1.2 -1.5 1527.687658 
1.2 -1.4 2233.115520 
1.2 -1.3 3466.712114 
1.2 -1.2 5799.079127 
1.2 -1.1 7199.759311 
1.2 -1 9215.376988 
1.2 -0.9 10605.298470 
1.2 -0.8 11338.073256 
1.2 -0.7 11808.818339 
1.2 -0.6 12119.199217 
1.2 -0.5 12462.721227 
1.2 -0.4 12607.952406 
1.2 -0.3 12687.927169 
1.3 -2 34.801098 
1.3 -1.9 102.805381 
1.3 -1.8 227.929206 
1.3 -1.7 592.204994 
1.3 -1.6 930.167377 
1.3 -1.5 2014.829836 
1.3 -1.4 3222.826483 
1.3 -1.3 5901.202337 
1.3 -1.2 7229.567744 
1.3 -1.1 8821.060116 
1.3 -1 10250.766117 
1.3 -0.9 11329.352059 
1.3 -0.8 11708.826157 
1.3 -0.7 12161.576639 
1.3 -0.6 12383.322821 
1.3 -0.5 12616.604806 
1.3 -0.4 12685.876145 
1.4 -2 97.607031 
1.4 -1.9 181.944409 
1.4 -1.8 328.564082 
1.4 -1.7 938.538832 
1.4 -1.6 1690.391028 
1.4 -1.5 3032.326445 
1.4 -1.4 4845.377511 
1.4 -1.3 7455.885643 
1.4 -1.2 9160.579985 
1.4 -1.1 10490.363916 
1.4 -1 11344.998311 
1.4 -0.9 11493.164913 
1.4 -0.8 11735.595640 
1.4 -0.7 12405.476215 
1.4 -0.6 12601.453332 
1.4 -0.5 12680.718473 
1.4 -0.4 12705.321641 
1.5 -2 177.356246 
1.5 -1.9 445.623123 
1.5 -1.8 951.007199 
1.5 -1.7 1815.264293 
1.5 -1.6 3891.590265 
1.5 -1.5 5038.552273 
1.5 -1.4 7534.466144 
1.5 -1.3 9004.379466 
1.5 -1.2 10317.145884 
1.5 -1.1 11380.499079 
1.5 -1 11815.476278 
1.5 -0.9 12097.269407 
1.5 -0.8 12458.387314 
1.5 -0.7 12593.068299 
1.5 -0.6 12695.484945 
1.5 -0.5 12721.597704 
1.6 -2 559.800336 
1.6 -1.9 1122.270646 
1.6 -1.8 1866.699995 
1.6 -1.7 3768.468937 
1.6 -1.6 4930.622680 
1.6 -1.5 7810.414007 
1.6 -1.4 8931.784846 
1.6 -1.3 10222.878363 
1.6 -1.2 11347.653765 
1.6 -1.1 11686.815013 
1.6 -1 12154.098544 
1.6 -0.9 12464.575000 
1.6 -0.8 12596.436105 
1.6 -0.7 12695.767953 
1.6 -0.6 12723.457661 
1.6 -0.5 12732.946859 
1.7 -2 1237.436106 
1.7 -1.9 2097.145809 
1.7 -1.8 2863.239224 
1.7 -1.7 5570.504846 
1.7 -1.6 7883.670744 
1.7 -1.5 8862.455724 
1.7 -1.4 10621.738046 
1.7 -1.3 10910.888948 
1.7 -1.2 11689.112157 
1.7 -1.1 11988.765957 
1.7 -1 12430.010766 
1.7 -0.9 12633.850402 
1.7 -0.8 12675.857706 
1.7 -0.7 12717.846020 
1.7 -0.6 12734.046488 
1.8 -2 1965.833399 
1.8 -1.9 3097.010348 
1.8 -1.8 5829.986835 
1.8 -1.7 6386.699763 
1.8 -1.6 9014.054117 
1.8 -1.5 10520.246423 
1.8 -1.4 10913.021871 
1.8 -1.3 11645.118194 
1.8 -1.2 12273.167008 
1.8 -1.1 12420.276709 
1.8 -1 12587.543657 
1.8 -0.9 12690.538064 
1.8 -0.8 12715.672398 
1.8 -0.7 12733.629068 
1.8 -0.6 12737.475641 
1.9 -2 3494.802060 
1.9 -1.9 5141.105748 
1.9 -1.8 7214.989646 
1.9 -1.7 8369.275922 
1.9 -1.6 10322.955245 
1.9 -1.5 11192.573432 
1.9 -1.4 11478.075243 
1.9 -1.3 12061.315978 
1.9 -1.2 12409.261441 
1.9 -1.1 12628.530902 
1.9 -1 12688.227414 
1.9 -0.9 12617.744022 
1.9 -0.8 12731.778275 
1.9 -0.7 12737.578146 
2 -2 5967.346141 
2 -1.9 7004.578714 
2 -1.8 9545.984011 
2 -1.7 10008.670433 
2 -1.6 11355.932439 
2 -1.5 11761.869586 
2 -1.4 12201.770730 
2 -1.3 12344.899741 
2 -1.2 12608.794548 
2 -1.1 12691.524060 
2 -1 12721.937009 
2 -0.9 12732.791347 
2 -0.8 12736.990964 
2 -0.7 12739.606848 
