-3 -2 0.000000 
-3 -1.9 0.000000 
-3 -1.8 0.000000 
-3 -1.7 0.000000 
-3 -1.6 0.000000 
-3 -1.5 0.000000 
-3 -1.4 0.000000 
-3 -1.3 0.000000 
-3 -1.2 0.000000 
-3 -1.1 0.000000 
-3 -1 0.000000 
-3 -0.9 0.000000 
-3 -0.8 0.000001 
-3 -0.7 0.000001 
-3 -0.6 0.000004 
-3 -0.5 0.000018 
-3 -0.4 0.000039 
-3 -0.3 0.000065 
-3 -0.2 0.000162 
-3 -0.1 0.000272 
-3 0 0.000298 
-3 0.1 0.000237 
-3 0.2 0.000161 
-3 0.3 0.000534 
-3 0.4 0.002377 
-3 0.5 0.007149 
-3 0.6 0.020016 
-3 0.7 0.090448 
-3 0.8 0.899270 
-3 0.9 20.421747 
-3 1 269.037566 
-2.9 -2 0.000000 
-2.9 -1.9 0.000000 
-2.9 -1.8 0.000000 
-2.9 -1.7 0.000000 
-2.9 -1.6 0.000000 
-2.9 -1.5 0.000000 
-2.9 -1.4 0.000000 
-2.9 -1.3 0.000000 
-2.9 -1.2 0.000000 
-2.9 -1.1 0.000000 
-2.9 -1 0.000000 
-2.9 -0.9 0.000000 
-2.9 -0.8 0.000000 
-2.9 -0.7 0.000001 
-2.9 -0.6 0.000004 
-2.9 -0.5 0.000018 
-2.9 -0.4 0.000038 
-2.9 -0.3 0.000065 
-2.9 -0.2 0.000163 
-2.9 -0.1 0.000275 
-2.9 0 0.000303 
-2.9 0.1 0.000240 
-2.9 0.2 0.000161 
-2.9 0.3 0.000529 
-2.9 0.4 0.002368 
-2.9 0.5 0.007135 
-2.9 0.6 0.020019 
-2.9 0.7 0.090589 
-2.9 0.8 0.900207 
-2.9 0.9 20.452999 
-2.9 1 269.106703 
-2.8 -2 0.000000 
-2.8 -1.9 0.000000 
-2.8 -1.8 0.000000 
-2.8 -1.7 0.000000 
-2.8 -1.6 0.000000 
-2.8 -1.5 0.000000 
-2.8 -1.4 0.000000 
-2.8 -1.3 0.000000 
-2.8 -1.2 0.000000 
-2.8 -1.1 0.000000 
-2.8 -1 0.000000 
-2.8 -0.9 0.000000 
-2.8 -0.8 0.000001 
-2.8 -0.7 0.000001 
-2.8 -0.6 0.000004 
-2.8 -0.5 0.000019 
-2.8 -0.4 0.000039 
-2.8 -0.3 0.000067 
-2.8 -0.2 0.000164 
-2.8 -0.1 0.000280 
-2.8 0 0.000307 
-2.8 0.1 0.000246 
-2.8 0.2 0.000163 
-2.8 0.3 0.000524 
-2.8 0.4 0.002351 
-2.8 0.5 0.007124 
-2.8 0.6 0.020017 
-2.8 0.7 0.090624 
-2.8 0.8 0.901761 
-2.8 0.9 20.501528 
-2.8 1 269.216054 
-2.7 -2 0.000000 
-2.7 -1.9 0.000000 
-2.7 -1.8 0.000000 
-2.7 -1.7 0.000000 
-2.7 -1.6 0.000000 
-2.7 -1.5 0.000000 
-2.7 -1.4 0.000000 
-2.7 -1.3 0.000000 
-2.7 -1.2 0.000000 
-2.7 -1.1 0.000000 
-2.7 -1 0.000000 
-2.7 -0.9 0.000000 
-2.7 -0.8 0.000001 
-2.7 -0.7 0.000001 
-2.7 -0.6 0.000004 
-2.7 -0.5 0.000019 
-2.7 -0.4 0.000040 
-2.7 -0.3 0.000068 
-2.7 -0.2 0.000169 
-2.7 -0.1 0.000287 
-2.7 0 0.000319 
-2.7 0.1 0.000255 
-2.7 0.2 0.000167 
-2.7 0.3 0.000515 
-2.7 0.4 0.002330 
-2.7 0.5 0.007116 
-2.7 0.6 0.020031 
-2.7 0.7 0.090862 
-2.7 0.8 0.903759 
-2.7 0.9 20.579672 
-2.7 1 269.388313 
-2.6 -2 0.000000 
-2.6 -1.9 0.000000 
-2.6 -1.8 0.000000 
-2.6 -1.7 0.000000 
-2.6 -1.6 0.000000 
-2.6 -1.5 0.000000 
-2.6 -1.4 0.000000 
-2.6 -1.3 0.000000 
-2.6 -1.2 0.000000 
-2.6 -1.1 0.000000 
-2.6 -1 0.000000 
-2.6 -0.9 0.000000 
-2.6 -0.8 0.000000 
-2.6 -0.7 0.000001 
-2.6 -0.6 0.000004 
-2.6 -0.5 0.000019 
-2.6 -0.4 0.000041 
-2.6 -0.3 0.000070 
-2.6 -0.2 0.000174 
-2.6 -0.1 0.000297 
-2.6 0 0.000333 
-2.6 0.1 0.000271 
-2.6 0.2 0.000171 
-2.6 0.3 0.000504 
-2.6 0.4 0.002300 
-2.6 0.5 0.007069 
-2.6 0.6 0.020026 
-2.6 0.7 0.091152 
-2.6 0.8 0.907553 
-2.6 0.9 20.702599 
-2.6 1 269.658732 
-2.5 -2 0.000000 
-2.5 -1.9 0.000000 
-2.5 -1.8 0.000000 
-2.5 -1.7 0.000000 
-2.5 -1.6 0.000000 
-2.5 -1.5 0.000000 
-2.5 -1.4 0.000000 
-2.5 -1.3 0.000000 
-2.5 -1.2 0.000000 
-2.5 -1.1 0.000000 
-2.5 -1 0.000000 
-2.5 -0.9 0.000000 
-2.5 -0.8 0.000001 
-2.5 -0.7 0.000001 
-2.5 -0.6 0.000004 
-2.5 -0.5 0.000020 
-2.5 -0.4 0.000043 
-2.5 -0.3 0.000074 
-2.5 -0.2 0.000182 
-2.5 -0.1 0.000315 
-2.5 0 0.000360 
-2.5 0.1 0.000293 
-2.5 0.2 0.000182 
-2.5 0.3 0.000484 
-2.5 0.4 0.002257 
-2.5 0.5 0.007020 
-2.5 0.6 0.020084 
-2.5 0.7 0.091637 
-2.5 0.8 0.912924 
-2.5 0.9 20.900919 
-2.5 1 270.081345 
-2.4 -2 0.000000 
-2.4 -1.9 0.000000 
-2.4 -1.8 0.000000 
-2.4 -1.7 0.000000 
-2.4 -1.6 0.000000 
-2.4 -1.5 0.000000 
-2.4 -1.4 0.000000 
-2.4 -1.3 0.000000 
-2.4 -1.2 0.000000 
-2.4 -1.1 0.000000 
-2.4 -1 0.000000 
-2.4 -0.9 0.000000 
-2.4 -0.8 0.000001 
-2.4 -0.7 0.000002 
-2.4 -0.6 0.000004 
-2.4 -0.5 0.000022 
-2.4 -0.4 0.000046 
-2.4 -0.3 0.000081 
-2.4 -0.2 0.000198 
-2.4 -0.1 0.000345 
-2.4 0 0.000399 
-2.4 0.1 0.000335 
-2.4 0.2 0.000201 
-2.4 0.3 0.000462 
-2.4 0.4 0.002181 
-2.4 0.5 0.006940 
-2.4 0.6 0.020119 
-2.4 0.7 0.092448 
-2.4 0.8 0.921944 
-2.4 0.9 21.216665 
-2.4 1 270.736608 
-2.3 -2 0.000000 
-2.3 -1.9 0.000000 
-2.3 -1.8 0.000000 
-2.3 -1.7 0.000000 
-2.3 -1.6 0.000000 
-2.3 -1.5 0.000000 
-2.3 -1.4 0.000000 
-2.3 -1.3 0.000000 
-2.3 -1.2 0.000000 
-2.3 -1.1 0.000000 
-2.3 -1 0.000000 
-2.3 -0.9 0.000000 
-2.3 -0.8 0.000001 
-2.3 -0.7 0.000002 
-2.3 -0.6 0.000005 
-2.3 -0.5 0.000023 
-2.3 -0.4 0.000050 
-2.3 -0.3 0.000091 
-2.3 -0.2 0.000226 
-2.3 -0.1 0.000396 
-2.3 0 0.000473 
-2.3 0.1 0.000409 
-2.3 0.2 0.000241 
-2.3 0.3 0.000439 
-2.3 0.4 0.002076 
-2.3 0.5 0.006850 
-2.3 0.6 0.020300 
-2.3 0.7 0.093756 
-2.3 0.8 0.936577 
-2.3 0.9 21.726603 
-2.3 1 271.739192 
-2.2 -2 0.000000 
-2.2 -1.9 0.000000 
-2.2 -1.8 0.000000 
-2.2 -1.7 0.000000 
-2.2 -1.6 0.000000 
-2.2 -1.5 0.000000 
-2.2 -1.4 0.000000 
-2.2 -1.3 0.000000 
-2.2 -1.2 0.000000 
-2.2 -1.1 0.000000 
-2.2 -1 0.000000 
-2.2 -0.9 0.000000 
-2.2 -0.8 0.000001 
-2.2 -0.7 0.000002 
-2.2 -0.6 0.000006 
-2.2 -0.5 0.000027 
-2.2 -0.4 0.000058 
-2.2 -0.3 0.000109 
-2.2 -0.2 0.000269 
-2.2 -0.1 0.000483 
-2.2 0 0.000601 
-2.2 0.1 0.000546 
-2.2 0.2 0.000324 
-2.2 0.3 0.000417 
-2.2 0.4 0.001938 
-2.2 0.5 0.006724 
-2.2 0.6 0.020564 
-2.2 0.7 0.095985 
-2.2 0.8 0.960462 
-2.2 0.9 22.557572 
-2.2 1 273.243455 
-2.1 -2 0.000000 
-2.1 -1.9 0.000000 
-2.1 -1.8 0.000000 
-2.1 -1.7 0.000000 
-2.1 -1.6 0.000000 
-2.1 -1.5 0.000000 
-2.1 -1.4 0.000000 
-2.1 -1.3 0.000000 
-2.1 -1.2 0.000000 
-2.1 -1.1 0.000000 
-2.1 -1 0.000000 
-2.1 -0.9 0.000000 
-2.1 -0.8 0.000001 
-2.1 -0.7 0.000003 
-2.1 -0.6 0.000008 
-2.1 -0.5 0.000033 
-2.1 -0.4 0.000072 
-2.1 -0.3 0.000142 
-2.1 -0.2 0.000351 
-2.1 -0.1 0.000640 
-2.1 0 0.000840 
-2.1 0.1 0.000805 
-2.1 0.2 0.000514 
-2.1 0.3 0.000450 
-2.1 0.4 0.001789 
-2.1 0.5 0.006618 
-2.1 0.6 0.021225 
-2.1 0.7 0.100032 
-2.1 0.8 0.999698 
-2.1 0.9 23.932452 
-2.1 1 275.431963 
-2 -2 0.000000 
-2 -1.9 0.000000 
-2 -1.8 0.000000 
-2 -1.7 0.000000 
-2 -1.6 0.000000 
-2 -1.5 0.000000 
-2 -1.4 0.000000 
-2 -1.3 0.000000 
-2 -1.2 0.000000 
-2 -1.1 0.000000 
-2 -1 0.000000 
-2 -0.9 0.000000 
-2 -0.8 0.000001 
-2 -0.7 0.000005 
-2 -0.6 0.000012 
-2 -0.5 0.000046 
-2 -0.4 0.000098 
-2 -0.3 0.000204 
-2 -0.2 0.000500 
-2 -0.1 0.000938 
-2 0 0.001295 
-2 0.1 0.001338 
-2 0.2 0.000949 
-2 0.3 0.000659 
-2 0.4 0.001731 
-2 0.5 0.006665 
-2 0.6 0.022617 
-2 0.7 0.107398 
-2 0.8 1.067170 
-2 0.9 26.265631 
-2 1 278.474195 
-1.9 -2 0.000000 
-1.9 -1.9 0.000000 
-1.9 -1.8 0.000000 
-1.9 -1.7 0.000000 
-1.9 -1.6 0.000000 
-1.9 -1.5 0.000000 
-1.9 -1.4 0.000000 
-1.9 -1.3 0.000000 
-1.9 -1.2 0.000000 
-1.9 -1.1 0.000000 
-1.9 -1 0.000000 
-1.9 -0.9 0.000000 
-1.9 -0.8 0.000002 
-1.9 -0.7 0.000008 
-1.9 -0.6 0.000021 
-1.9 -0.5 0.000067 
-1.9 -0.4 0.000148 
-1.9 -0.3 0.000324 
-1.9 -0.2 0.000791 
-1.9 -0.1 0.001527 
-1.9 0 0.002230 
-1.9 0.1 0.002480 
-1.9 0.2 0.002004 
-1.9 0.3 0.001385 
-1.9 0.4 0.002071 
-1.9 0.5 0.007330 
-1.9 0.6 0.025958 
-1.9 0.7 0.121965 
-1.9 0.8 1.186154 
-1.9 0.9 30.365244 
-1.8 -2 0.000000 
-1.8 -1.9 0.000000 
-1.8 -1.8 0.000000 
-1.8 -1.7 0.000000 
-1.8 -1.6 0.000000 
-1.8 -1.5 0.000000 
-1.8 -1.4 0.000000 
-1.8 -1.3 0.000000 
-1.8 -1.2 0.000000 
-1.8 -1.1 0.000000 
-1.8 -1 0.000000 
-1.8 -0.9 0.000001 
-1.8 -0.8 0.000003 
-1.8 -0.7 0.000016 
-1.8 -0.6 0.000039 
-1.8 -0.5 0.000111 
-1.8 -0.4 0.000247 
-1.8 -0.3 0.000576 
-1.8 -0.2 0.001399 
-1.8 -0.1 0.002758 
-1.8 0 0.004260 
-1.8 0.1 0.005046 
-1.8 0.2 0.004535 
-1.8 0.3 0.003538 
-1.8 0.4 0.003719 
-1.8 0.5 0.009807 
-1.8 0.6 0.033984 
-1.8 0.7 0.151968 
-1.8 0.8 1.405978 
-1.8 0.9 37.958372 
-1.7 -2 0.000000 
-1.7 -1.9 0.000000 
-1.7 -1.8 0.000000 
-1.7 -1.7 0.000000 
-1.7 -1.6 0.000000 
-1.7 -1.5 0.000000 
-1.7 -1.4 0.000000 
-1.7 -1.3 0.000000 
-1.7 -1.2 0.000000 
-1.7 -1.1 0.000000 
-1.7 -1 0.000000 
-1.7 -0.9 0.000002 
-1.7 -0.8 0.000006 
-1.7 -0.7 0.000033 
-1.7 -0.6 0.000078 
-1.7 -0.5 0.000203 
-1.7 -0.4 0.000457 
-1.7 -0.3 0.001122 
-1.7 -0.2 0.002717 
-1.7 -0.1 0.005457 
-1.7 0 0.008794 
-1.7 0.1 0.010995 
-1.7 0.2 0.010762 
-1.7 0.3 0.009417 
-1.7 0.4 0.009086 
-1.7 0.5 0.017325 
-1.7 0.6 0.053641 
-1.7 0.7 0.217332 
-1.7 0.8 1.838791 
-1.7 0.9 53.001980 
-1.6 -2 0.000000 
-1.6 -1.9 0.000000 
-1.6 -1.8 0.000000 
-1.6 -1.7 0.000000 
-1.6 -1.6 0.000000 
-1.6 -1.5 0.000000 
-1.6 -1.4 0.000000 
-1.6 -1.3 0.000000 
-1.6 -1.2 0.000000 
-1.6 -1.1 0.000000 
-1.6 -1 0.000001 
-1.6 -0.9 0.000003 
-1.6 -0.8 0.000012 
-1.6 -0.7 0.000073 
-1.6 -0.6 0.000171 
-1.6 -0.5 0.000409 
-1.6 -0.4 0.000923 
-1.6 -0.3 0.002369 
-1.6 -0.2 0.005698 
-1.6 -0.1 0.011593 
-1.6 0 0.019306 
-1.6 0.1 0.025110 
-1.6 0.2 0.026151 
-1.6 0.3 0.024980 
-1.6 0.4 0.024502 
-1.6 0.5 0.038289 
-1.6 0.6 0.102284 
-1.6 0.7 0.366612 
-1.6 0.8 2.760098 
-1.6 0.9 84.662851 
-1.5 -2 0.000000 
-1.5 -1.9 0.000000 
-1.5 -1.8 0.000000 
-1.5 -1.7 0.000000 
-1.5 -1.6 0.000000 
-1.5 -1.5 0.000000 
-1.5 -1.4 0.000000 
-1.5 -1.3 0.000000 
-1.5 -1.2 0.000000 
-1.5 -1.1 0.000001 
-1.5 -1 0.000002 
-1.5 -0.9 0.000007 
-1.5 -0.8 0.000027 
-1.5 -0.7 0.000170 
-1.5 -0.6 0.000390 
-1.5 -0.5 0.000880 
-1.5 -0.4 0.002000 
-1.5 -0.3 0.005280 
-1.5 -0.2 0.012643 
-1.5 -0.1 0.026034 
-1.5 0 0.044391 
-1.5 0.1 0.059225 
-1.5 0.2 0.064351 
-1.5 0.3 0.065084 
-1.5 0.4 0.066176 
-1.5 0.5 0.094279 
-1.5 0.6 0.224291 
-1.5 0.7 0.722691 
-1.5 0.8 4.924472 
-1.5 0.9 148.303386 
-1.4 -2 0.000000 
-1.4 -1.9 0.000000 
-1.4 -1.8 0.000000 
-1.4 -1.7 0.000000 
-1.4 -1.6 0.000000 
-1.4 -1.5 0.000000 
-1.4 -1.4 0.000000 
-1.4 -1.3 0.000000 
-1.4 -1.2 0.000001 
-1.4 -1.1 0.000002 
-1.4 -1 0.000004 
-1.4 -0.9 0.000018 
-1.4 -0.8 0.000061 
-1.4 -0.7 0.000406 
-1.4 -0.6 0.000927 
-1.4 -0.5 0.001987 
-1.4 -0.4 0.004538 
-1.4 -0.3 0.012269 
-1.4 -0.2 0.029277 
-1.4 -0.1 0.060648 
-1.4 0 0.104979 
-1.4 0.1 0.142676 
-1.4 0.2 0.159128 
-1.4 0.3 0.167218 
-1.4 0.4 0.175122 
-1.4 0.5 0.240486 
-1.4 0.6 0.533452 
-1.4 0.7 1.606625 
-1.4 0.8 10.705397 
-1.4 0.9 236.694870 
-1.3 -2 0.000000 
-1.3 -1.9 0.000000 
-1.3 -1.8 0.000000 
-1.3 -1.7 0.000000 
-1.3 -1.6 0.000000 
-1.3 -1.5 0.000000 
-1.3 -1.4 0.000000 
-1.3 -1.3 0.000001 
-1.3 -1.2 0.000002 
-1.3 -1.1 0.000004 
-1.3 -1 0.000011 
-1.3 -0.9 0.000042 
-1.3 -0.8 0.000144 
-1.3 -0.7 0.000987 
-1.3 -0.6 0.002235 
-1.3 -0.5 0.004666 
-1.3 -0.4 0.010688 
-1.3 -0.3 0.029266 
-1.3 -0.2 0.069722 
-1.3 -0.1 0.144942 
-1.3 0 0.253296 
-1.3 0.1 0.347716 
-1.3 0.2 0.394320 
-1.3 0.3 0.423972 
-1.3 0.4 0.454012 
-1.3 0.5 0.617567 
-1.3 0.6 1.327219 
-1.3 0.7 3.895843 
-1.3 0.8 29.040009 
-1.2 -2 0.000000 
-1.2 -1.9 0.000000 
-1.2 -1.8 0.000000 
-1.2 -1.7 0.000000 
-1.2 -1.6 0.000000 
-1.2 -1.5 0.000000 
-1.2 -1.4 0.000001 
-1.2 -1.3 0.000002 
-1.2 -1.2 0.000004 
-1.2 -1.1 0.000011 
-1.2 -1 0.000026 
-1.2 -0.9 0.000104 
-1.2 -0.8 0.000349 
-1.2 -0.7 0.002427 
-1.2 -0.6 0.005480 
-1.2 -0.5 0.011218 
-1.2 -0.4 0.025709 
-1.2 -0.3 0.071112 
-1.2 -0.2 0.168970 
-1.2 -0.1 0.351899 
-1.2 0 0.617612 
-1.2 0.1 0.852470 
-1.2 0.2 0.975280 
-1.2 0.3 1.062996 
-1.2 0.4 1.156520 
-1.2 0.5 1.585368 
-1.2 0.6 3.402318 
-1.2 0.7 10.147394 
-1.2 0.8 95.342471 
-1.1 -2 0.000000 
-1.1 -1.9 0.000000 
-1.1 -1.8 0.000000 
-1.1 -1.7 0.000000 
-1.1 -1.6 0.000000 
-1.1 -1.5 0.000001 
-1.1 -1.4 0.000003 
-1.1 -1.3 0.000004 
-1.1 -1.2 0.000010 
-1.1 -1.1 0.000026 
-1.1 -1 0.000065 
-1.1 -0.9 0.000257 
-1.1 -0.8 0.000858 
-1.1 -0.7 0.006021 
-1.1 -0.6 0.013551 
-1.1 -0.5 0.027396 
-1.1 -0.4 0.062874 
-1.1 -0.3 0.174661 
-1.1 -0.2 0.414148 
-1.1 -0.1 0.861698 
-1.1 0 1.513986 
-1.1 0.1 2.090690 
-1.1 0.2 2.399640 
-1.1 0.3 2.632801 
-1.1 0.4 2.902512 
-1.1 0.5 4.073744 
-1.1 0.6 8.973227 
-1.1 0.7 28.620843 
-1.1 0.8 259.743724 
-1 -2 0.000000 
-1 -1.9 0.000000 
-1 -1.8 0.000000 
-1 -1.7 0.000000 
-1 -1.6 0.000001 
-1 -1.5 0.000003 
-1 -1.4 0.000007 
-1 -1.3 0.000010 
-1 -1.2 0.000026 
-1 -1.1 0.000066 
-1 -1 0.000161 
-1 -0.9 0.000637 
-1 -0.8 0.002121 
-1 -0.7 0.014994 
-1 -0.6 0.033759 
-1 -0.5 0.067647 
-1 -0.4 0.154980 
-1 -0.3 0.431835 
-1 -0.2 1.020933 
-1 -0.1 2.118492 
-1 0 3.710314 
-1 0.1 5.103840 
-1 0.2 5.848192 
-1 0.3 6.424444 
-1 0.4 7.183775 
-1 0.5 10.541288 
-1 0.6 24.531456 
-1 0.7 89.530766 
-0.9 -2 0.000000 
-0.9 -1.9 0.000000 
-0.9 -1.8 0.000000 
-0.9 -1.7 0.000001 
-0.9 -1.6 0.000002 
-0.9 -1.5 0.000007 
-0.9 -1.4 0.000017 
-0.9 -1.3 0.000024 
-0.9 -1.2 0.000064 
-0.9 -1.1 0.000165 
-0.9 -1 0.000404 
-0.9 -0.9 0.001589 
-0.9 -0.8 0.005276 
-0.9 -0.7 0.037467 
-0.9 -0.6 0.084344 
-0.9 -0.5 0.168108 
-0.9 -0.4 0.384383 
-0.9 -0.3 1.070887 
-0.9 -0.2 2.521921 
-0.9 -0.1 5.202514 
-0.9 0 9.042168 
-0.9 0.1 12.325075 
-0.9 0.2 14.023289 
-0.9 0.3 15.359154 
-0.9 0.4 17.548506 
-0.9 0.5 27.787406 
-0.9 0.6 70.349138 
-0.9 0.7 288.202308 
-0.8 -2 0.000000 
-0.8 -1.9 0.000000 
-0.8 -1.8 0.000001 
-0.8 -1.7 0.000002 
-0.8 -1.6 0.000004 
-0.8 -1.5 0.000018 
-0.8 -1.4 0.000044 
-0.8 -1.3 0.000061 
-0.8 -1.2 0.000162 
-0.8 -1.1 0.000412 
-0.8 -1 0.001012 
-0.8 -0.9 0.003968 
-0.8 -0.8 0.013172 
-0.8 -0.7 0.093823 
-0.8 -0.6 0.211472 
-0.8 -0.5 0.419513 
-0.8 -0.4 0.955892 
-0.8 -0.3 2.656848 
-0.8 -0.2 6.219376 
-0.8 -0.1 12.700322 
-0.8 0 21.762497 
-0.8 0.1 29.184800 
-0.8 0.2 32.765107 
-0.8 0.3 35.693960 
-0.8 0.4 42.518397 
-0.8 0.5 76.016731 
-0.8 0.6 211.762200 
-0.8 0.7 769.900523 
-0.7 -2 0.000000 
-0.7 -1.9 0.000001 
-0.7 -1.8 0.000002 
-0.7 -1.7 0.000005 
-0.7 -1.6 0.000010 
-0.7 -1.5 0.000045 
-0.7 -1.4 0.000109 
-0.7 -1.3 0.000153 
-0.7 -1.2 0.000406 
-0.7 -1.1 0.001032 
-0.7 -1 0.002544 
-0.7 -0.9 0.009917 
-0.7 -0.8 0.032945 
-0.7 -0.7 0.235229 
-0.7 -0.6 0.531380 
-0.7 -0.5 1.050090 
-0.7 -0.4 2.378468 
-0.7 -0.3 6.573851 
-0.7 -0.2 15.243967 
-0.7 -0.1 30.608817 
-0.7 0 51.223821 
-0.7 0.1 66.918080 
-0.7 0.2 73.577576 
-0.7 0.3 80.012121 
-0.7 0.4 103.998177 
-0.7 0.5 219.794808 
-0.7 0.6 634.810286 
-0.6 -2 0.000001 
-0.6 -1.9 0.000002 
-0.6 -1.8 0.000005 
-0.6 -1.7 0.000013 
-0.6 -1.6 0.000025 
-0.6 -1.5 0.000112 
-0.6 -1.4 0.000271 
-0.6 -1.3 0.000388 
-0.6 -1.2 0.001025 
-0.6 -1.1 0.002587 
-0.6 -1 0.006411 
-0.6 -0.9 0.024760 
-0.6 -0.8 0.082478 
-0.6 -0.7 0.590207 
-0.6 -0.6 1.338871 
-0.6 -0.5 2.634501 
-0.6 -0.4 5.906549 
-0.6 -0.3 16.160092 
-0.6 -0.2 36.902317 
-0.6 -0.1 72.091527 
-0.6 0 116.212975 
-0.6 0.1 145.961437 
-0.6 0.2 156.165209 
-0.6 0.3 173.508837 
-0.6 0.4 266.668946 
-0.6 0.5 661.648471 
-0.6 0.6 1647.535731 
-0.5 -2 0.000002 
-0.5 -1.9 0.000005 
-0.5 -1.8 0.000012 
-0.5 -1.7 0.000032 
-0.5 -1.6 0.000063 
-0.5 -1.5 0.000281 
-0.5 -1.4 0.000672 
-0.5 -1.3 0.000985 
-0.5 -1.2 0.002585 
-0.5 -1.1 0.006471 
-0.5 -1 0.016216 
-0.5 -0.9 0.061690 
-0.5 -0.8 0.206416 
-0.5 -0.7 1.482267 
-0.5 -0.6 3.384585 
-0.5 -0.5 6.617598 
-0.5 -0.4 14.596814 
-0.5 -0.3 39.230317 
-0.5 -0.2 87.350443 
-0.5 -0.1 163.361108 
-0.5 0 248.984387 
-0.5 0.1 296.358108 
-0.5 0.2 309.901459 
-0.5 0.3 377.761379 
-0.5 0.4 738.132429 
-0.5 0.5 1869.288045 
-0.4 -2 0.000006 
-0.4 -1.9 0.000012 
-0.4 -1.8 0.000030 
-0.4 -1.7 0.000080 
-0.4 -1.6 0.000159 
-0.4 -1.5 0.000702 
-0.4 -1.4 0.001659 
-0.4 -1.3 0.002531 
-0.4 -1.2 0.006549 
-0.4 -1.1 0.016148 
-0.4 -1 0.041219 
-0.4 -0.9 0.153046 
-0.4 -0.8 0.515683 
-0.4 -0.7 3.722989 
-0.4 -0.6 8.591954 
-0.4 -0.5 16.630936 
-0.4 -0.4 35.703934 
-0.4 -0.3 93.068556 
-0.4 -0.2 198.878135 
-0.4 -0.1 348.128787 
-0.4 0 491.559189 
-0.4 0.1 550.454274 
-0.4 0.2 587.973945 
-0.4 0.3 890.341664 
-0.4 0.4 2058.115095 
-0.4 0.5 4064.326755 
-0.3 -2 0.000015 
-0.3 -1.9 0.000030 
-0.3 -1.8 0.000074 
-0.3 -1.7 0.000198 
-0.3 -1.6 0.000403 
-0.3 -1.5 0.001754 
-0.3 -1.4 0.004073 
-0.3 -1.3 0.006613 
-0.3 -1.2 0.016658 
-0.3 -1.1 0.040160 
-0.3 -1 0.105462 
-0.3 -0.9 0.377171 
-0.3 -0.8 1.281671 
-0.3 -0.7 9.342031 
-0.3 -0.6 21.936311 
-0.3 -0.5 41.738463 
-0.3 -0.4 85.600510 
-0.3 -0.3 211.959820 
-0.3 -0.2 424.543861 
-0.3 -0.1 678.495529 
-0.3 0 876.934420 
-0.3 0.1 945.213453 
-0.3 0.2 1167.085870 
-0.3 0.3 2262.667131 
-0.3 0.4 4727.699817 
-0.2 -2 0.000035 
-0.2 -1.9 0.000078 
-0.2 -1.8 0.000187 
-0.2 -1.7 0.000492 
-0.2 -1.6 0.001013 
-0.2 -1.5 0.004413 
-0.2 -1.4 0.009916 
-0.2 -1.3 0.017723 
-0.2 -1.2 0.042469 
-0.2 -1.1 0.100225 
-0.2 -1 0.271599 
-0.2 -0.9 0.919787 
-0.2 -0.8 3.154842 
-0.2 -0.7 23.373499 
-0.2 -0.6 56.368762 
-0.2 -0.5 104.318888 
-0.2 -0.4 197.559150 
-0.2 -0.3 450.932063 
-0.2 -0.2 822.670809 
-0.2 -0.1 1181.664305 
-0.2 0 1420.331832 
-0.2 0.1 1628.797429 
-0.2 0.2 2592.327024 
-0.2 0.3 5066.069095 
-0.2 0.4 7746.937586 
-0.1 -2 0.000086 
-0.1 -1.9 0.000200 
-0.1 -1.8 0.000474 
-0.1 -1.7 0.001224 
-0.1 -1.6 0.002515 
-0.1 -1.5 0.011091 
-0.1 -1.4 0.023729 
-0.1 -1.3 0.048507 
-0.1 -1.2 0.107088 
-0.1 -1.1 0.257632 
-0.1 -1 0.698850 
-0.1 -0.9 2.230282 
-0.1 -0.8 7.669768 
-0.1 -0.7 58.271947 
-0.1 -0.6 144.699253 
-0.1 -0.5 257.373211 
-0.1 -0.4 428.528585 
-0.1 -0.3 866.983117 
-0.1 -0.2 1418.483160 
-0.1 -0.1 1850.650793 
-0.1 0 2238.379263 
-0.1 0.1 3137.442116 
-0.1 0.2 5430.386198 
-0.1 0.3 8322.797395 
0 -2 0.000198 
0 -1.9 0.000494 
0 -1.8 0.001246 
0 -1.7 0.003250 
0 -1.6 0.006078 
0 -1.5 0.026600 
0 -1.4 0.056726 
0 -1.3 0.134071 
0 -1.2 0.264731 
0 -1.1 0.704218 
0 -1 1.796067 
0 -0.9 5.554273 
0 -0.8 18.511238 
0 -0.7 142.664005 
0 -0.6 365.628020 
0 -0.5 608.935754 
0 -0.4 856.209961 
0 -0.3 1518.293352 
0 -0.2 2263.726084 
0 -0.1 2847.382447 
0 0 3875.265106 
0 0.1 5983.626229 
0 0.2 8667.880551 
0 0.3 10514.983951 
0.1 -2 0.000452 
0.1 -1.9 0.001083 
0.1 -1.8 0.003245 
0.1 -1.7 0.009365 
0.1 -1.6 0.015398 
0.1 -1.5 0.068058 
0.1 -1.4 0.137508 
0.1 -1.3 0.347590 
0.1 -1.2 0.655640 
0.1 -1.1 1.879281 
0.1 -1 4.685368 
0.1 -0.9 14.851479 
0.1 -0.8 45.185754 
0.1 -0.7 336.292387 
0.1 -0.6 895.775923 
0.1 -0.5 1327.611205 
0.1 -0.4 1624.601278 
0.1 -0.3 2691.357417 
0.1 -0.2 3725.949701 
0.1 -0.1 4778.316582 
0.1 0 6739.422775 
0.1 0.1 9074.747634 
0.1 0.2 10821.513110 
0.2 -2 0.000930 
0.2 -1.9 0.002072 
0.2 -1.8 0.007444 
0.2 -1.7 0.025003 
0.2 -1.6 0.046336 
0.2 -1.5 0.170124 
0.2 -1.4 0.293817 
0.2 -1.3 0.940209 
0.2 -1.2 1.645175 
0.2 -1.1 5.078778 
0.2 -1 9.623611 
0.2 -0.9 37.127469 
0.2 -0.8 111.352488 
0.2 -0.7 718.947337 
0.2 -0.6 1970.025488 
0.2 -0.5 2546.692375 
0.2 -0.4 3130.737390 
0.2 -0.3 4959.608237 
0.2 -0.2 6264.082132 
0.2 -0.1 7728.340156 
0.2 0 9598.778885 
0.2 0.1 11063.540312 
0.2 0.2 11872.726891 
0.3 -2 0.002652 
0.3 -1.9 0.006278 
0.3 -1.8 0.021524 
0.3 -1.7 0.046899 
0.3 -1.6 0.125220 
0.3 -1.5 0.373743 
0.3 -1.4 0.809780 
0.3 -1.3 2.151622 
0.3 -1.2 4.411474 
0.3 -1.1 11.700482 
0.3 -1 29.652999 
0.3 -0.9 80.720825 
0.3 -0.8 255.120682 
0.3 -0.7 1388.656319 
0.3 -0.6 3352.637203 
0.3 -0.5 4065.902067 
0.3 -0.4 5614.202028 
0.3 -0.3 7916.821822 
0.3 -0.2 9143.122655 
0.3 -0.1 10261.422939 
0.3 0 11336.107051 
0.3 0.1 12021.071715 
0.4 -2 0.006730 
0.4 -1.9 0.015828 
0.4 -1.8 0.069852 
0.4 -1.7 0.111183 
0.4 -1.6 0.471000 
0.4 -1.5 0.784645 
0.4 -1.4 1.933982 
0.4 -1.3 7.723693 
0.4 -1.2 9.066164 
0.4 -1.1 28.021411 
0.4 -1 66.134335 
0.4 -0.9 227.342554 
0.4 -0.8 584.109447 
0.4 -0.7 1966.713291 
0.4 -0.6 4518.314116 
0.4 -0.5 5795.708647 
0.4 -0.4 8169.134240 
0.4 -0.3 10251.601202 
0.4 -0.2 11082.605220 
0.4 -0.1 11664.047787 
0.4 0 12152.088852 
0.4 0.1 12429.651413 
0.5 -2 0.023129 
0.5 -1.9 0.044953 
0.5 -1.8 0.180543 
0.5 -1.7 0.242652 
0.5 -1.6 0.811596 
0.5 -1.5 2.751918 
0.5 -1.4 3.889818 
0.5 -1.3 13.766773 
0.5 -1.2 27.129910 
0.5 -1.1 62.942196 
0.5 -1 169.426452 
0.5 -0.9 611.302892 
0.5 -0.8 1268.349723 
0.5 -0.7 2668.145287 
0.5 -0.6 5887.718444 
0.5 -0.5 7833.042763 
0.5 -0.4 10189.001654 
0.5 -0.3 11593.017434 
0.5 -0.2 12037.845869 
0.5 -0.1 12297.164787 
0.5 0 12497.588214 
0.6 -2 0.071521 
0.6 -1.9 0.114694 
0.6 -1.8 0.361445 
0.6 -1.7 0.654077 
0.6 -1.6 3.269118 
0.6 -1.5 4.398838 
0.6 -1.4 14.803527 
0.6 -1.3 39.923074 
0.6 -1.2 104.474459 
0.6 -1.1 176.730930 
0.6 -1 414.746309 
0.6 -0.9 1275.881589 
0.6 -0.8 2261.988466 
0.6 -0.7 3952.768172 
0.6 -0.6 7321.684853 
0.6 -0.5 9834.477449 
0.6 -0.4 11513.233469 
0.6 -0.3 12253.304358 
0.6 -0.2 12453.999655 
0.6 -0.1 12561.183442 
0.6 0 12637.859078 
0.7 -2 0.115988 
0.7 -1.9 0.323649 
0.7 -1.8 0.691179 
0.7 -1.7 1.849344 
0.7 -1.6 5.597219 
0.7 -1.5 22.288617 
0.7 -1.4 41.036755 
0.7 -1.3 98.260665 
0.7 -1.2 170.538599 
0.7 -1.1 440.879399 
0.7 -1 979.853919 
0.7 -0.9 2276.966490 
0.7 -0.8 3855.446655 
0.7 -0.7 6540.669164 
0.7 -0.6 9632.054868 
0.7 -0.5 11271.914849 
0.7 -0.4 12208.610595 
0.7 -0.3 12541.035432 
0.7 -0.2 12625.630002 
0.7 -0.1 12667.857141 
0.8 -2 0.277129 
0.8 -1.9 0.859984 
0.8 -1.8 2.059524 
0.8 -1.7 4.819333 
0.8 -1.6 14.018126 
0.8 -1.5 34.188960 
0.8 -1.4 81.220832 
0.8 -1.3 195.277949 
0.8 -1.2 460.473670 
0.8 -1.1 1271.429718 
0.8 -1 2258.885977 
0.8 -0.9 4194.925461 
0.8 -0.8 6468.460319 
0.8 -0.7 8842.972096 
0.8 -0.6 11151.220728 
0.8 -0.5 12107.709989 
0.8 -0.4 12515.267449 
0.8 -0.3 12660.024921 
0.8 -0.2 12694.636397 
0.8 -0.1 12710.317625 
0.9 -2 0.762184 
0.9 -1.9 1.601548 
0.9 -1.8 7.937009 
0.9 -1.7 12.446792 
0.9 -1.6 32.837214 
0.9 -1.5 66.564918 
0.9 -1.4 178.597429 
0.9 -1.3 561.789567 
0.9 -1.2 1191.380443 
0.9 -1.1 2171.659558 
0.9 -1 4391.033529 
0.9 -0.9 6628.022334 
0.9 -0.8 9284.016176 
0.9 -0.7 10979.666117 
0.9 -0.6 12019.316799 
0.9 -0.5 12476.024401 
0.9 -0.4 12647.393488 
0.9 -0.3 12708.278904 
0.9 -0.2 12722.061373 
1 -2 1.678051 
1 -1.9 5.132507 
1 -1.8 14.103627 
1 -1.7 41.366337 
1 -1.6 77.463381 
1 -1.5 187.757656 
1 -1.4 683.366861 
1 -1.3 1146.464811 
1 -1.2 2201.237443 
1 -1.1 3900.705003 
1 -1 6961.181808 
1 -0.9 9054.242197 
1 -0.8 11038.685979 
1 -0.7 11949.903528 
1 -0.6 12437.932476 
1 -0.5 12630.430924 
1 -0.4 12702.976214 
1 -0.3 12727.637218 
1 -0.2 12732.888947 
1.1 -2 4.963166 
1.1 -1.9 21.237433 
1.1 -1.8 26.130505 
1.1 -1.7 107.752145 
1.1 -1.6 181.991514 
1.1 -1.5 373.229701 
1.1 -1.4 1386.112530 
1.1 -1.3 2306.876369 
1.1 -1.2 4275.919549 
1.1 -1.1 6608.802512 
1.1 -1 9363.135466 
1.1 -0.9 10981.559400 
1.1 -0.8 12068.979884 
1.1 -0.7 12417.997427 
1.1 -0.6 12616.100134 
1.1 -0.5 12695.570690 
1.1 -0.4 12725.557842 
1.1 -0.3 12735.345236 
1.2 -2 13.900681 
1.2 -1.9 33.548493 
1.2 -1.8 76.876001 
1.2 -1.7 164.147261 
1.2 -1.6 627.550806 
1.2 -1.5 1654.730252 
1.2 -1.4 2386.741722 
1.2 -1.3 3975.479005 
1.2 -1.2 7083.096247 
1.2 -1.1 8889.456505 
1.2 -1 11033.995679 
1.2 -0.9 11986.008321 
1.2 -0.8 12448.573978 
1.2 -0.7 12602.971318 
1.2 -0.6 12690.000268 
1.2 -0.5 12722.564167 
1.2 -0.4 12734.602467 
1.2 -0.3 12738.393970 
1.3 -2 33.129640 
1.3 -1.9 106.718391 
1.3 -1.8 236.229534 
1.3 -1.7 578.162610 
1.3 -1.6 961.562284 
1.3 -1.5 1911.625152 
1.3 -1.4 3484.970865 
1.3 -1.3 6502.583992 
1.3 -1.2 9140.929155 
1.3 -1.1 10913.668047 
1.3 -1 11908.940489 
1.3 -0.9 12421.274992 
1.3 -0.8 12610.677856 
1.3 -0.7 12684.227944 
1.3 -0.6 12720.259185 
1.3 -0.5 12733.450430 
1.3 -0.4 12738.201522 
1.4 -2 101.894515 
1.4 -1.9 187.641794 
1.4 -1.8 335.643999 
1.4 -1.7 964.969414 
1.4 -1.6 1674.879105 
1.4 -1.5 3894.565514 
1.4 -1.4 6307.614792 
1.4 -1.3 9036.514766 
1.4 -1.2 11134.368717 
1.4 -1.1 12055.799302 
1.4 -1 12458.863618 
1.4 -0.9 12609.417950 
1.4 -0.8 12687.324933 
1.4 -0.7 12718.210837 
1.4 -0.6 12732.511185 
1.4 -0.5 12737.788877 
1.4 -0.4 12739.625056 
1.5 -2 191.792724 
1.5 -1.9 454.604036 
1.5 -1.8 1053.355987 
1.5 -1.7 1882.806106 
1.5 -1.6 4538.793896 
1.5 -1.5 6350.263304 
1.5 -1.4 9217.206859 
1.5 -1.3 11351.425883 
1.5 -1.2 12074.905055 
1.5 -1.1 12417.137724 
1.5 -1 12615.927995 
1.5 -0.9 12690.735044 
1.5 -0.8 12719.525470 
1.5 -0.7 12731.734255 
1.5 -0.6 12737.426984 
1.5 -0.5 12739.509357 
1.6 -2 533.121513 
1.6 -1.9 1196.624402 
1.6 -1.8 2016.422619 
1.6 -1.7 4468.553609 
1.6 -1.6 6318.745823 
1.6 -1.5 9405.064227 
1.6 -1.4 11087.227594 
1.6 -1.3 11934.346403 
1.6 -1.2 12378.326645 
1.6 -1.1 12617.549970 
1.6 -1 12685.660540 
1.6 -0.9 12719.269987 
1.6 -0.8 12732.359128 
1.6 -0.7 12737.137440 
1.6 -0.6 12739.386503 
1.6 -0.5 12740.188427 
1.7 -2 1181.062977 
1.7 -1.9 2167.469929 
1.7 -1.8 3708.190762 
1.7 -1.7 6562.443524 
1.7 -1.6 9327.348489 
1.7 -1.5 11018.886971 
1.7 -1.4 12111.579368 
1.7 -1.3 12440.982577 
1.7 -1.2 12626.088771 
1.7 -1.1 12687.455163 
1.7 -1 12718.826103 
1.7 -0.9 12731.781319 
1.7 -0.8 12737.453191 
1.7 -0.7 12739.283757 
1.7 -0.6 12740.163275 
1.8 -2 1958.860555 
1.8 -1.9 3604.059314 
1.8 -1.8 6933.374909 
1.8 -1.7 8729.707292 
1.8 -1.6 11246.486514 
1.8 -1.5 12019.120790 
1.8 -1.4 12438.961272 
1.8 -1.3 12627.845958 
1.8 -1.2 12681.787170 
1.8 -1.1 12717.872042 
1.8 -1 12732.427444 
1.8 -0.9 12737.114304 
1.8 -0.8 12739.427559 
1.8 -0.7 12740.133271 
1.8 -0.6 12740.469614 
1.9 -2 4489.951916 
1.9 -1.9 5834.329277 
1.9 -1.8 9490.299378 
1.9 -1.7 10963.908175 
1.9 -1.6 12055.311041 
1.9 -1.5 12450.521150 
1.9 -1.4 12589.903873 
1.9 -1.3 12685.176509 
1.9 -1.2 12719.664850 
1.9 -1.1 12732.019839 
1.9 -1 12737.520140 
1.9 -0.9 12739.268351 
1.9 -0.8 12740.196452 
1.9 -0.7 12740.468825 
2 -2 7155.306972 
2 -1.9 9368.421263 
2 -1.8 11276.289014 
2 -1.7 12041.335837 
2 -1.6 12405.155607 
2 -1.5 12629.310438 
2 -1.4 12696.007141 
2 -1.3 12714.171122 
2 -1.2 12733.389607 
2 -1.1 12737.590715 
2 -1 12739.465762 
2 -0.9 12740.127859 
2 -0.8 12740.498080 
2 -0.7 12740.600964 
