-3 -1 0.000000 
-3 -0.95 0.000000 
-3 -0.9 0.000000 
-3 -0.85 0.000000 
-3 -0.8 0.000000 
-3 -0.75 0.000001 
-3 -0.7 0.000001 
-3 -0.65 0.000002 
-3 -0.6 0.000003 
-3 -0.55 0.000009 
-3 -0.5 0.000018 
-3 -0.45 0.000029 
-3 -0.4 0.000039 
-3 -0.35 0.000049 
-3 -0.3 0.000069 
-3 -0.25 0.000104 
-3 -0.2 0.000157 
-3 -0.15 0.000222 
-3 -0.1 0.000282 
-3 -0.05 0.000319 
-3 0 0.000365 
-3 0.05 0.000396 
-3 0.1 0.000416 
-3 0.15 0.000439 
-3 0.2 0.000468 
-3 0.25 0.000500 
-3 0.3 0.000564 
-3 0.35 0.000657 
-3 0.4 0.000935 
-3 0.45 0.001562 
-3 0.5 0.002971 
-3 0.55 0.006195 
-3 0.6 0.013354 
-3 0.65 0.028519 
-3 0.7 0.069381 
-3 0.75 0.171815 
-3 0.8 0.465444 
-2.95 -1 0.000000 
-2.95 -0.95 0.000000 
-2.95 -0.9 0.000000 
-2.95 -0.85 0.000000 
-2.95 -0.8 0.000000 
-2.95 -0.75 0.000001 
-2.95 -0.7 0.000001 
-2.95 -0.65 0.000002 
-2.95 -0.6 0.000003 
-2.95 -0.55 0.000009 
-2.95 -0.5 0.000018 
-2.95 -0.45 0.000029 
-2.95 -0.4 0.000040 
-2.95 -0.35 0.000050 
-2.95 -0.3 0.000070 
-2.95 -0.25 0.000105 
-2.95 -0.2 0.000157 
-2.95 -0.15 0.000225 
-2.95 -0.1 0.000283 
-2.95 -0.05 0.000321 
-2.95 0 0.000367 
-2.95 0.05 0.000398 
-2.95 0.1 0.000416 
-2.95 0.15 0.000441 
-2.95 0.2 0.000471 
-2.95 0.25 0.000503 
-2.95 0.3 0.000563 
-2.95 0.35 0.000660 
-2.95 0.4 0.000938 
-2.95 0.45 0.001566 
-2.95 0.5 0.002967 
-2.95 0.55 0.006169 
-2.95 0.6 0.013310 
-2.95 0.65 0.028466 
-2.95 0.7 0.069313 
-2.95 0.75 0.171576 
-2.95 0.8 0.465385 
-2.9 -1 0.000000 
-2.9 -0.95 0.000000 
-2.9 -0.9 0.000000 
-2.9 -0.85 0.000000 
-2.9 -0.8 0.000000 
-2.9 -0.75 0.000001 
-2.9 -0.7 0.000001 
-2.9 -0.65 0.000002 
-2.9 -0.6 0.000003 
-2.9 -0.55 0.000009 
-2.9 -0.5 0.000017 
-2.9 -0.45 0.000029 
-2.9 -0.4 0.000040 
-2.9 -0.35 0.000050 
-2.9 -0.3 0.000070 
-2.9 -0.25 0.000106 
-2.9 -0.2 0.000158 
-2.9 -0.15 0.000226 
-2.9 -0.1 0.000282 
-2.9 -0.05 0.000323 
-2.9 0 0.000369 
-2.9 0.05 0.000400 
-2.9 0.1 0.000419 
-2.9 0.15 0.000446 
-2.9 0.2 0.000471 
-2.9 0.25 0.000505 
-2.9 0.3 0.000570 
-2.9 0.35 0.000664 
-2.9 0.4 0.000937 
-2.9 0.45 0.001558 
-2.9 0.5 0.002962 
-2.9 0.55 0.006150 
-2.9 0.6 0.013309 
-2.9 0.65 0.028392 
-2.9 0.7 0.069213 
-2.9 0.75 0.171544 
-2.9 0.8 0.465108 
-2.85 -1 0.000000 
-2.85 -0.95 0.000000 
-2.85 -0.9 0.000000 
-2.85 -0.85 0.000000 
-2.85 -0.8 0.000000 
-2.85 -0.75 0.000001 
-2.85 -0.7 0.000001 
-2.85 -0.65 0.000002 
-2.85 -0.6 0.000004 
-2.85 -0.55 0.000009 
-2.85 -0.5 0.000018 
-2.85 -0.45 0.000029 
-2.85 -0.4 0.000040 
-2.85 -0.35 0.000050 
-2.85 -0.3 0.000070 
-2.85 -0.25 0.000107 
-2.85 -0.2 0.000159 
-2.85 -0.15 0.000226 
-2.85 -0.1 0.000285 
-2.85 -0.05 0.000326 
-2.85 0 0.000371 
-2.85 0.05 0.000404 
-2.85 0.1 0.000423 
-2.85 0.15 0.000448 
-2.85 0.2 0.000478 
-2.85 0.25 0.000510 
-2.85 0.3 0.000577 
-2.85 0.35 0.000666 
-2.85 0.4 0.000939 
-2.85 0.45 0.001552 
-2.85 0.5 0.002942 
-2.85 0.55 0.006128 
-2.85 0.6 0.013227 
-2.85 0.65 0.028339 
-2.85 0.7 0.069104 
-2.85 0.75 0.171280 
-2.85 0.8 0.464707 
-2.8 -1 0.000000 
-2.8 -0.95 0.000000 
-2.8 -0.9 0.000000 
-2.8 -0.85 0.000000 
-2.8 -0.8 0.000000 
-2.8 -0.75 0.000001 
-2.8 -0.7 0.000001 
-2.8 -0.65 0.000002 
-2.8 -0.6 0.000004 
-2.8 -0.55 0.000009 
-2.8 -0.5 0.000018 
-2.8 -0.45 0.000030 
-2.8 -0.4 0.000041 
-2.8 -0.35 0.000050 
-2.8 -0.3 0.000071 
-2.8 -0.25 0.000108 
-2.8 -0.2 0.000159 
-2.8 -0.15 0.000229 
-2.8 -0.1 0.000288 
-2.8 -0.05 0.000328 
-2.8 0 0.000375 
-2.8 0.05 0.000407 
-2.8 0.1 0.000428 
-2.8 0.15 0.000454 
-2.8 0.2 0.000479 
-2.8 0.25 0.000515 
-2.8 0.3 0.000577 
-2.8 0.35 0.000671 
-2.8 0.4 0.000939 
-2.8 0.45 0.001550 
-2.8 0.5 0.002942 
-2.8 0.55 0.006116 
-2.8 0.6 0.013203 
-2.8 0.65 0.028250 
-2.8 0.7 0.068909 
-2.8 0.75 0.170995 
-2.8 0.8 0.464494 
-2.75 -1 0.000000 
-2.75 -0.95 0.000000 
-2.75 -0.9 0.000000 
-2.75 -0.85 0.000000 
-2.75 -0.8 0.000000 
-2.75 -0.75 0.000001 
-2.75 -0.7 0.000001 
-2.75 -0.65 0.000002 
-2.75 -0.6 0.000004 
-2.75 -0.55 0.000009 
-2.75 -0.5 0.000018 
-2.75 -0.45 0.000030 
-2.75 -0.4 0.000040 
-2.75 -0.35 0.000051 
-2.75 -0.3 0.000072 
-2.75 -0.25 0.000109 
-2.75 -0.2 0.000162 
-2.75 -0.15 0.000231 
-2.75 -0.1 0.000289 
-2.75 -0.05 0.000332 
-2.75 0 0.000380 
-2.75 0.05 0.000413 
-2.75 0.1 0.000432 
-2.75 0.15 0.000460 
-2.75 0.2 0.000488 
-2.75 0.25 0.000523 
-2.75 0.3 0.000584 
-2.75 0.35 0.000675 
-2.75 0.4 0.000942 
-2.75 0.45 0.001548 
-2.75 0.5 0.002923 
-2.75 0.55 0.006069 
-2.75 0.6 0.013104 
-2.75 0.65 0.028107 
-2.75 0.7 0.068741 
-2.75 0.75 0.170700 
-2.75 0.8 0.464089 
-2.7 -1 0.000000 
-2.7 -0.95 0.000000 
-2.7 -0.9 0.000000 
-2.7 -0.85 0.000000 
-2.7 -0.8 0.000000 
-2.7 -0.75 0.000001 
-2.7 -0.7 0.000001 
-2.7 -0.65 0.000002 
-2.7 -0.6 0.000004 
-2.7 -0.55 0.000009 
-2.7 -0.5 0.000018 
-2.7 -0.45 0.000030 
-2.7 -0.4 0.000041 
-2.7 -0.35 0.000051 
-2.7 -0.3 0.000072 
-2.7 -0.25 0.000109 
-2.7 -0.2 0.000163 
-2.7 -0.15 0.000233 
-2.7 -0.1 0.000292 
-2.7 -0.05 0.000336 
-2.7 0 0.000385 
-2.7 0.05 0.000419 
-2.7 0.1 0.000442 
-2.7 0.15 0.000467 
-2.7 0.2 0.000496 
-2.7 0.25 0.000530 
-2.7 0.3 0.000590 
-2.7 0.35 0.000684 
-2.7 0.4 0.000947 
-2.7 0.45 0.001544 
-2.7 0.5 0.002925 
-2.7 0.55 0.006029 
-2.7 0.6 0.013058 
-2.7 0.65 0.027937 
-2.7 0.7 0.068458 
-2.7 0.75 0.170224 
-2.7 0.8 0.463557 
-2.65 -1 0.000000 
-2.65 -0.95 0.000000 
-2.65 -0.9 0.000000 
-2.65 -0.85 0.000000 
-2.65 -0.8 0.000000 
-2.65 -0.75 0.000001 
-2.65 -0.7 0.000001 
-2.65 -0.65 0.000002 
-2.65 -0.6 0.000004 
-2.65 -0.55 0.000009 
-2.65 -0.5 0.000018 
-2.65 -0.45 0.000030 
-2.65 -0.4 0.000042 
-2.65 -0.35 0.000052 
-2.65 -0.3 0.000074 
-2.65 -0.25 0.000111 
-2.65 -0.2 0.000166 
-2.65 -0.15 0.000236 
-2.65 -0.1 0.000298 
-2.65 -0.05 0.000342 
-2.65 0 0.000392 
-2.65 0.05 0.000428 
-2.65 0.1 0.000451 
-2.65 0.15 0.000480 
-2.65 0.2 0.000505 
-2.65 0.25 0.000539 
-2.65 0.3 0.000602 
-2.65 0.35 0.000692 
-2.65 0.4 0.000947 
-2.65 0.45 0.001540 
-2.65 0.5 0.002884 
-2.65 0.55 0.005972 
-2.65 0.6 0.012928 
-2.65 0.65 0.027761 
-2.65 0.7 0.068178 
-2.65 0.75 0.169712 
-2.65 0.8 0.462954 
-2.6 -1 0.000000 
-2.6 -0.95 0.000000 
-2.6 -0.9 0.000000 
-2.6 -0.85 0.000000 
-2.6 -0.8 0.000000 
-2.6 -0.75 0.000001 
-2.6 -0.7 0.000001 
-2.6 -0.65 0.000002 
-2.6 -0.6 0.000004 
-2.6 -0.55 0.000009 
-2.6 -0.5 0.000019 
-2.6 -0.45 0.000031 
-2.6 -0.4 0.000042 
-2.6 -0.35 0.000053 
-2.6 -0.3 0.000075 
-2.6 -0.25 0.000113 
-2.6 -0.2 0.000168 
-2.6 -0.15 0.000242 
-2.6 -0.1 0.000304 
-2.6 -0.05 0.000350 
-2.6 0 0.000401 
-2.6 0.05 0.000438 
-2.6 0.1 0.000462 
-2.6 0.15 0.000491 
-2.6 0.2 0.000518 
-2.6 0.25 0.000556 
-2.6 0.3 0.000619 
-2.6 0.35 0.000704 
-2.6 0.4 0.000956 
-2.6 0.45 0.001537 
-2.6 0.5 0.002852 
-2.6 0.55 0.005928 
-2.6 0.6 0.012815 
-2.6 0.65 0.027534 
-2.6 0.7 0.067747 
-2.6 0.75 0.169195 
-2.6 0.8 0.462135 
-2.55 -1 0.000000 
-2.55 -0.95 0.000000 
-2.55 -0.9 0.000000 
-2.55 -0.85 0.000000 
-2.55 -0.8 0.000000 
-2.55 -0.75 0.000001 
-2.55 -0.7 0.000001 
-2.55 -0.65 0.000002 
-2.55 -0.6 0.000004 
-2.55 -0.55 0.000010 
-2.55 -0.5 0.000019 
-2.55 -0.45 0.000031 
-2.55 -0.4 0.000043 
-2.55 -0.35 0.000054 
-2.55 -0.3 0.000077 
-2.55 -0.25 0.000116 
-2.55 -0.2 0.000173 
-2.55 -0.15 0.000247 
-2.55 -0.1 0.000310 
-2.55 -0.05 0.000358 
-2.55 0 0.000413 
-2.55 0.05 0.000453 
-2.55 0.1 0.000479 
-2.55 0.15 0.000505 
-2.55 0.2 0.000539 
-2.55 0.25 0.000572 
-2.55 0.3 0.000634 
-2.55 0.35 0.000719 
-2.55 0.4 0.000967 
-2.55 0.45 0.001528 
-2.55 0.5 0.002813 
-2.55 0.55 0.005824 
-2.55 0.6 0.012659 
-2.55 0.65 0.027233 
-2.55 0.7 0.067245 
-2.55 0.75 0.168383 
-2.55 0.8 0.460791 
-2.5 -1 0.000000 
-2.5 -0.95 0.000000 
-2.5 -0.9 0.000000 
-2.5 -0.85 0.000000 
-2.5 -0.8 0.000000 
-2.5 -0.75 0.000001 
-2.5 -0.7 0.000001 
-2.5 -0.65 0.000002 
-2.5 -0.6 0.000004 
-2.5 -0.55 0.000010 
-2.5 -0.5 0.000019 
-2.5 -0.45 0.000032 
-2.5 -0.4 0.000044 
-2.5 -0.35 0.000055 
-2.5 -0.3 0.000079 
-2.5 -0.25 0.000119 
-2.5 -0.2 0.000176 
-2.5 -0.15 0.000254 
-2.5 -0.1 0.000322 
-2.5 -0.05 0.000370 
-2.5 0 0.000427 
-2.5 0.05 0.000470 
-2.5 0.1 0.000498 
-2.5 0.15 0.000530 
-2.5 0.2 0.000560 
-2.5 0.25 0.000602 
-2.5 0.3 0.000657 
-2.5 0.35 0.000739 
-2.5 0.4 0.000979 
-2.5 0.45 0.001522 
-2.5 0.5 0.002784 
-2.5 0.55 0.005738 
-2.5 0.6 0.012470 
-2.5 0.65 0.026930 
-2.5 0.7 0.066636 
-2.5 0.75 0.167321 
-2.5 0.8 0.459640 
-2.45 -1 0.000000 
-2.45 -0.95 0.000000 
-2.45 -0.9 0.000000 
-2.45 -0.85 0.000000 
-2.45 -0.8 0.000000 
-2.45 -0.75 0.000001 
-2.45 -0.7 0.000001 
-2.45 -0.65 0.000002 
-2.45 -0.6 0.000004 
-2.45 -0.55 0.000010 
-2.45 -0.5 0.000020 
-2.45 -0.45 0.000033 
-2.45 -0.4 0.000045 
-2.45 -0.35 0.000057 
-2.45 -0.3 0.000082 
-2.45 -0.25 0.000124 
-2.45 -0.2 0.000184 
-2.45 -0.15 0.000264 
-2.45 -0.1 0.000335 
-2.45 -0.05 0.000385 
-2.45 0 0.000447 
-2.45 0.05 0.000492 
-2.45 0.1 0.000520 
-2.45 0.15 0.000558 
-2.45 0.2 0.000591 
-2.45 0.25 0.000633 
-2.45 0.3 0.000689 
-2.45 0.35 0.000774 
-2.45 0.4 0.001004 
-2.45 0.45 0.001506 
-2.45 0.5 0.002752 
-2.45 0.55 0.005629 
-2.45 0.6 0.012248 
-2.45 0.65 0.026486 
-2.45 0.7 0.065842 
-2.45 0.75 0.165913 
-2.45 0.8 0.457806 
-2.4 -1 0.000000 
-2.4 -0.95 0.000000 
-2.4 -0.9 0.000000 
-2.4 -0.85 0.000000 
-2.4 -0.8 0.000000 
-2.4 -0.75 0.000001 
-2.4 -0.7 0.000002 
-2.4 -0.65 0.000002 
-2.4 -0.6 0.000004 
-2.4 -0.55 0.000011 
-2.4 -0.5 0.000021 
-2.4 -0.45 0.000034 
-2.4 -0.4 0.000047 
-2.4 -0.35 0.000060 
-2.4 -0.3 0.000085 
-2.4 -0.25 0.000129 
-2.4 -0.2 0.000192 
-2.4 -0.15 0.000277 
-2.4 -0.1 0.000351 
-2.4 -0.05 0.000407 
-2.4 0 0.000471 
-2.4 0.05 0.000522 
-2.4 0.1 0.000555 
-2.4 0.15 0.000593 
-2.4 0.2 0.000633 
-2.4 0.25 0.000674 
-2.4 0.3 0.000735 
-2.4 0.35 0.000813 
-2.4 0.4 0.001023 
-2.4 0.45 0.001516 
-2.4 0.5 0.002691 
-2.4 0.55 0.005503 
-2.4 0.6 0.011934 
-2.4 0.65 0.025984 
-2.4 0.7 0.064874 
-2.4 0.75 0.164419 
-2.4 0.8 0.455762 
-2.35 -1 0.000000 
-2.35 -0.95 0.000000 
-2.35 -0.9 0.000000 
-2.35 -0.85 0.000000 
-2.35 -0.8 0.000001 
-2.35 -0.75 0.000001 
-2.35 -0.7 0.000002 
-2.35 -0.65 0.000003 
-2.35 -0.6 0.000005 
-2.35 -0.55 0.000011 
-2.35 -0.5 0.000021 
-2.35 -0.45 0.000036 
-2.35 -0.4 0.000049 
-2.35 -0.35 0.000063 
-2.35 -0.3 0.000090 
-2.35 -0.25 0.000137 
-2.35 -0.2 0.000203 
-2.35 -0.15 0.000292 
-2.35 -0.1 0.000373 
-2.35 -0.05 0.000432 
-2.35 0 0.000504 
-2.35 0.05 0.000561 
-2.35 0.1 0.000596 
-2.35 0.15 0.000647 
-2.35 0.2 0.000685 
-2.35 0.25 0.000732 
-2.35 0.3 0.000791 
-2.35 0.35 0.000873 
-2.35 0.4 0.001057 
-2.35 0.45 0.001531 
-2.35 0.5 0.002636 
-2.35 0.55 0.005324 
-2.35 0.6 0.011580 
-2.35 0.65 0.025296 
-2.35 0.7 0.063651 
-2.35 0.75 0.162426 
-2.35 0.8 0.453308 
-2.3 -1 0.000000 
-2.3 -0.95 0.000000 
-2.3 -0.9 0.000000 
-2.3 -0.85 0.000000 
-2.3 -0.8 0.000001 
-2.3 -0.75 0.000001 
-2.3 -0.7 0.000002 
-2.3 -0.65 0.000003 
-2.3 -0.6 0.000005 
-2.3 -0.55 0.000012 
-2.3 -0.5 0.000022 
-2.3 -0.45 0.000037 
-2.3 -0.4 0.000051 
-2.3 -0.35 0.000067 
-2.3 -0.3 0.000096 
-2.3 -0.25 0.000146 
-2.3 -0.2 0.000216 
-2.3 -0.15 0.000312 
-2.3 -0.1 0.000398 
-2.3 -0.05 0.000467 
-2.3 0 0.000547 
-2.3 0.05 0.000612 
-2.3 0.1 0.000654 
-2.3 0.15 0.000708 
-2.3 0.2 0.000757 
-2.3 0.25 0.000808 
-2.3 0.3 0.000876 
-2.3 0.35 0.000948 
-2.3 0.4 0.001133 
-2.3 0.45 0.001553 
-2.3 0.5 0.002593 
-2.3 0.55 0.005144 
-2.3 0.6 0.011183 
-2.3 0.65 0.024517 
-2.3 0.7 0.062191 
-2.3 0.75 0.159885 
-2.3 0.8 0.449930 
-2.25 -1 0.000000 
-2.25 -0.95 0.000000 
-2.25 -0.9 0.000000 
-2.25 -0.85 0.000000 
-2.25 -0.8 0.000001 
-2.25 -0.75 0.000001 
-2.25 -0.7 0.000002 
-2.25 -0.65 0.000003 
-2.25 -0.6 0.000006 
-2.25 -0.55 0.000013 
-2.25 -0.5 0.000024 
-2.25 -0.45 0.000039 
-2.25 -0.4 0.000055 
-2.25 -0.35 0.000072 
-2.25 -0.3 0.000105 
-2.25 -0.25 0.000157 
-2.25 -0.2 0.000234 
-2.25 -0.15 0.000337 
-2.25 -0.1 0.000433 
-2.25 -0.05 0.000513 
-2.25 0 0.000604 
-2.25 0.05 0.000675 
-2.25 0.1 0.000730 
-2.25 0.15 0.000794 
-2.25 0.2 0.000846 
-2.25 0.25 0.000909 
-2.25 0.3 0.000990 
-2.25 0.35 0.001056 
-2.25 0.4 0.001217 
-2.25 0.45 0.001595 
-2.25 0.5 0.002546 
-2.25 0.55 0.004931 
-2.25 0.6 0.010690 
-2.25 0.65 0.023559 
-2.25 0.7 0.060331 
-2.25 0.75 0.157024 
-2.25 0.8 0.446125 
-2.2 -1 0.000000 
-2.2 -0.95 0.000000 
-2.2 -0.9 0.000000 
-2.2 -0.85 0.000000 
-2.2 -0.8 0.000001 
-2.2 -0.75 0.000001 
-2.2 -0.7 0.000002 
-2.2 -0.65 0.000004 
-2.2 -0.6 0.000006 
-2.2 -0.55 0.000014 
-2.2 -0.5 0.000026 
-2.2 -0.45 0.000043 
-2.2 -0.4 0.000060 
-2.2 -0.35 0.000079 
-2.2 -0.3 0.000115 
-2.2 -0.25 0.000175 
-2.2 -0.2 0.000256 
-2.2 -0.15 0.000371 
-2.2 -0.1 0.000482 
-2.2 -0.05 0.000569 
-2.2 0 0.000677 
-2.2 0.05 0.000768 
-2.2 0.1 0.000837 
-2.2 0.15 0.000907 
-2.2 0.2 0.000983 
-2.2 0.25 0.001049 
-2.2 0.3 0.001144 
-2.2 0.35 0.001218 
-2.2 0.4 0.001364 
-2.2 0.45 0.001687 
-2.2 0.5 0.002524 
-2.2 0.55 0.004725 
-2.2 0.6 0.010147 
-2.2 0.65 0.022401 
-2.2 0.7 0.058094 
-2.2 0.75 0.153062 
-2.2 0.8 0.441175 
-2.15 -1 0.000000 
-2.15 -0.95 0.000000 
-2.15 -0.9 0.000000 
-2.15 -0.85 0.000000 
-2.15 -0.8 0.000001 
-2.15 -0.75 0.000002 
-2.15 -0.7 0.000003 
-2.15 -0.65 0.000004 
-2.15 -0.6 0.000007 
-2.15 -0.55 0.000015 
-2.15 -0.5 0.000028 
-2.15 -0.45 0.000047 
-2.15 -0.4 0.000067 
-2.15 -0.35 0.000088 
-2.15 -0.3 0.000129 
-2.15 -0.25 0.000196 
-2.15 -0.2 0.000288 
-2.15 -0.15 0.000419 
-2.15 -0.1 0.000543 
-2.15 -0.05 0.000646 
-2.15 0 0.000779 
-2.15 0.05 0.000891 
-2.15 0.1 0.000974 
-2.15 0.15 0.001067 
-2.15 0.2 0.001161 
-2.15 0.25 0.001254 
-2.15 0.3 0.001365 
-2.15 0.35 0.001448 
-2.15 0.4 0.001563 
-2.15 0.45 0.001848 
-2.15 0.5 0.002575 
-2.15 0.55 0.004548 
-2.15 0.6 0.009474 
-2.15 0.65 0.021143 
-2.15 0.7 0.055365 
-2.15 0.75 0.148655 
-2.15 0.8 0.435297 
-2.1 -1 0.000000 
-2.1 -0.95 0.000000 
-2.1 -0.9 0.000000 
-2.1 -0.85 0.000000 
-2.1 -0.8 0.000001 
-2.1 -0.75 0.000002 
-2.1 -0.7 0.000003 
-2.1 -0.65 0.000005 
-2.1 -0.6 0.000008 
-2.1 -0.55 0.000018 
-2.1 -0.5 0.000032 
-2.1 -0.45 0.000052 
-2.1 -0.4 0.000075 
-2.1 -0.35 0.000100 
-2.1 -0.3 0.000149 
-2.1 -0.25 0.000225 
-2.1 -0.2 0.000332 
-2.1 -0.15 0.000480 
-2.1 -0.1 0.000628 
-2.1 -0.05 0.000757 
-2.1 0 0.000921 
-2.1 0.05 0.001055 
-2.1 0.1 0.001164 
-2.1 0.15 0.001284 
-2.1 0.2 0.001408 
-2.1 0.25 0.001524 
-2.1 0.3 0.001690 
-2.1 0.35 0.001786 
-2.1 0.4 0.001900 
-2.1 0.45 0.002136 
-2.1 0.5 0.002726 
-2.1 0.55 0.004437 
-2.1 0.6 0.008854 
-2.1 0.65 0.019567 
-2.1 0.7 0.052381 
-2.1 0.75 0.143216 
-2.1 0.8 0.428195 
-2.05 -1 0.000000 
-2.05 -0.95 0.000000 
-2.05 -0.9 0.000000 
-2.05 -0.85 0.000001 
-2.05 -0.8 0.000001 
-2.05 -0.75 0.000002 
-2.05 -0.7 0.000004 
-2.05 -0.65 0.000006 
-2.05 -0.6 0.000010 
-2.05 -0.55 0.000020 
-2.05 -0.5 0.000037 
-2.05 -0.45 0.000060 
-2.05 -0.4 0.000086 
-2.05 -0.35 0.000117 
-2.05 -0.3 0.000176 
-2.05 -0.25 0.000266 
-2.05 -0.2 0.000387 
-2.05 -0.15 0.000568 
-2.05 -0.1 0.000745 
-2.05 -0.05 0.000907 
-2.05 0 0.001108 
-2.05 0.05 0.001288 
-2.05 0.1 0.001433 
-2.05 0.15 0.001595 
-2.05 0.2 0.001758 
-2.05 0.25 0.001932 
-2.05 0.3 0.002142 
-2.05 0.35 0.002298 
-2.05 0.4 0.002415 
-2.05 0.45 0.002613 
-2.05 0.5 0.003089 
-2.05 0.55 0.004469 
-2.05 0.6 0.008318 
-2.05 0.65 0.017987 
-2.05 0.7 0.048854 
-2.05 0.75 0.136463 
-2.05 0.8 0.418949 
-2 -1 0.000000 
-2 -0.95 0.000000 
-2 -0.9 0.000000 
-2 -0.85 0.000001 
-2 -0.8 0.000001 
-2 -0.75 0.000003 
-2 -0.7 0.000005 
-2 -0.65 0.000008 
-2 -0.6 0.000012 
-2 -0.55 0.000025 
-2 -0.5 0.000044 
-2 -0.45 0.000070 
-2 -0.4 0.000101 
-2 -0.35 0.000139 
-2 -0.3 0.000212 
-2 -0.25 0.000320 
-2 -0.2 0.000469 
-2 -0.15 0.000684 
-2 -0.1 0.000902 
-2 -0.05 0.001107 
-2 0 0.001372 
-2 0.05 0.001619 
-2 0.1 0.001808 
-2 0.15 0.002043 
-2 0.2 0.002262 
-2 0.25 0.002524 
-2 0.3 0.002820 
-2 0.35 0.003054 
-2 0.4 0.003228 
-2 0.45 0.003432 
-2 0.5 0.003767 
-2 0.55 0.004842 
-2 0.6 0.008005 
-2 0.65 0.016410 
-2 0.7 0.044748 
-2 0.75 0.128612 
-2 0.8 0.408589 
-1.95 -1 0.000000 
-1.95 -0.95 0.000000 
-1.95 -0.9 0.000000 
-1.95 -0.85 0.000001 
-1.95 -0.8 0.000001 
-1.95 -0.75 0.000003 
-1.95 -0.7 0.000006 
-1.95 -0.65 0.000010 
-1.95 -0.6 0.000016 
-1.95 -0.55 0.000030 
-1.95 -0.5 0.000052 
-1.95 -0.45 0.000083 
-1.95 -0.4 0.000122 
-1.95 -0.35 0.000170 
-1.95 -0.3 0.000263 
-1.95 -0.25 0.000396 
-1.95 -0.2 0.000580 
-1.95 -0.15 0.000845 
-1.95 -0.1 0.001130 
-1.95 -0.05 0.001396 
-1.95 0 0.001755 
-1.95 0.05 0.002075 
-1.95 0.1 0.002358 
-1.95 0.15 0.002673 
-1.95 0.2 0.003015 
-1.95 0.25 0.003384 
-1.95 0.3 0.003839 
-1.95 0.35 0.004213 
-1.95 0.4 0.004517 
-1.95 0.45 0.004757 
-1.95 0.5 0.005034 
-1.95 0.55 0.005756 
-1.95 0.6 0.008154 
-1.95 0.65 0.015180 
-1.95 0.7 0.040523 
-1.95 0.75 0.119986 
-1.95 0.8 0.396401 
-1.9 -1 0.000000 
-1.9 -0.95 0.000000 
-1.9 -0.9 0.000000 
-1.9 -0.85 0.000001 
-1.9 -0.8 0.000002 
-1.9 -0.75 0.000004 
-1.9 -0.7 0.000008 
-1.9 -0.65 0.000014 
-1.9 -0.6 0.000021 
-1.9 -0.55 0.000038 
-1.9 -0.5 0.000064 
-1.9 -0.45 0.000103 
-1.9 -0.4 0.000151 
-1.9 -0.35 0.000216 
-1.9 -0.3 0.000337 
-1.9 -0.25 0.000507 
-1.9 -0.2 0.000735 
-1.9 -0.15 0.001082 
-1.9 -0.1 0.001452 
-1.9 -0.05 0.001815 
-1.9 0 0.002293 
-1.9 0.05 0.002747 
-1.9 0.1 0.003144 
-1.9 0.15 0.003620 
-1.9 0.2 0.004120 
-1.9 0.25 0.004674 
-1.9 0.3 0.005357 
-1.9 0.35 0.005984 
-1.9 0.4 0.006485 
-1.9 0.45 0.006920 
-1.9 0.5 0.007213 
-1.9 0.55 0.007704 
-1.9 0.6 0.009340 
-1.9 0.65 0.014714 
-1.9 0.7 0.036498 
-1.9 0.75 0.110121 
-1.9 0.8 0.381621 
-1.85 -1 0.000000 
-1.85 -0.95 0.000000 
-1.85 -0.9 0.000000 
-1.85 -0.85 0.000001 
-1.85 -0.8 0.000002 
-1.85 -0.75 0.000006 
-1.85 -0.7 0.000011 
-1.85 -0.65 0.000019 
-1.85 -0.6 0.000028 
-1.85 -0.55 0.000050 
-1.85 -0.5 0.000082 
-1.85 -0.45 0.000129 
-1.85 -0.4 0.000193 
-1.85 -0.35 0.000280 
-1.85 -0.3 0.000440 
-1.85 -0.25 0.000662 
-1.85 -0.2 0.000963 
-1.85 -0.15 0.001410 
-1.85 -0.1 0.001906 
-1.85 -0.05 0.002400 
-1.85 0 0.003089 
-1.85 0.05 0.003726 
-1.85 0.1 0.004306 
-1.85 0.15 0.005004 
-1.85 0.2 0.005742 
-1.85 0.25 0.006594 
-1.85 0.3 0.007708 
-1.85 0.35 0.008697 
-1.85 0.4 0.009651 
-1.85 0.45 0.010380 
-1.85 0.5 0.010930 
-1.85 0.55 0.011318 
-1.85 0.6 0.012261 
-1.85 0.65 0.015834 
-1.85 0.7 0.033441 
-1.85 0.75 0.099864 
-1.85 0.8 0.366056 
-1.8 -1 0.000000 
-1.8 -0.95 0.000000 
-1.8 -0.9 0.000001 
-1.8 -0.85 0.000002 
-1.8 -0.8 0.000003 
-1.8 -0.75 0.000008 
-1.8 -0.7 0.000016 
-1.8 -0.65 0.000026 
-1.8 -0.6 0.000039 
-1.8 -0.55 0.000067 
-1.8 -0.5 0.000107 
-1.8 -0.45 0.000168 
-1.8 -0.4 0.000254 
-1.8 -0.35 0.000372 
-1.8 -0.3 0.000594 
-1.8 -0.25 0.000890 
-1.8 -0.2 0.001290 
-1.8 -0.15 0.001890 
-1.8 -0.1 0.002573 
-1.8 -0.05 0.003273 
-1.8 0 0.004248 
-1.8 0.05 0.005170 
-1.8 0.1 0.006044 
-1.8 0.15 0.007054 
-1.8 0.2 0.008177 
-1.8 0.25 0.009506 
-1.8 0.3 0.011222 
-1.8 0.35 0.012932 
-1.8 0.4 0.014547 
-1.8 0.45 0.016017 
-1.8 0.5 0.017224 
-1.8 0.55 0.017821 
-1.8 0.6 0.018298 
-1.8 0.65 0.019995 
-1.8 0.7 0.032767 
-1.8 0.75 0.090507 
-1.8 0.8 0.349862 
-1.75 -1 0.000000 
-1.75 -0.95 0.000001 
-1.75 -0.9 0.000001 
-1.75 -0.85 0.000003 
-1.75 -0.8 0.000004 
-1.75 -0.75 0.000011 
-1.75 -0.7 0.000023 
-1.75 -0.65 0.000038 
-1.75 -0.6 0.000055 
-1.75 -0.55 0.000091 
-1.75 -0.5 0.000144 
-1.75 -0.45 0.000224 
-1.75 -0.4 0.000340 
-1.75 -0.35 0.000511 
-1.75 -0.3 0.000819 
-1.75 -0.25 0.001224 
-1.75 -0.2 0.001768 
-1.75 -0.15 0.002596 
-1.75 -0.1 0.003551 
-1.75 -0.05 0.004563 
-1.75 0 0.005970 
-1.75 0.05 0.007328 
-1.75 0.1 0.008643 
-1.75 0.15 0.010159 
-1.75 0.2 0.011922 
-1.75 0.25 0.013984 
-1.75 0.3 0.016665 
-1.75 0.35 0.019502 
-1.75 0.4 0.022353 
-1.75 0.45 0.025110 
-1.75 0.5 0.027475 
-1.75 0.55 0.029015 
-1.75 0.6 0.029589 
-1.75 0.65 0.029755 
-1.75 0.7 0.036868 
-1.75 0.75 0.083771 
-1.75 0.8 0.334638 
-1.7 -1 0.000000 
-1.7 -0.95 0.000001 
-1.7 -0.9 0.000001 
-1.7 -0.85 0.000004 
-1.7 -0.8 0.000006 
-1.7 -0.75 0.000016 
-1.7 -0.7 0.000033 
-1.7 -0.65 0.000055 
-1.7 -0.6 0.000079 
-1.7 -0.55 0.000128 
-1.7 -0.5 0.000198 
-1.7 -0.45 0.000304 
-1.7 -0.4 0.000468 
-1.7 -0.35 0.000715 
-1.7 -0.3 0.001151 
-1.7 -0.25 0.001725 
-1.7 -0.2 0.002479 
-1.7 -0.15 0.003646 
-1.7 -0.1 0.005028 
-1.7 -0.05 0.006488 
-1.7 0 0.008572 
-1.7 0.05 0.010586 
-1.7 0.1 0.012573 
-1.7 0.15 0.014928 
-1.7 0.2 0.017617 
-1.7 0.25 0.020853 
-1.7 0.3 0.025123 
-1.7 0.35 0.029617 
-1.7 0.4 0.034572 
-1.7 0.45 0.039546 
-1.7 0.5 0.044336 
-1.7 0.55 0.047824 
-1.7 0.6 0.049416 
-1.7 0.65 0.048599 
-1.7 0.7 0.049905 
-1.7 0.75 0.083453 
-1.7 0.8 0.322191 
-1.65 -1 0.000000 
-1.65 -0.95 0.000001 
-1.65 -0.9 0.000002 
-1.65 -0.85 0.000005 
-1.65 -0.8 0.000008 
-1.65 -0.75 0.000024 
-1.65 -0.7 0.000049 
-1.65 -0.65 0.000082 
-1.65 -0.6 0.000116 
-1.65 -0.55 0.000183 
-1.65 -0.5 0.000277 
-1.65 -0.45 0.000426 
-1.65 -0.4 0.000659 
-1.65 -0.35 0.001015 
-1.65 -0.3 0.001656 
-1.65 -0.25 0.002476 
-1.65 -0.2 0.003548 
-1.65 -0.15 0.005233 
-1.65 -0.1 0.007218 
-1.65 -0.05 0.009408 
-1.65 0 0.012497 
-1.65 0.05 0.015536 
-1.65 0.1 0.018555 
-1.65 0.15 0.022192 
-1.65 0.2 0.026389 
-1.65 0.25 0.031455 
-1.65 0.3 0.038181 
-1.65 0.35 0.045551 
-1.65 0.4 0.053912 
-1.65 0.45 0.062744 
-1.65 0.5 0.071467 
-1.65 0.55 0.079037 
-1.65 0.6 0.083661 
-1.65 0.65 0.083317 
-1.65 0.7 0.078621 
-1.65 0.75 0.095563 
-1.65 0.8 0.319707 
-1.6 -1 0.000001 
-1.6 -0.95 0.000002 
-1.6 -0.9 0.000003 
-1.6 -0.85 0.000008 
-1.6 -0.8 0.000012 
-1.6 -0.75 0.000035 
-1.6 -0.7 0.000074 
-1.6 -0.65 0.000123 
-1.6 -0.6 0.000173 
-1.6 -0.55 0.000266 
-1.6 -0.5 0.000397 
-1.6 -0.45 0.000604 
-1.6 -0.4 0.000947 
-1.6 -0.35 0.001476 
-1.6 -0.3 0.002418 
-1.6 -0.25 0.003616 
-1.6 -0.2 0.005178 
-1.6 -0.15 0.007616 
-1.6 -0.1 0.010585 
-1.6 -0.05 0.013841 
-1.6 0 0.018478 
-1.6 0.05 0.023117 
-1.6 0.1 0.027804 
-1.6 0.15 0.033378 
-1.6 0.2 0.039953 
-1.6 0.25 0.047939 
-1.6 0.3 0.058636 
-1.6 0.35 0.070610 
-1.6 0.4 0.084435 
-1.6 0.45 0.099468 
-1.6 0.5 0.115525 
-1.6 0.55 0.130086 
-1.6 0.6 0.141239 
-1.6 0.65 0.143865 
-1.6 0.7 0.133699 
-1.6 0.75 0.129199 
-1.55 -1 0.000001 
-1.55 -0.95 0.000003 
-1.55 -0.9 0.000005 
-1.55 -0.85 0.000012 
-1.55 -0.8 0.000017 
-1.55 -0.75 0.000052 
-1.55 -0.7 0.000112 
-1.55 -0.65 0.000187 
-1.55 -0.6 0.000260 
-1.55 -0.55 0.000394 
-1.55 -0.5 0.000580 
-1.55 -0.45 0.000876 
-1.55 -0.4 0.001382 
-1.55 -0.35 0.002177 
-1.55 -0.3 0.003579 
-1.55 -0.25 0.005350 
-1.55 -0.2 0.007635 
-1.55 -0.15 0.011288 
-1.55 -0.1 0.015683 
-1.55 -0.05 0.020612 
-1.55 0 0.027702 
-1.55 0.05 0.034809 
-1.55 0.1 0.042018 
-1.55 0.15 0.050696 
-1.55 0.2 0.060954 
-1.55 0.25 0.073534 
-1.55 0.3 0.090429 
-1.55 0.35 0.109727 
-1.55 0.4 0.132532 
-1.55 0.45 0.157987 
-1.55 0.5 0.185817 
-1.55 0.55 0.213339 
-1.55 0.6 0.236253 
-1.55 0.65 0.246222 
-1.55 0.7 0.232142 
-1.55 0.75 0.199720 
-1.5 -1 0.000002 
-1.5 -0.95 0.000005 
-1.5 -0.9 0.000007 
-1.5 -0.85 0.000018 
-1.5 -0.8 0.000026 
-1.5 -0.75 0.000080 
-1.5 -0.7 0.000172 
-1.5 -0.65 0.000285 
-1.5 -0.6 0.000394 
-1.5 -0.55 0.000592 
-1.5 -0.5 0.000858 
-1.5 -0.45 0.001290 
-1.5 -0.4 0.002044 
-1.5 -0.35 0.003245 
-1.5 -0.3 0.005379 
-1.5 -0.25 0.008025 
-1.5 -0.2 0.011440 
-1.5 -0.15 0.016888 
-1.5 -0.1 0.023558 
-1.5 -0.05 0.031088 
-1.5 0 0.041963 
-1.5 0.05 0.052834 
-1.5 0.1 0.064079 
-1.5 0.15 0.077736 
-1.5 0.2 0.093737 
-1.5 0.25 0.113531 
-1.5 0.3 0.140428 
-1.5 0.35 0.171195 
-1.5 0.4 0.208598 
-1.5 0.45 0.251024 
-1.5 0.5 0.298449 
-1.5 0.55 0.346867 
-1.5 0.6 0.391247 
-1.5 0.65 0.416363 
-1.5 0.7 0.401634 
-1.5 0.75 0.329354 
-1.45 -1 0.000003 
-1.45 -0.95 0.000007 
-1.45 -0.9 0.000011 
-1.45 -0.85 0.000027 
-1.45 -0.8 0.000039 
-1.45 -0.75 0.000122 
-1.45 -0.7 0.000263 
-1.45 -0.65 0.000439 
-1.45 -0.6 0.000606 
-1.45 -0.55 0.000895 
-1.45 -0.5 0.001285 
-1.45 -0.45 0.001924 
-1.45 -0.4 0.003068 
-1.45 -0.35 0.004905 
-1.45 -0.3 0.008147 
-1.45 -0.25 0.012160 
-1.45 -0.2 0.017321 
-1.45 -0.15 0.025530 
-1.45 -0.1 0.035733 
-1.45 -0.05 0.047306 
-1.45 0 0.064056 
-1.45 0.05 0.080994 
-1.45 0.1 0.098465 
-1.45 0.15 0.119713 
-1.45 0.2 0.144815 
-1.45 0.25 0.176137 
-1.45 0.3 0.218768 
-1.45 0.35 0.268049 
-1.45 0.4 0.328582 
-1.45 0.45 0.397949 
-1.45 0.5 0.477388 
-1.45 0.55 0.561344 
-1.45 0.6 0.641623 
-1.45 0.65 0.694206 
-1.45 0.7 0.682690 
-1.45 0.75 0.549263 
-1.4 -1 0.000004 
-1.4 -0.95 0.000011 
-1.4 -0.9 0.000017 
-1.4 -0.85 0.000042 
-1.4 -0.8 0.000059 
-1.4 -0.75 0.000187 
-1.4 -0.7 0.000407 
-1.4 -0.65 0.000683 
-1.4 -0.6 0.000934 
-1.4 -0.55 0.001366 
-1.4 -0.5 0.001945 
-1.4 -0.45 0.002903 
-1.4 -0.4 0.004642 
-1.4 -0.35 0.007478 
-1.4 -0.3 0.012463 
-1.4 -0.25 0.018590 
-1.4 -0.2 0.026419 
-1.4 -0.15 0.038996 
-1.4 -0.1 0.054590 
-1.4 -0.05 0.072530 
-1.4 0 0.098470 
-1.4 0.05 0.124707 
-1.4 0.1 0.152105 
-1.4 0.15 0.185387 
-1.4 0.2 0.224819 
-1.4 0.25 0.274326 
-1.4 0.3 0.341452 
-1.4 0.35 0.420201 
-1.4 0.4 0.517398 
-1.4 0.45 0.630691 
-1.4 0.5 0.761330 
-1.4 0.55 0.902679 
-1.4 0.6 1.042407 
-1.4 0.65 1.141614 
-1.4 0.7 1.138016 
-1.35 -1 0.000007 
-1.35 -0.95 0.000017 
-1.35 -0.9 0.000026 
-1.35 -0.85 0.000064 
-1.35 -0.8 0.000091 
-1.35 -0.75 0.000290 
-1.35 -0.7 0.000635 
-1.35 -0.65 0.001061 
-1.35 -0.6 0.001448 
-1.35 -0.55 0.002101 
-1.35 -0.5 0.002970 
-1.35 -0.45 0.004411 
-1.35 -0.4 0.007096 
-1.35 -0.35 0.011480 
-1.35 -0.3 0.019189 
-1.35 -0.25 0.028596 
-1.35 -0.2 0.040628 
-1.35 -0.15 0.059890 
-1.35 -0.1 0.084017 
-1.35 -0.05 0.111811 
-1.35 0 0.152114 
-1.35 0.05 0.193199 
-1.35 0.1 0.235999 
-1.35 0.15 0.288120 
-1.35 0.2 0.350395 
-1.35 0.25 0.428205 
-1.35 0.3 0.534562 
-1.35 0.35 0.659626 
-1.35 0.4 0.815920 
-1.35 0.45 0.997808 
-1.35 0.5 1.211196 
-1.35 0.55 1.444967 
-1.35 0.6 1.681518 
-1.35 0.65 1.854881 
-1.35 0.7 1.858567 
-1.3 -1 0.000011 
-1.3 -0.95 0.000027 
-1.3 -0.9 0.000041 
-1.3 -0.85 0.000101 
-1.3 -0.8 0.000142 
-1.3 -0.75 0.000451 
-1.3 -0.7 0.000990 
-1.3 -0.65 0.001658 
-1.3 -0.6 0.002253 
-1.3 -0.55 0.003253 
-1.3 -0.5 0.004564 
-1.3 -0.45 0.006781 
-1.3 -0.4 0.010929 
-1.3 -0.35 0.017732 
-1.3 -0.3 0.029701 
-1.3 -0.25 0.044231 
-1.3 -0.2 0.062783 
-1.3 -0.15 0.092608 
-1.3 -0.1 0.130063 
-1.3 -0.05 0.173080 
-1.3 0 0.236060 
-1.3 0.05 0.300269 
-1.3 0.1 0.367379 
-1.3 0.15 0.449114 
-1.3 0.2 0.546957 
-1.3 0.25 0.669771 
-1.3 0.3 0.837589 
-1.3 0.35 1.035683 
-1.3 0.4 1.285127 
-1.3 0.45 1.576063 
-1.3 0.5 1.921144 
-1.3 0.55 2.300704 
-1.3 0.6 2.689063 
-1.3 0.65 2.976470 
-1.3 0.7 2.967250 
-1.25 -1 0.000017 
-1.25 -0.95 0.000042 
-1.25 -0.9 0.000065 
-1.25 -0.85 0.000157 
-1.25 -0.8 0.000220 
-1.25 -0.75 0.000705 
-1.25 -0.7 0.001549 
-1.25 -0.65 0.002594 
-1.25 -0.6 0.003521 
-1.25 -0.55 0.005056 
-1.25 -0.5 0.007061 
-1.25 -0.45 0.010468 
-1.25 -0.4 0.016905 
-1.25 -0.35 0.027528 
-1.25 -0.3 0.046192 
-1.25 -0.25 0.068776 
-1.25 -0.2 0.097471 
-1.25 -0.15 0.143821 
-1.25 -0.1 0.202055 
-1.25 -0.05 0.269249 
-1.25 0 0.367576 
-1.25 0.05 0.467735 
-1.25 0.1 0.572869 
-1.25 0.15 0.701593 
-1.25 0.2 0.855360 
-1.25 0.25 1.048781 
-1.25 0.3 1.313303 
-1.25 0.35 1.626580 
-1.25 0.4 2.021481 
-1.25 0.45 2.485130 
-1.25 0.5 3.036484 
-1.25 0.55 3.645859 
-1.25 0.6 4.268665 
-1.25 0.65 4.718474 
-1.2 -1 0.000027 
-1.2 -0.95 0.000067 
-1.2 -0.9 0.000102 
-1.2 -0.85 0.000245 
-1.2 -0.8 0.000343 
-1.2 -0.75 0.001104 
-1.2 -0.7 0.002431 
-1.2 -0.65 0.004076 
-1.2 -0.6 0.005523 
-1.2 -0.55 0.007893 
-1.2 -0.5 0.010987 
-1.2 -0.45 0.016235 
-1.2 -0.4 0.026288 
-1.2 -0.35 0.042931 
-1.2 -0.3 0.072076 
-1.2 -0.25 0.107312 
-1.2 -0.2 0.151951 
-1.2 -0.15 0.224015 
-1.2 -0.1 0.314928 
-1.2 -0.05 0.420028 
-1.2 0 0.573679 
-1.2 0.05 0.730480 
-1.2 0.1 0.895536 
-1.2 0.15 1.096796 
-1.2 0.2 1.338902 
-1.2 0.25 1.643005 
-1.2 0.3 2.058817 
-1.2 0.35 2.551670 
-1.2 0.4 3.176518 
-1.2 0.45 3.911031 
-1.2 0.5 4.782600 
-1.2 0.55 5.749399 
-1.2 0.6 6.726704 
-1.2 0.65 7.378010 
-1.15 -1 0.000043 
-1.15 -0.95 0.000105 
-1.15 -0.9 0.000161 
-1.15 -0.85 0.000384 
-1.15 -0.8 0.000538 
-1.15 -0.75 0.001734 
-1.15 -0.7 0.003825 
-1.15 -0.65 0.006417 
-1.15 -0.6 0.008677 
-1.15 -0.55 0.012370 
-1.15 -0.5 0.017144 
-1.15 -0.45 0.025311 
-1.15 -0.4 0.041045 
-1.15 -0.35 0.067124 
-1.15 -0.3 0.112793 
-1.15 -0.25 0.167824 
-1.15 -0.2 0.237473 
-1.15 -0.15 0.350199 
-1.15 -0.1 0.491725 
-1.15 -0.05 0.656289 
-1.15 0 0.896794 
-1.15 0.05 1.142044 
-1.15 0.1 1.400638 
-1.15 0.15 1.716714 
-1.15 0.2 2.095355 
-1.15 0.25 2.572719 
-1.15 0.3 3.226819 
-1.15 0.35 4.001132 
-1.15 0.4 4.980970 
-1.15 0.45 6.136143 
-1.15 0.5 7.506765 
-1.15 0.55 9.017582 
-1.15 0.6 10.507056 
-1.1 -1 0.000068 
-1.1 -0.95 0.000166 
-1.1 -0.9 0.000255 
-1.1 -0.85 0.000604 
-1.1 -0.8 0.000845 
-1.1 -0.75 0.002727 
-1.1 -0.7 0.006028 
-1.1 -0.65 0.010101 
-1.1 -0.6 0.013660 
-1.1 -0.55 0.019425 
-1.1 -0.5 0.026840 
-1.1 -0.45 0.039570 
-1.1 -0.4 0.064219 
-1.1 -0.35 0.105252 
-1.1 -0.3 0.176847 
-1.1 -0.25 0.263159 
-1.1 -0.2 0.371857 
-1.1 -0.15 0.547974 
-1.1 -0.1 0.769849 
-1.1 -0.05 1.026849 
-1.1 0 1.402999 
-1.1 0.05 1.786859 
-1.1 0.1 2.190203 
-1.1 0.15 2.684541 
-1.1 0.2 3.279653 
-1.1 0.25 4.026842 
-1.1 0.3 5.049939 
-1.1 0.35 6.261920 
-1.1 0.4 7.794516 
-1.1 0.45 9.598046 
-1.1 0.5 11.727690 
-1.1 0.55 14.051178 
-1.1 0.6 16.247516 
-1.05 -1 0.000109 
-1.05 -0.95 0.000261 
-1.05 -0.9 0.000403 
-1.05 -0.85 0.000951 
-1.05 -0.8 0.001330 
-1.05 -0.75 0.004297 
-1.05 -0.7 0.009510 
-1.05 -0.65 0.015942 
-1.05 -0.6 0.021539 
-1.05 -0.55 0.030547 
-1.05 -0.5 0.042147 
-1.05 -0.45 0.062030 
-1.05 -0.4 0.100781 
-1.05 -0.35 0.165312 
-1.05 -0.3 0.277946 
-1.05 -0.25 0.413185 
-1.05 -0.2 0.583267 
-1.05 -0.15 0.858731 
-1.05 -0.1 1.205704 
-1.05 -0.05 1.607174 
-1.05 0 2.195255 
-1.05 0.05 2.793833 
-1.05 0.1 3.424076 
-1.05 0.15 4.195982 
-1.05 0.2 5.126901 
-1.05 0.25 6.294307 
-1.05 0.3 7.890586 
-1.05 0.35 9.777755 
-1.05 0.4 12.155180 
-1.05 0.45 14.950491 
-1.05 0.5 18.226757 
-1.05 0.55 21.730342 
-1 -1 0.000172 
-1 -0.95 0.000413 
-1 -0.9 0.000635 
-1 -0.85 0.001499 
-1 -0.8 0.002094 
-1 -0.75 0.006775 
-1 -0.7 0.015006 
-1 -0.65 0.025181 
-1 -0.6 0.033996 
-1 -0.55 0.048145 
-1 -0.5 0.066273 
-1 -0.45 0.097473 
-1 -0.4 0.158436 
-1 -0.35 0.259986 
-1 -0.3 0.437169 
-1 -0.25 0.649361 
-1 -0.2 0.915767 
-1 -0.15 1.346905 
-1 -0.1 1.889133 
-1 -0.05 2.516045 
-1 0 3.433060 
-1 0.05 4.365453 
-1 0.1 5.345663 
-1 0.15 6.548075 
-1 0.2 8.000538 
-1 0.25 9.813875 
-1 0.3 12.292458 
-1 0.35 15.218419 
-1 0.4 18.882967 
-1 0.45 23.171625 
-1 0.5 28.140691 
-1 0.55 33.296344 
-0.95 -1 0.000273 
-0.95 -0.95 0.000653 
-0.95 -0.9 0.001005 
-0.95 -0.85 0.002363 
-0.95 -0.8 0.003302 
-0.95 -0.75 0.010698 
-0.95 -0.7 0.023715 
-0.95 -0.65 0.039816 
-0.95 -0.6 0.053728 
-0.95 -0.55 0.075985 
-0.95 -0.5 0.104449 
-0.95 -0.45 0.153357 
-0.95 -0.4 0.249399 
-0.95 -0.35 0.409342 
-0.95 -0.3 0.688272 
-0.95 -0.25 1.021287 
-0.95 -0.2 1.438272 
-0.95 -0.15 2.112580 
-0.95 -0.1 2.959627 
-0.95 -0.05 3.935164 
-0.95 0 5.362525 
-0.95 0.05 6.808076 
-0.95 0.1 8.328553 
-0.95 0.15 10.196750 
-0.95 0.2 12.447607 
-0.95 0.25 15.257803 
-0.95 0.3 19.085539 
-0.95 0.35 23.584577 
-0.95 0.4 29.186211 
-0.95 0.45 35.689543 
-0.95 0.5 43.104097 
-0.9 -1 0.000433 
-0.9 -0.95 0.001034 
-0.9 -0.9 0.001589 
-0.9 -0.85 0.003735 
-0.9 -0.8 0.005212 
-0.9 -0.75 0.016899 
-0.9 -0.7 0.037516 
-0.9 -0.65 0.063012 
-0.9 -0.6 0.084949 
-0.9 -0.55 0.120030 
-0.9 -0.5 0.164680 
-0.9 -0.45 0.241625 
-0.9 -0.4 0.392854 
-0.9 -0.35 0.644689 
-0.9 -0.3 1.084028 
-0.9 -0.25 1.606551 
-0.9 -0.2 2.258808 
-0.9 -0.15 3.313236 
-0.9 -0.1 4.633147 
-0.9 -0.05 6.146887 
-0.9 0 8.359003 
-0.9 0.05 10.590417 
-0.9 0.1 12.934757 
-0.9 0.15 15.816193 
-0.9 0.2 19.298124 
-0.9 0.25 23.620602 
-0.9 0.3 29.492764 
-0.9 0.35 36.343083 
-0.9 0.4 44.811505 
-0.9 0.45 54.532333 
-0.85 -1 0.000687 
-0.85 -0.95 0.001636 
-0.85 -0.9 0.002513 
-0.85 -0.85 0.005908 
-0.85 -0.8 0.008236 
-0.85 -0.75 0.026711 
-0.85 -0.7 0.059321 
-0.85 -0.65 0.099710 
-0.85 -0.6 0.134441 
-0.85 -0.55 0.189878 
-0.85 -0.5 0.260146 
-0.85 -0.45 0.381093 
-0.85 -0.4 0.619603 
-0.85 -0.35 1.016129 
-0.85 -0.3 1.707323 
-0.85 -0.25 2.527116 
-0.85 -0.2 3.545804 
-0.85 -0.15 5.190643 
-0.85 -0.1 7.239237 
-0.85 -0.05 9.577942 
-0.85 0 12.993287 
-0.85 0.05 16.418414 
-0.85 0.1 20.007504 
-0.85 0.15 24.428835 
-0.85 0.2 29.773709 
-0.85 0.25 36.368843 
-0.85 0.3 45.287970 
-0.85 0.35 55.627234 
-0.85 0.4 68.234705 
-0.8 -1 0.001089 
-0.8 -0.95 0.002590 
-0.8 -0.9 0.003973 
-0.8 -0.85 0.009343 
-0.8 -0.8 0.013017 
-0.8 -0.75 0.042222 
-0.8 -0.7 0.093889 
-0.8 -0.65 0.157919 
-0.8 -0.6 0.212990 
-0.8 -0.55 0.300516 
-0.8 -0.5 0.411127 
-0.8 -0.45 0.601719 
-0.8 -0.4 0.977263 
-0.8 -0.35 1.601453 
-0.8 -0.3 2.688316 
-0.8 -0.25 3.972525 
-0.8 -0.2 5.559829 
-0.8 -0.15 8.118217 
-0.8 -0.1 11.286749 
-0.8 -0.05 14.876605 
-0.8 0 20.110338 
-0.8 0.05 25.330569 
-0.8 0.1 30.778086 
-0.8 0.15 37.506828 
-0.8 0.2 45.644304 
-0.8 0.25 55.599741 
-0.8 0.3 69.011872 
-0.8 0.35 84.375242 
-0.8 0.4 102.831748 
-0.75 -1 0.001729 
-0.75 -0.95 0.004101 
-0.75 -0.9 0.006284 
-0.75 -0.85 0.014781 
-0.75 -0.8 0.020589 
-0.75 -0.75 0.066783 
-0.75 -0.7 0.148639 
-0.75 -0.65 0.250236 
-0.75 -0.6 0.337457 
-0.75 -0.55 0.476038 
-0.75 -0.5 0.650608 
-0.75 -0.45 0.950337 
-0.75 -0.4 1.541527 
-0.75 -0.35 2.523476 
-0.75 -0.3 4.230426 
-0.75 -0.25 6.237552 
-0.75 -0.2 8.702468 
-0.75 -0.15 12.664298 
-0.75 -0.1 17.536855 
-0.75 -0.05 23.003038 
-0.75 0 30.963160 
-0.75 0.05 38.831248 
-0.75 0.1 47.015186 
-0.75 0.15 57.158410 
-0.75 0.2 69.421502 
-0.75 0.25 84.267609 
-0.75 0.3 104.138166 
-0.75 0.35 126.590672 
-0.7 -1 0.002741 
-0.7 -0.95 0.006494 
-0.7 -0.9 0.009936 
-0.7 -0.85 0.023408 
-0.7 -0.8 0.032573 
-0.7 -0.75 0.105622 
-0.7 -0.7 0.235408 
-0.7 -0.65 0.396710 
-0.7 -0.6 0.535110 
-0.7 -0.55 0.754695 
-0.7 -0.5 1.029789 
-0.7 -0.45 1.501524 
-0.7 -0.4 2.432200 
-0.7 -0.35 3.973625 
-0.7 -0.3 6.650392 
-0.7 -0.25 9.778482 
-0.7 -0.2 13.588062 
-0.7 -0.15 19.689954 
-0.7 -0.1 27.122016 
-0.7 -0.05 35.363767 
-0.7 0 47.339649 
-0.7 0.05 59.056531 
-0.7 0.1 71.181503 
-0.7 0.15 86.282344 
-0.7 0.2 104.524995 
-0.7 0.25 126.319393 
-0.7 0.3 155.230005 
-0.65 -1 0.004351 
-0.65 -0.95 0.010287 
-0.65 -0.9 0.015707 
-0.65 -0.85 0.037077 
-0.65 -0.8 0.051539 
-0.65 -0.75 0.167047 
-0.65 -0.7 0.372843 
-0.65 -0.65 0.629068 
-0.65 -0.6 0.849002 
-0.65 -0.55 1.197558 
-0.65 -0.5 1.630852 
-0.65 -0.45 2.372543 
-0.65 -0.4 3.835699 
-0.65 -0.35 6.250911 
-0.65 -0.3 10.437867 
-0.65 -0.25 15.292903 
-0.65 -0.2 21.143661 
-0.65 -0.15 30.472569 
-0.65 -0.1 41.698208 
-0.65 -0.05 53.951782 
-0.65 0 71.727540 
-0.65 0.05 88.907171 
-0.65 0.1 106.591121 
-0.65 0.15 128.735072 
-0.65 0.2 155.451571 
-0.65 0.25 186.804467 
-0.6 -1 0.006911 
-0.6 -0.95 0.016295 
-0.6 -0.9 0.024820 
-0.6 -0.85 0.058742 
-0.6 -0.8 0.081556 
-0.6 -0.75 0.264182 
-0.6 -0.7 0.590620 
-0.6 -0.65 0.998221 
-0.6 -0.6 1.348074 
-0.6 -0.55 1.902049 
-0.6 -0.5 2.584369 
-0.6 -0.45 3.749559 
-0.6 -0.4 6.044685 
-0.6 -0.35 9.817677 
-0.6 -0.3 16.344535 
-0.6 -0.25 23.838092 
-0.6 -0.2 32.746420 
-0.6 -0.15 46.869865 
-0.6 -0.1 63.601274 
-0.6 -0.05 81.510654 
-0.6 0 107.456370 
-0.6 0.05 132.189350 
-0.6 0.1 157.476215 
-0.6 0.15 189.395042 
-0.6 0.2 227.801143 
-0.55 -1 0.010980 
-0.55 -0.95 0.025818 
-0.55 -0.9 0.039182 
-0.55 -0.85 0.093119 
-0.55 -0.8 0.129069 
-0.55 -0.75 0.417617 
-0.55 -0.7 0.935983 
-0.55 -0.65 1.584701 
-0.55 -0.6 2.142145 
-0.55 -0.55 3.023177 
-0.55 -0.5 4.096329 
-0.55 -0.45 5.923116 
-0.55 -0.4 9.514397 
-0.55 -0.35 15.386936 
-0.55 -0.3 25.514792 
-0.55 -0.25 36.996301 
-0.55 -0.2 50.403658 
-0.55 -0.15 71.503003 
-0.55 -0.1 96.024642 
-0.55 -0.05 121.638299 
-0.55 0 158.742006 
-0.55 0.05 193.582461 
-0.55 0.1 228.952218 
-0.55 0.15 274.014395 
-0.5 -1 0.017453 
-0.5 -0.95 0.040931 
-0.5 -0.9 0.061832 
-0.5 -0.85 0.147687 
-0.5 -0.8 0.204200 
-0.5 -0.75 0.659787 
-0.5 -0.7 1.483216 
-0.5 -0.65 2.517557 
-0.5 -0.6 3.406829 
-0.5 -0.55 4.810400 
-0.5 -0.5 6.495932 
-0.5 -0.45 9.353424 
-0.5 -0.4 14.952040 
-0.5 -0.35 24.042761 
-0.5 -0.3 39.661594 
-0.5 -0.25 57.077872 
-0.5 -0.2 76.954612 
-0.5 -0.15 107.949389 
-0.5 -0.1 143.114018 
-0.5 -0.05 178.761727 
-0.5 0 230.557258 
-0.5 0.05 278.509722 
-0.5 0.1 326.700765 
-0.45 -1 0.027757 
-0.45 -0.95 0.064916 
-0.45 -0.9 0.097452 
-0.45 -0.85 0.234404 
-0.45 -0.8 0.322981 
-0.45 -0.75 1.041670 
-0.45 -0.7 2.350494 
-0.45 -0.65 4.002406 
-0.45 -0.6 5.424162 
-0.45 -0.55 7.662801 
-0.45 -0.5 10.303802 
-0.45 -0.45 14.757807 
-0.45 -0.4 23.442269 
-0.45 -0.35 37.417122 
-0.45 -0.3 61.300230 
-0.45 -0.25 87.371804 
-0.45 -0.2 116.240479 
-0.45 -0.15 160.775965 
-0.45 -0.1 209.864031 
-0.45 -0.05 257.879465 
-0.45 0 328.244069 
-0.45 0.05 392.628577 
-0.4 -1 0.044196 
-0.4 -0.95 0.103074 
-0.4 -0.9 0.153393 
-0.4 -0.85 0.372423 
-0.4 -0.8 0.510434 
-0.4 -0.75 1.642665 
-0.4 -0.7 3.725332 
-0.4 -0.65 6.367490 
-0.4 -0.6 8.645963 
-0.4 -0.55 12.222276 
-0.4 -0.5 16.344948 
-0.4 -0.45 23.260417 
-0.4 -0.4 36.630564 
-0.4 -0.35 57.912953 
-0.4 -0.3 94.011207 
-0.4 -0.25 132.367692 
-0.4 -0.2 173.173302 
-0.4 -0.15 235.369910 
-0.4 -0.1 301.673503 
-0.4 -0.05 364.010610 
-0.4 0 456.880786 
-0.4 0.05 541.386887 
-0.35 -1 0.070410 
-0.35 -0.95 0.163871 
-0.35 -0.9 0.241092 
-0.35 -0.85 0.592412 
-0.35 -0.8 0.805819 
-0.35 -0.75 2.587017 
-0.35 -0.7 5.902015 
-0.35 -0.65 10.137837 
-0.35 -0.6 13.801020 
-0.35 -0.55 19.521729 
-0.35 -0.5 25.927728 
-0.35 -0.45 36.601878 
-0.35 -0.4 56.967078 
-0.35 -0.35 88.982333 
-0.35 -0.3 142.703885 
-0.35 -0.25 197.814694 
-0.35 -0.2 253.455770 
-0.35 -0.15 337.347714 
-0.35 -0.1 423.539262 
-0.35 -0.05 501.435864 
-0.35 0 620.630278 
-0.3 -1 0.112299 
-0.3 -0.95 0.261039 
-0.3 -0.9 0.378242 
-0.3 -0.85 0.943988 
-0.3 -0.8 1.269872 
-0.3 -0.75 4.067780 
-0.3 -0.7 9.347469 
-0.3 -0.65 16.151324 
-0.3 -0.6 22.064703 
-0.3 -0.55 31.224033 
-0.3 -0.5 41.116789 
-0.3 -0.45 57.468348 
-0.3 -0.4 88.011096 
-0.3 -0.35 135.391383 
-0.3 -0.3 213.671279 
-0.3 -0.25 290.454398 
-0.3 -0.2 362.873678 
-0.3 -0.15 471.482000 
-0.3 -0.1 578.973325 
-0.3 -0.05 673.146832 
-0.25 -1 0.179268 
-0.25 -0.95 0.416647 
-0.25 -0.9 0.591949 
-0.25 -0.85 1.507303 
-0.25 -0.8 1.996766 
-0.25 -0.75 6.385529 
-0.25 -0.7 14.792895 
-0.25 -0.65 25.746577 
-0.25 -0.6 35.336662 
-0.25 -0.55 50.002839 
-0.25 -0.5 65.161792 
-0.25 -0.45 89.910978 
-0.25 -0.4 134.711183 
-0.25 -0.35 203.358233 
-0.25 -0.3 314.316689 
-0.25 -0.25 417.084667 
-0.25 -0.2 505.974130 
-0.25 -0.15 640.493966 
-0.25 -0.1 769.408564 
-0.2 -1 0.286318 
-0.2 -0.95 0.665346 
-0.2 -0.9 0.924080 
-0.2 -0.85 2.410734 
-0.2 -0.8 3.131013 
-0.2 -0.75 10.013800 
-0.2 -0.7 23.392461 
-0.2 -0.65 41.049475 
-0.2 -0.6 56.666693 
-0.2 -0.55 80.137717 
-0.2 -0.5 103.133291 
-0.2 -0.45 139.846190 
-0.2 -0.4 203.592803 
-0.2 -0.35 300.255636 
-0.2 -0.3 452.128903 
-0.2 -0.25 582.946130 
-0.2 -0.2 684.947326 
-0.2 -0.15 844.699719 
-0.15 -1 0.457247 
-0.15 -0.95 1.059588 
-0.15 -0.9 1.440211 
-0.15 -0.85 3.855722 
-0.15 -0.8 4.892231 
-0.15 -0.75 15.707748 
-0.15 -0.7 36.968626 
-0.15 -0.65 65.432650 
-0.15 -0.6 90.844180 
-0.15 -0.55 128.379464 
-0.15 -0.5 162.758466 
-0.15 -0.45 215.494382 
-0.15 -0.4 302.824612 
-0.15 -0.35 433.803446 
-0.15 -0.3 632.596741 
-0.15 -0.25 790.282288 
-0.15 -0.2 900.185842 
-0.1 -1 0.730165 
-0.1 -0.95 1.676898 
-0.1 -0.9 2.248828 
-0.1 -0.85 6.150829 
-0.1 -0.8 7.611066 
-0.1 -0.75 24.687923 
-0.1 -0.7 58.355246 
-0.1 -0.65 104.197752 
-0.1 -0.6 145.114642 
-0.1 -0.55 205.115238 
-0.1 -0.5 255.251591 
-0.1 -0.45 327.773595 
-0.1 -0.4 442.372457 
-0.1 -0.35 611.164753 
-0.1 -0.3 856.388122 
-0.1 -0.25 1039.207422 
-0.05 -1 1.164246 
-0.05 -0.95 2.641673 
-0.05 -0.9 3.542641 
-0.05 -0.85 9.764703 
-0.05 -0.8 11.807411 
-0.05 -0.75 38.755635 
-0.05 -0.7 91.677929 
-0.05 -0.65 165.616813 
-0.05 -0.6 230.600218 
-0.05 -0.55 326.398866 
-0.05 -0.5 395.736410 
-0.05 -0.45 490.390145 
-0.05 -0.4 632.385269 
-0.05 -0.35 839.820239 
-0.05 -0.3 1122.485344 
0 -1 1.852031 
0 -0.95 4.164644 
0 -0.9 5.689724 
0 -0.85 15.285368 
0 -0.8 18.296314 
0 -0.75 59.835973 
0 -0.7 142.836390 
0 -0.65 262.479172 
0 -0.6 365.585079 
0 -0.55 517.387429 
0 -0.5 604.911423 
0 -0.45 719.645405 
0 -0.4 874.679057 
0 -0.35 1131.481723 
0.05 -1 2.981683 
0.05 -0.95 6.515582 
0.05 -0.9 9.404498 
0.05 -0.85 23.630503 
0.05 -0.8 28.339763 
0.05 -0.75 91.875786 
0.05 -0.7 220.998384 
0.05 -0.65 411.777210 
0.05 -0.6 575.724910 
0.05 -0.55 807.530277 
0.05 -0.5 905.154636 
0.05 -0.45 1030.110047 
0.05 -0.4 1192.865083 
0.1 -1 4.719329 
0.1 -0.95 10.094588 
0.1 -0.9 15.728136 
0.1 -0.85 37.344841 
0.1 -0.8 44.528482 
0.1 -0.75 139.129217 
0.1 -0.7 337.249835 
0.1 -0.65 634.904599 
0.1 -0.6 893.948136 
0.1 -0.55 1230.960832 
0.1 -0.5 1314.416151 
0.1 -0.45 1426.659583 
0.15 -1 6.941146 
0.15 -0.95 15.831200 
0.15 -0.9 25.463353 
0.15 -0.85 57.281487 
0.15 -0.8 69.618451 
0.15 -0.75 206.880786 
0.15 -0.7 498.350169 
0.15 -0.65 954.898518 
0.15 -0.6 1354.926186 
0.15 -0.55 1773.940461 
0.15 -0.5 1850.198164 
0.2 -1 9.900453 
0.2 -0.95 25.461221 
0.2 -0.9 38.825036 
0.2 -0.85 89.809106 
0.2 -0.8 107.662682 
0.2 -0.75 306.332890 
0.2 -0.7 716.423386 
0.2 -0.65 1376.256652 
0.2 -0.6 1949.018860 
0.2 -0.55 2430.361505 
0.25 -1 16.675283 
0.25 -0.95 40.538906 
0.25 -0.9 61.136857 
0.25 -0.85 138.393051 
0.25 -0.8 165.911190 
0.25 -0.75 435.578787 
0.25 -0.7 1005.504068 
0.25 -0.65 1910.425066 
0.25 -0.6 2615.328623 
0.3 -1 30.097504 
0.3 -0.95 64.273409 
0.3 -0.9 80.955586 
0.3 -0.85 212.407596 
0.3 -0.8 244.593511 
0.3 -0.75 603.042643 
0.3 -0.7 1371.377737 
0.3 -0.65 2490.625902 
0.35 -1 50.735844 
0.35 -0.95 99.198868 
0.35 -0.9 124.276803 
0.35 -0.85 309.896672 
0.35 -0.8 365.762330 
0.35 -0.75 725.332582 
0.35 -0.7 1676.265223 
0.4 -1 64.586122 
0.4 -0.95 154.182968 
0.4 -0.9 222.064914 
0.4 -0.85 467.575383 
0.4 -0.8 564.648670 
0.4 -0.75 925.759721 
0.45 -1 102.984365 
0.45 -0.95 209.065491 
0.45 -0.9 358.536149 
0.45 -0.85 748.163346 
0.45 -0.8 835.252867 
0.5 -1 166.681843 
0.5 -0.95 319.229219 
0.5 -0.9 608.127212 
0.5 -0.85 892.465527 
0.55 -1 242.480543 
0.55 -0.95 458.382045 
0.55 -0.9 890.839462 
0.6 -1 408.640364 
0.6 -0.95 712.387569 
0.65 -1 627.841896 
