-3 -1 0.000000 
-3 -0.95 0.000014 
-3 -0.9 0.000014 
-3 -0.85 0.000066 
-3 -0.8 0.000101 
-3 -0.75 0.000341 
-3 -0.7 0.000729 
-3 -0.65 0.001238 
-3 -0.6 0.001672 
-3 -0.55 0.002378 
-3 -0.5 0.003242 
-3 -0.45 0.004807 
-3 -0.4 0.008006 
-3 -0.35 0.013495 
-3 -0.3 0.023038 
-3 -0.25 0.034121 
-3 -0.2 0.047641 
-3 -0.15 0.069541 
-3 -0.1 0.097567 
-3 -0.05 0.130629 
-3 0 0.179548 
-3 0.05 0.229414 
-3 0.1 0.282387 
-3 0.15 0.346685 
-3 0.2 0.424634 
-3 0.25 0.524133 
-3 0.3 0.663955 
-3 0.35 0.833871 
-3 0.4 1.059434 
-3 0.45 1.341341 
-3 0.5 1.709497 
-3 0.55 2.185946 
-3 0.6 2.822444 
-3 0.65 3.661679 
-3 0.7 4.904265 
-3 0.75 6.642864 
-3 0.8 9.188737 
-3 0.85 13.351223 
-3 0.9 20.971647 
-2.95 -1 0.000000 
-2.95 -0.95 0.000014 
-2.95 -0.9 0.000014 
-2.95 -0.85 0.000066 
-2.95 -0.8 0.000101 
-2.95 -0.75 0.000341 
-2.95 -0.7 0.000731 
-2.95 -0.65 0.001240 
-2.95 -0.6 0.001674 
-2.95 -0.55 0.002377 
-2.95 -0.5 0.003245 
-2.95 -0.45 0.004802 
-2.95 -0.4 0.008002 
-2.95 -0.35 0.013502 
-2.95 -0.3 0.023038 
-2.95 -0.25 0.034138 
-2.95 -0.2 0.047657 
-2.95 -0.15 0.069605 
-2.95 -0.1 0.097598 
-2.95 -0.05 0.130637 
-2.95 0 0.179570 
-2.95 0.05 0.229588 
-2.95 0.1 0.282479 
-2.95 0.15 0.346819 
-2.95 0.2 0.424760 
-2.95 0.25 0.524108 
-2.95 0.3 0.664069 
-2.95 0.35 0.834059 
-2.95 0.4 1.059703 
-2.95 0.45 1.341510 
-2.95 0.5 1.709918 
-2.95 0.55 2.186512 
-2.95 0.6 2.823072 
-2.95 0.65 3.662992 
-2.95 0.7 4.905679 
-2.95 0.75 6.645246 
-2.95 0.8 9.192111 
-2.95 0.85 13.353579 
-2.95 0.9 20.978627 
-2.9 -1 0.000000 
-2.9 -0.95 0.000014 
-2.9 -0.9 0.000014 
-2.9 -0.85 0.000067 
-2.9 -0.8 0.000101 
-2.9 -0.75 0.000341 
-2.9 -0.7 0.000730 
-2.9 -0.65 0.001238 
-2.9 -0.6 0.001677 
-2.9 -0.55 0.002376 
-2.9 -0.5 0.003245 
-2.9 -0.45 0.004808 
-2.9 -0.4 0.008007 
-2.9 -0.35 0.013504 
-2.9 -0.3 0.023044 
-2.9 -0.25 0.034147 
-2.9 -0.2 0.047674 
-2.9 -0.15 0.069652 
-2.9 -0.1 0.097612 
-2.9 -0.05 0.130738 
-2.9 0 0.179636 
-2.9 0.05 0.229674 
-2.9 0.1 0.282543 
-2.9 0.15 0.346945 
-2.9 0.2 0.424839 
-2.9 0.25 0.524245 
-2.9 0.3 0.664197 
-2.9 0.35 0.834371 
-2.9 0.4 1.060014 
-2.9 0.45 1.342008 
-2.9 0.5 1.710319 
-2.9 0.55 2.187095 
-2.9 0.6 2.824094 
-2.9 0.65 3.664858 
-2.9 0.7 4.907886 
-2.9 0.75 6.647431 
-2.9 0.8 9.195940 
-2.9 0.85 13.361183 
-2.9 0.9 20.992126 
-2.85 -1 0.000000 
-2.85 -0.95 0.000014 
-2.85 -0.9 0.000014 
-2.85 -0.85 0.000067 
-2.85 -0.8 0.000101 
-2.85 -0.75 0.000341 
-2.85 -0.7 0.000731 
-2.85 -0.65 0.001241 
-2.85 -0.6 0.001675 
-2.85 -0.55 0.002377 
-2.85 -0.5 0.003247 
-2.85 -0.45 0.004806 
-2.85 -0.4 0.008013 
-2.85 -0.35 0.013506 
-2.85 -0.3 0.023047 
-2.85 -0.25 0.034154 
-2.85 -0.2 0.047699 
-2.85 -0.15 0.069635 
-2.85 -0.1 0.097600 
-2.85 -0.05 0.130756 
-2.85 0 0.179695 
-2.85 0.05 0.229781 
-2.85 0.1 0.282651 
-2.85 0.15 0.346953 
-2.85 0.2 0.425057 
-2.85 0.25 0.524568 
-2.85 0.3 0.664343 
-2.85 0.35 0.834658 
-2.85 0.4 1.060617 
-2.85 0.45 1.342894 
-2.85 0.5 1.711405 
-2.85 0.55 2.188123 
-2.85 0.6 2.825233 
-2.85 0.65 3.666721 
-2.85 0.7 4.910294 
-2.85 0.75 6.650321 
-2.85 0.8 9.200768 
-2.85 0.85 13.365897 
-2.85 0.9 21.003407 
-2.8 -1 0.000000 
-2.8 -0.95 0.000014 
-2.8 -0.9 0.000014 
-2.8 -0.85 0.000067 
-2.8 -0.8 0.000101 
-2.8 -0.75 0.000341 
-2.8 -0.7 0.000730 
-2.8 -0.65 0.001239 
-2.8 -0.6 0.001676 
-2.8 -0.55 0.002377 
-2.8 -0.5 0.003249 
-2.8 -0.45 0.004813 
-2.8 -0.4 0.008018 
-2.8 -0.35 0.013511 
-2.8 -0.3 0.023057 
-2.8 -0.25 0.034178 
-2.8 -0.2 0.047709 
-2.8 -0.15 0.069664 
-2.8 -0.1 0.097693 
-2.8 -0.05 0.130839 
-2.8 0 0.179787 
-2.8 0.05 0.229900 
-2.8 0.1 0.282827 
-2.8 0.15 0.347097 
-2.8 0.2 0.425292 
-2.8 0.25 0.524855 
-2.8 0.3 0.664775 
-2.8 0.35 0.835119 
-2.8 0.4 1.061125 
-2.8 0.45 1.343514 
-2.8 0.5 1.711833 
-2.8 0.55 2.188990 
-2.8 0.6 2.826312 
-2.8 0.65 3.668005 
-2.8 0.7 4.913905 
-2.8 0.75 6.655671 
-2.8 0.8 9.208624 
-2.8 0.85 13.376486 
-2.8 0.9 21.018934 
-2.75 -1 0.000000 
-2.75 -0.95 0.000014 
-2.75 -0.9 0.000014 
-2.75 -0.85 0.000066 
-2.75 -0.8 0.000101 
-2.75 -0.75 0.000341 
-2.75 -0.7 0.000732 
-2.75 -0.65 0.001241 
-2.75 -0.6 0.001676 
-2.75 -0.55 0.002380 
-2.75 -0.5 0.003251 
-2.75 -0.45 0.004814 
-2.75 -0.4 0.008021 
-2.75 -0.35 0.013524 
-2.75 -0.3 0.023078 
-2.75 -0.25 0.034183 
-2.75 -0.2 0.047744 
-2.75 -0.15 0.069673 
-2.75 -0.1 0.097747 
-2.75 -0.05 0.130916 
-2.75 0 0.179924 
-2.75 0.05 0.230012 
-2.75 0.1 0.282936 
-2.75 0.15 0.347368 
-2.75 0.2 0.425557 
-2.75 0.25 0.525064 
-2.75 0.3 0.665176 
-2.75 0.35 0.835581 
-2.75 0.4 1.061627 
-2.75 0.45 1.344325 
-2.75 0.5 1.713212 
-2.75 0.55 2.190473 
-2.75 0.6 2.828398 
-2.75 0.65 3.670751 
-2.75 0.7 4.917047 
-2.75 0.75 6.659707 
-2.75 0.8 9.215383 
-2.75 0.85 13.388626 
-2.75 0.9 21.034698 
-2.7 -1 0.000000 
-2.7 -0.95 0.000014 
-2.7 -0.9 0.000014 
-2.7 -0.85 0.000066 
-2.7 -0.8 0.000102 
-2.7 -0.75 0.000342 
-2.7 -0.7 0.000731 
-2.7 -0.65 0.001243 
-2.7 -0.6 0.001679 
-2.7 -0.55 0.002382 
-2.7 -0.5 0.003252 
-2.7 -0.45 0.004818 
-2.7 -0.4 0.008026 
-2.7 -0.35 0.013537 
-2.7 -0.3 0.023087 
-2.7 -0.25 0.034207 
-2.7 -0.2 0.047769 
-2.7 -0.15 0.069744 
-2.7 -0.1 0.097818 
-2.7 -0.05 0.130985 
-2.7 0 0.179958 
-2.7 0.05 0.230244 
-2.7 0.1 0.283180 
-2.7 0.15 0.347562 
-2.7 0.2 0.425754 
-2.7 0.25 0.525462 
-2.7 0.3 0.665559 
-2.7 0.35 0.836334 
-2.7 0.4 1.062724 
-2.7 0.45 1.345352 
-2.7 0.5 1.714589 
-2.7 0.55 2.192534 
-2.7 0.6 2.830295 
-2.7 0.65 3.674051 
-2.7 0.7 4.921635 
-2.7 0.75 6.666393 
-2.7 0.8 9.224168 
-2.7 0.85 13.404628 
-2.7 0.9 21.058010 
-2.65 -1 0.000000 
-2.65 -0.95 0.000014 
-2.65 -0.9 0.000014 
-2.65 -0.85 0.000066 
-2.65 -0.8 0.000102 
-2.65 -0.75 0.000342 
-2.65 -0.7 0.000733 
-2.65 -0.65 0.001241 
-2.65 -0.6 0.001677 
-2.65 -0.55 0.002384 
-2.65 -0.5 0.003250 
-2.65 -0.45 0.004821 
-2.65 -0.4 0.008033 
-2.65 -0.35 0.013544 
-2.65 -0.3 0.023107 
-2.65 -0.25 0.034234 
-2.65 -0.2 0.047807 
-2.65 -0.15 0.069815 
-2.65 -0.1 0.097866 
-2.65 -0.05 0.131072 
-2.65 0 0.180137 
-2.65 0.05 0.230343 
-2.65 0.1 0.283459 
-2.65 0.15 0.347891 
-2.65 0.2 0.426252 
-2.65 0.25 0.525838 
-2.65 0.3 0.666364 
-2.65 0.35 0.837357 
-2.65 0.4 1.063634 
-2.65 0.45 1.346712 
-2.65 0.5 1.716257 
-2.65 0.55 2.194754 
-2.65 0.6 2.832878 
-2.65 0.65 3.678028 
-2.65 0.7 4.927137 
-2.65 0.75 6.675024 
-2.65 0.8 9.236102 
-2.65 0.85 13.420523 
-2.65 0.9 21.092674 
-2.6 -1 0.000000 
-2.6 -0.95 0.000014 
-2.6 -0.9 0.000014 
-2.6 -0.85 0.000066 
-2.6 -0.8 0.000101 
-2.6 -0.75 0.000342 
-2.6 -0.7 0.000734 
-2.6 -0.65 0.001243 
-2.6 -0.6 0.001681 
-2.6 -0.55 0.002385 
-2.6 -0.5 0.003255 
-2.6 -0.45 0.004829 
-2.6 -0.4 0.008043 
-2.6 -0.35 0.013554 
-2.6 -0.3 0.023141 
-2.6 -0.25 0.034274 
-2.6 -0.2 0.047882 
-2.6 -0.15 0.069887 
-2.6 -0.1 0.098020 
-2.6 -0.05 0.131249 
-2.6 0 0.180389 
-2.6 0.05 0.230708 
-2.6 0.1 0.283775 
-2.6 0.15 0.348373 
-2.6 0.2 0.426558 
-2.6 0.25 0.526445 
-2.6 0.3 0.667111 
-2.6 0.35 0.838202 
-2.6 0.4 1.064843 
-2.6 0.45 1.348426 
-2.6 0.5 1.718746 
-2.6 0.55 2.198096 
-2.6 0.6 2.837056 
-2.6 0.65 3.683006 
-2.6 0.7 4.933064 
-2.6 0.75 6.685912 
-2.6 0.8 9.250690 
-2.6 0.85 13.444699 
-2.6 0.9 21.131908 
-2.55 -1 0.000000 
-2.55 -0.95 0.000014 
-2.55 -0.9 0.000014 
-2.55 -0.85 0.000067 
-2.55 -0.8 0.000102 
-2.55 -0.75 0.000343 
-2.55 -0.7 0.000735 
-2.55 -0.65 0.001248 
-2.55 -0.6 0.001685 
-2.55 -0.55 0.002391 
-2.55 -0.5 0.003265 
-2.55 -0.45 0.004832 
-2.55 -0.4 0.008057 
-2.55 -0.35 0.013569 
-2.55 -0.3 0.023166 
-2.55 -0.25 0.034333 
-2.55 -0.2 0.047937 
-2.55 -0.15 0.069992 
-2.55 -0.1 0.098157 
-2.55 -0.05 0.131435 
-2.55 0 0.180609 
-2.55 0.05 0.230968 
-2.55 0.1 0.284163 
-2.55 0.15 0.348861 
-2.55 0.2 0.427465 
-2.55 0.25 0.527394 
-2.55 0.3 0.668044 
-2.55 0.35 0.839395 
-2.55 0.4 1.066412 
-2.55 0.45 1.350563 
-2.55 0.5 1.721836 
-2.55 0.55 2.201384 
-2.55 0.6 2.842198 
-2.55 0.65 3.688980 
-2.55 0.7 4.943018 
-2.55 0.75 6.697763 
-2.55 0.8 9.269347 
-2.55 0.85 13.472744 
-2.55 0.9 21.185214 
-2.5 -1 0.000000 
-2.5 -0.95 0.000014 
-2.5 -0.9 0.000014 
-2.5 -0.85 0.000067 
-2.5 -0.8 0.000102 
-2.5 -0.75 0.000343 
-2.5 -0.7 0.000735 
-2.5 -0.65 0.001248 
-2.5 -0.6 0.001687 
-2.5 -0.55 0.002395 
-2.5 -0.5 0.003266 
-2.5 -0.45 0.004840 
-2.5 -0.4 0.008071 
-2.5 -0.35 0.013606 
-2.5 -0.3 0.023199 
-2.5 -0.25 0.034397 
-2.5 -0.2 0.048029 
-2.5 -0.15 0.070108 
-2.5 -0.1 0.098337 
-2.5 -0.05 0.131711 
-2.5 0 0.180940 
-2.5 0.05 0.231479 
-2.5 0.1 0.284669 
-2.5 0.15 0.349450 
-2.5 0.2 0.428180 
-2.5 0.25 0.528496 
-2.5 0.3 0.669343 
-2.5 0.35 0.841135 
-2.5 0.4 1.068467 
-2.5 0.45 1.353348 
-2.5 0.5 1.725045 
-2.5 0.55 2.206085 
-2.5 0.6 2.848366 
-2.5 0.65 3.698008 
-2.5 0.7 4.954748 
-2.5 0.75 6.714091 
-2.5 0.8 9.293695 
-2.5 0.85 13.512026 
-2.5 0.9 21.245859 
-2.45 -1 0.000000 
-2.45 -0.95 0.000014 
-2.45 -0.9 0.000014 
-2.45 -0.85 0.000067 
-2.45 -0.8 0.000102 
-2.45 -0.75 0.000344 
-2.45 -0.7 0.000737 
-2.45 -0.65 0.001249 
-2.45 -0.6 0.001693 
-2.45 -0.55 0.002399 
-2.45 -0.5 0.003278 
-2.45 -0.45 0.004846 
-2.45 -0.4 0.008094 
-2.45 -0.35 0.013632 
-2.45 -0.3 0.023260 
-2.45 -0.25 0.034469 
-2.45 -0.2 0.048135 
-2.45 -0.15 0.070252 
-2.45 -0.1 0.098533 
-2.45 -0.05 0.131993 
-2.45 0 0.181319 
-2.45 0.05 0.231978 
-2.45 0.1 0.285393 
-2.45 0.15 0.350351 
-2.45 0.2 0.429197 
-2.45 0.25 0.529722 
-2.45 0.3 0.670724 
-2.45 0.35 0.842928 
-2.45 0.4 1.071259 
-2.45 0.45 1.356901 
-2.45 0.5 1.729603 
-2.45 0.55 2.211564 
-2.45 0.6 2.856239 
-2.45 0.65 3.708407 
-2.45 0.7 4.968210 
-2.45 0.75 6.732245 
-2.45 0.8 9.323509 
-2.45 0.85 13.559516 
-2.45 0.9 21.326378 
-2.4 -1 0.000000 
-2.4 -0.95 0.000014 
-2.4 -0.9 0.000014 
-2.4 -0.85 0.000067 
-2.4 -0.8 0.000103 
-2.4 -0.75 0.000345 
-2.4 -0.7 0.000741 
-2.4 -0.65 0.001254 
-2.4 -0.6 0.001696 
-2.4 -0.55 0.002406 
-2.4 -0.5 0.003287 
-2.4 -0.45 0.004865 
-2.4 -0.4 0.008113 
-2.4 -0.35 0.013665 
-2.4 -0.3 0.023312 
-2.4 -0.25 0.034572 
-2.4 -0.2 0.048288 
-2.4 -0.15 0.070466 
-2.4 -0.1 0.098844 
-2.4 -0.05 0.132392 
-2.4 0 0.181859 
-2.4 0.05 0.232654 
-2.4 0.1 0.286187 
-2.4 0.15 0.351355 
-2.4 0.2 0.430393 
-2.4 0.25 0.531293 
-2.4 0.3 0.672811 
-2.4 0.35 0.845772 
-2.4 0.4 1.074651 
-2.4 0.45 1.360814 
-2.4 0.5 1.735052 
-2.4 0.55 2.218331 
-2.4 0.6 2.866054 
-2.4 0.65 3.721824 
-2.4 0.7 4.986874 
-2.4 0.75 6.758558 
-2.4 0.8 9.361658 
-2.4 0.85 13.620829 
-2.4 0.9 21.427975 
-2.35 -1 0.000000 
-2.35 -0.95 0.000014 
-2.35 -0.9 0.000014 
-2.35 -0.85 0.000067 
-2.35 -0.8 0.000103 
-2.35 -0.75 0.000346 
-2.35 -0.7 0.000743 
-2.35 -0.65 0.001259 
-2.35 -0.6 0.001702 
-2.35 -0.55 0.002415 
-2.35 -0.5 0.003296 
-2.35 -0.45 0.004884 
-2.35 -0.4 0.008150 
-2.35 -0.35 0.013713 
-2.35 -0.3 0.023396 
-2.35 -0.25 0.034695 
-2.35 -0.2 0.048453 
-2.35 -0.15 0.070717 
-2.35 -0.1 0.099198 
-2.35 -0.05 0.132777 
-2.35 0 0.182592 
-2.35 0.05 0.233560 
-2.35 0.1 0.287289 
-2.35 0.15 0.352659 
-2.35 0.2 0.431856 
-2.35 0.25 0.533276 
-2.35 0.3 0.675544 
-2.35 0.35 0.848936 
-2.35 0.4 1.078435 
-2.35 0.45 1.366232 
-2.35 0.5 1.742137 
-2.35 0.55 2.228033 
-2.35 0.6 2.877245 
-2.35 0.65 3.738348 
-2.35 0.7 5.010761 
-2.35 0.75 6.792159 
-2.35 0.8 9.411055 
-2.35 0.85 13.691220 
-2.35 0.9 21.556897 
-2.3 -1 0.000000 
-2.3 -0.95 0.000014 
-2.3 -0.9 0.000014 
-2.3 -0.85 0.000068 
-2.3 -0.8 0.000103 
-2.3 -0.75 0.000348 
-2.3 -0.7 0.000745 
-2.3 -0.65 0.001266 
-2.3 -0.6 0.001708 
-2.3 -0.55 0.002427 
-2.3 -0.5 0.003308 
-2.3 -0.45 0.004901 
-2.3 -0.4 0.008182 
-2.3 -0.35 0.013777 
-2.3 -0.3 0.023499 
-2.3 -0.25 0.034863 
-2.3 -0.2 0.048672 
-2.3 -0.15 0.071044 
-2.3 -0.1 0.099655 
-2.3 -0.05 0.133398 
-2.3 0 0.183422 
-2.3 0.05 0.234679 
-2.3 0.1 0.288608 
-2.3 0.15 0.354329 
-2.3 0.2 0.434004 
-2.3 0.25 0.535812 
-2.3 0.3 0.678808 
-2.3 0.35 0.853194 
-2.3 0.4 1.083414 
-2.3 0.45 1.372672 
-2.3 0.5 1.750427 
-2.3 0.55 2.240139 
-2.3 0.6 2.892126 
-2.3 0.65 3.758506 
-2.3 0.7 5.039640 
-2.3 0.75 6.832353 
-2.3 0.8 9.471743 
-2.3 0.85 13.790149 
-2.3 0.9 21.721160 
-2.25 -1 0.000000 
-2.25 -0.95 0.000014 
-2.25 -0.9 0.000014 
-2.25 -0.85 0.000068 
-2.25 -0.8 0.000104 
-2.25 -0.75 0.000350 
-2.25 -0.7 0.000750 
-2.25 -0.65 0.001274 
-2.25 -0.6 0.001721 
-2.25 -0.55 0.002439 
-2.25 -0.5 0.003330 
-2.25 -0.45 0.004934 
-2.25 -0.4 0.008221 
-2.25 -0.35 0.013851 
-2.25 -0.3 0.023630 
-2.25 -0.25 0.035076 
-2.25 -0.2 0.048921 
-2.25 -0.15 0.071419 
-2.25 -0.1 0.100240 
-2.25 -0.05 0.134187 
-2.25 0 0.184471 
-2.25 0.05 0.235962 
-2.25 0.1 0.290250 
-2.25 0.15 0.356600 
-2.25 0.2 0.436498 
-2.25 0.25 0.539102 
-2.25 0.3 0.682754 
-2.25 0.35 0.858858 
-2.25 0.4 1.089982 
-2.25 0.45 1.381539 
-2.25 0.5 1.762301 
-2.25 0.55 2.254961 
-2.25 0.6 2.911857 
-2.25 0.65 3.784427 
-2.25 0.7 5.075572 
-2.25 0.75 6.886244 
-2.25 0.8 9.545501 
-2.25 0.85 13.911391 
-2.25 0.9 21.921495 
-2.2 -1 0.000000 
-2.2 -0.95 0.000014 
-2.2 -0.9 0.000014 
-2.2 -0.85 0.000069 
-2.2 -0.8 0.000104 
-2.2 -0.75 0.000352 
-2.2 -0.7 0.000756 
-2.2 -0.65 0.001281 
-2.2 -0.6 0.001733 
-2.2 -0.55 0.002458 
-2.2 -0.5 0.003350 
-2.2 -0.45 0.004971 
-2.2 -0.4 0.008278 
-2.2 -0.35 0.013952 
-2.2 -0.3 0.023791 
-2.2 -0.25 0.035311 
-2.2 -0.2 0.049275 
-2.2 -0.15 0.071943 
-2.2 -0.1 0.100948 
-2.2 -0.05 0.135133 
-2.2 0 0.185755 
-2.2 0.05 0.237826 
-2.2 0.1 0.292188 
-2.2 0.15 0.359147 
-2.2 0.2 0.439665 
-2.2 0.25 0.543054 
-2.2 0.3 0.687685 
-2.2 0.35 0.864939 
-2.2 0.4 1.098133 
-2.2 0.45 1.391776 
-2.2 0.5 1.775563 
-2.2 0.55 2.273520 
-2.2 0.6 2.935762 
-2.2 0.65 3.816584 
-2.2 0.7 5.120155 
-2.2 0.75 6.951715 
-2.2 0.8 9.642546 
-2.2 0.85 14.061067 
-2.2 0.9 22.178362 
-2.15 -1 0.000000 
-2.15 -0.95 0.000015 
-2.15 -0.9 0.000015 
-2.15 -0.85 0.000069 
-2.15 -0.8 0.000106 
-2.15 -0.75 0.000355 
-2.15 -0.7 0.000761 
-2.15 -0.65 0.001293 
-2.15 -0.6 0.001751 
-2.15 -0.55 0.002481 
-2.15 -0.5 0.003383 
-2.15 -0.45 0.005021 
-2.15 -0.4 0.008347 
-2.15 -0.35 0.014073 
-2.15 -0.3 0.024007 
-2.15 -0.25 0.035619 
-2.15 -0.2 0.049722 
-2.15 -0.15 0.072590 
-2.15 -0.1 0.101829 
-2.15 -0.05 0.136323 
-2.15 0 0.187470 
-2.15 0.05 0.239812 
-2.15 0.1 0.294902 
-2.15 0.15 0.362297 
-2.15 0.2 0.444018 
-2.15 0.25 0.548098 
-2.15 0.3 0.694304 
-2.15 0.35 0.873176 
-2.15 0.4 1.108973 
-2.15 0.45 1.405265 
-2.15 0.5 1.792908 
-2.15 0.55 2.296679 
-2.15 0.6 2.966060 
-2.15 0.65 3.858380 
-2.15 0.7 5.178777 
-2.15 0.75 7.034764 
-2.15 0.8 9.766329 
-2.15 0.85 14.252656 
-2.15 0.9 22.508417 
-2.1 -1 0.000000 
-2.1 -0.95 0.000015 
-2.1 -0.9 0.000015 
-2.1 -0.85 0.000070 
-2.1 -0.8 0.000107 
-2.1 -0.75 0.000359 
-2.1 -0.7 0.000770 
-2.1 -0.65 0.001309 
-2.1 -0.6 0.001769 
-2.1 -0.55 0.002510 
-2.1 -0.5 0.003423 
-2.1 -0.45 0.005075 
-2.1 -0.4 0.008452 
-2.1 -0.35 0.014230 
-2.1 -0.3 0.024273 
-2.1 -0.25 0.036009 
-2.1 -0.2 0.050286 
-2.1 -0.15 0.073414 
-2.1 -0.1 0.102967 
-2.1 -0.05 0.137911 
-2.1 0 0.189607 
-2.1 0.05 0.242529 
-2.1 0.1 0.298263 
-2.1 0.15 0.366393 
-2.1 0.2 0.449141 
-2.1 0.25 0.554481 
-2.1 0.3 0.702503 
-2.1 0.35 0.883291 
-2.1 0.4 1.122616 
-2.1 0.45 1.423200 
-2.1 0.5 1.816045 
-2.1 0.55 2.325859 
-2.1 0.6 3.005887 
-2.1 0.65 3.911235 
-2.1 0.7 5.251160 
-2.1 0.75 7.141439 
-2.1 0.8 9.924622 
-2.1 0.85 14.499407 
-2.1 0.9 22.920834 
-2.05 -1 0.000000 
-2.05 -0.95 0.000015 
-2.05 -0.9 0.000015 
-2.05 -0.85 0.000071 
-2.05 -0.8 0.000108 
-2.05 -0.75 0.000364 
-2.05 -0.7 0.000782 
-2.05 -0.65 0.001327 
-2.05 -0.6 0.001795 
-2.05 -0.55 0.002543 
-2.05 -0.5 0.003472 
-2.05 -0.45 0.005146 
-2.05 -0.4 0.008569 
-2.05 -0.35 0.014429 
-2.05 -0.3 0.024624 
-2.05 -0.25 0.036500 
-2.05 -0.2 0.050995 
-2.05 -0.15 0.074464 
-2.05 -0.1 0.104452 
-2.05 -0.05 0.139871 
-2.05 0 0.192298 
-2.05 0.05 0.245854 
-2.05 0.1 0.302598 
-2.05 0.15 0.371618 
-2.05 0.2 0.455508 
-2.05 0.25 0.562630 
-2.05 0.3 0.712971 
-2.05 0.35 0.896588 
-2.05 0.4 1.139418 
-2.05 0.45 1.445036 
-2.05 0.5 1.844511 
-2.05 0.55 2.362614 
-2.05 0.6 3.055816 
-2.05 0.65 3.978556 
-2.05 0.7 5.345514 
-2.05 0.75 7.272685 
-2.05 0.8 10.119810 
-2.05 0.85 14.809655 
-2.05 0.9 23.446480 
-2 -1 0.000000 
-2 -0.95 0.000015 
-2 -0.9 0.000015 
-2 -0.85 0.000072 
-2 -0.8 0.000110 
-2 -0.75 0.000371 
-2 -0.7 0.000795 
-2 -0.65 0.001352 
-2 -0.6 0.001825 
-2 -0.55 0.002590 
-2 -0.5 0.003538 
-2 -0.45 0.005238 
-2 -0.4 0.008722 
-2 -0.35 0.014683 
-2 -0.3 0.025036 
-2 -0.25 0.037132 
-2 -0.2 0.051878 
-2 -0.15 0.075721 
-2 -0.1 0.106310 
-2 -0.05 0.142297 
-2 0 0.195625 
-2 0.05 0.250343 
-2 0.1 0.308017 
-2 0.15 0.378358 
-2 0.2 0.463760 
-2 0.25 0.572856 
-2 0.3 0.725852 
-2 0.35 0.913290 
-2 0.4 1.160746 
-2 0.45 1.472899 
-2 0.5 1.880130 
-2 0.55 2.410175 
-2 0.6 3.119722 
-2 0.65 4.063743 
-2 0.7 5.465673 
-2 0.75 7.444250 
-2 0.8 10.373212 
-2 0.85 15.206148 
-2 0.9 24.123878 
-1.95 -1 0.000000 
-1.95 -0.95 0.000015 
-1.95 -0.9 0.000016 
-1.95 -0.85 0.000074 
-1.95 -0.8 0.000113 
-1.95 -0.75 0.000379 
-1.95 -0.7 0.000813 
-1.95 -0.65 0.001380 
-1.95 -0.6 0.001864 
-1.95 -0.55 0.002650 
-1.95 -0.5 0.003610 
-1.95 -0.45 0.005352 
-1.95 -0.4 0.008908 
-1.95 -0.35 0.014998 
-1.95 -0.3 0.025578 
-1.95 -0.25 0.037920 
-1.95 -0.2 0.053004 
-1.95 -0.15 0.077414 
-1.95 -0.1 0.108672 
-1.95 -0.05 0.145378 
-1.95 0 0.199956 
-1.95 0.05 0.255915 
-1.95 0.1 0.314880 
-1.95 0.15 0.386984 
-1.95 0.2 0.474125 
-1.95 0.25 0.585971 
-1.95 0.3 0.742982 
-1.95 0.35 0.934655 
-1.95 0.4 1.188230 
-1.95 0.45 1.508615 
-1.95 0.5 1.927346 
-1.95 0.55 2.470892 
-1.95 0.6 3.198908 
-1.95 0.65 4.171141 
-1.95 0.7 5.617279 
-1.95 0.75 7.661002 
-1.95 0.8 10.696938 
-1.95 0.85 15.714674 
-1.95 0.9 24.979291 
-1.9 -1 0.000000 
-1.9 -0.95 0.000016 
-1.9 -0.9 0.000016 
-1.9 -0.85 0.000076 
-1.9 -0.8 0.000115 
-1.9 -0.75 0.000389 
-1.9 -0.7 0.000836 
-1.9 -0.65 0.001417 
-1.9 -0.6 0.001917 
-1.9 -0.55 0.002719 
-1.9 -0.5 0.003706 
-1.9 -0.45 0.005502 
-1.9 -0.4 0.009152 
-1.9 -0.35 0.015403 
-1.9 -0.3 0.026265 
-1.9 -0.25 0.038959 
-1.9 -0.2 0.054434 
-1.9 -0.15 0.079501 
-1.9 -0.1 0.111577 
-1.9 -0.05 0.149540 
-1.9 0 0.205565 
-1.9 0.05 0.263004 
-1.9 0.1 0.323608 
-1.9 0.15 0.397695 
-1.9 0.2 0.487549 
-1.9 0.25 0.602618 
-1.9 0.3 0.764108 
-1.9 0.35 0.961701 
-1.9 0.4 1.222853 
-1.9 0.45 1.552810 
-1.9 0.5 1.985206 
-1.9 0.55 2.547660 
-1.9 0.6 3.302016 
-1.9 0.65 4.309454 
-1.9 0.7 5.811120 
-1.9 0.75 7.939103 
-1.9 0.8 11.107432 
-1.9 0.85 16.361536 
-1.9 0.9 26.078877 
-1.85 -1 0.000000 
-1.85 -0.95 0.000016 
-1.85 -0.9 0.000017 
-1.85 -0.85 0.000079 
-1.85 -0.8 0.000119 
-1.85 -0.75 0.000402 
-1.85 -0.7 0.000867 
-1.85 -0.65 0.001467 
-1.85 -0.6 0.001984 
-1.85 -0.55 0.002811 
-1.85 -0.5 0.003837 
-1.85 -0.45 0.005689 
-1.85 -0.4 0.009468 
-1.85 -0.35 0.015927 
-1.85 -0.3 0.027145 
-1.85 -0.25 0.040253 
-1.85 -0.2 0.056280 
-1.85 -0.15 0.082216 
-1.85 -0.1 0.115481 
-1.85 -0.05 0.154641 
-1.85 0 0.212540 
-1.85 0.05 0.272145 
-1.85 0.1 0.334825 
-1.85 0.15 0.411506 
-1.85 0.2 0.504687 
-1.85 0.25 0.623980 
-1.85 0.3 0.791548 
-1.85 0.35 0.996591 
-1.85 0.4 1.268563 
-1.85 0.45 1.611280 
-1.85 0.5 2.060468 
-1.85 0.55 2.646102 
-1.85 0.6 3.432628 
-1.85 0.65 4.487077 
-1.85 0.7 6.060975 
-1.85 0.75 8.297165 
-1.85 0.8 11.640612 
-1.85 0.85 17.203654 
-1.85 0.9 27.498357 
-1.8 -1 0.000000 
-1.8 -0.95 0.000017 
-1.8 -0.9 0.000018 
-1.8 -0.85 0.000082 
-1.8 -0.8 0.000124 
-1.8 -0.75 0.000419 
-1.8 -0.7 0.000904 
-1.8 -0.65 0.001531 
-1.8 -0.6 0.002072 
-1.8 -0.55 0.002933 
-1.8 -0.5 0.004001 
-1.8 -0.45 0.005935 
-1.8 -0.4 0.009870 
-1.8 -0.35 0.016585 
-1.8 -0.3 0.028274 
-1.8 -0.25 0.041938 
-1.8 -0.2 0.058628 
-1.8 -0.15 0.085759 
-1.8 -0.1 0.120304 
-1.8 -0.05 0.161138 
-1.8 0 0.221688 
-1.8 0.05 0.283777 
-1.8 0.1 0.349274 
-1.8 0.15 0.429223 
-1.8 0.2 0.526862 
-1.8 0.25 0.651284 
-1.8 0.3 0.826385 
-1.8 0.35 1.041098 
-1.8 0.4 1.325772 
-1.8 0.45 1.684606 
-1.8 0.5 2.157287 
-1.8 0.55 2.774065 
-1.8 0.6 3.602650 
-1.8 0.65 4.714805 
-1.8 0.7 6.382917 
-1.8 0.75 8.762051 
-1.8 0.8 12.328119 
-1.8 0.85 18.290180 
-1.8 0.9 29.331516 
-1.75 -1 0.000000 
-1.75 -0.95 0.000018 
-1.75 -0.9 0.000020 
-1.75 -0.85 0.000086 
-1.75 -0.8 0.000131 
-1.75 -0.75 0.000441 
-1.75 -0.7 0.000952 
-1.75 -0.65 0.001612 
-1.75 -0.6 0.002178 
-1.75 -0.55 0.003091 
-1.75 -0.5 0.004219 
-1.75 -0.45 0.006246 
-1.75 -0.4 0.010377 
-1.75 -0.35 0.017445 
-1.75 -0.3 0.029729 
-1.75 -0.25 0.044119 
-1.75 -0.2 0.061680 
-1.75 -0.15 0.090211 
-1.75 -0.1 0.126681 
-1.75 -0.05 0.169641 
-1.75 0 0.233246 
-1.75 0.05 0.298611 
-1.75 0.1 0.367701 
-1.75 0.15 0.452311 
-1.75 0.2 0.555135 
-1.75 0.25 0.686793 
-1.75 0.3 0.871826 
-1.75 0.35 1.098438 
-1.75 0.4 1.400045 
-1.75 0.45 1.781130 
-1.75 0.5 2.281304 
-1.75 0.55 2.937635 
-1.75 0.6 3.821098 
-1.75 0.65 5.011492 
-1.75 0.7 6.799260 
-1.75 0.75 9.360591 
-1.75 0.8 13.228127 
-1.75 0.85 19.709943 
-1.75 0.9 31.718314 
-1.7 -1 0.000000 
-1.7 -0.95 0.000019 
-1.7 -0.9 0.000021 
-1.7 -0.85 0.000092 
-1.7 -0.8 0.000139 
-1.7 -0.75 0.000470 
-1.7 -0.7 0.001012 
-1.7 -0.65 0.001715 
-1.7 -0.6 0.002320 
-1.7 -0.55 0.003286 
-1.7 -0.5 0.004486 
-1.7 -0.45 0.006636 
-1.7 -0.4 0.011042 
-1.7 -0.35 0.018560 
-1.7 -0.3 0.031607 
-1.7 -0.25 0.046919 
-1.7 -0.2 0.065643 
-1.7 -0.15 0.095981 
-1.7 -0.1 0.134767 
-1.7 -0.05 0.180557 
-1.7 0 0.248409 
-1.7 0.05 0.318075 
-1.7 0.1 0.391703 
-1.7 0.15 0.481902 
-1.7 0.2 0.591767 
-1.7 0.25 0.732353 
-1.7 0.3 0.930217 
-1.7 0.35 1.173042 
-1.7 0.4 1.495834 
-1.7 0.45 1.905188 
-1.7 0.5 2.443249 
-1.7 0.55 3.149908 
-1.7 0.6 4.106458 
-1.7 0.65 5.397186 
-1.7 0.7 7.341863 
-1.7 0.75 10.149572 
-1.7 0.8 14.408266 
-1.7 0.85 21.575022 
-1.65 -1 0.000000 
-1.65 -0.95 0.000021 
-1.65 -0.9 0.000024 
-1.65 -0.85 0.000099 
-1.65 -0.8 0.000150 
-1.65 -0.75 0.000506 
-1.65 -0.7 0.001094 
-1.65 -0.65 0.001854 
-1.65 -0.6 0.002507 
-1.65 -0.55 0.003547 
-1.65 -0.5 0.004852 
-1.65 -0.45 0.007166 
-1.65 -0.4 0.011899 
-1.65 -0.35 0.020016 
-1.65 -0.3 0.034066 
-1.65 -0.25 0.050584 
-1.65 -0.2 0.070741 
-1.65 -0.15 0.103574 
-1.65 -0.1 0.145421 
-1.65 -0.05 0.194976 
-1.65 0 0.268135 
-1.65 0.05 0.343308 
-1.65 0.1 0.422926 
-1.65 0.15 0.520603 
-1.65 0.2 0.639571 
-1.65 0.25 0.792132 
-1.65 0.3 1.006827 
-1.65 0.35 1.270499 
-1.65 0.4 1.621816 
-1.65 0.45 2.067621 
-1.65 0.5 2.654563 
-1.65 0.55 3.429431 
-1.65 0.6 4.479079 
-1.65 0.65 5.902095 
-1.65 0.7 8.058271 
-1.65 0.75 11.186385 
-1.65 0.8 15.965633 
-1.65 0.85 24.035540 
-1.6 -1 0.000001 
-1.6 -0.95 0.000023 
-1.6 -0.9 0.000027 
-1.6 -0.85 0.000110 
-1.6 -0.8 0.000164 
-1.6 -0.75 0.000555 
-1.6 -0.7 0.001200 
-1.6 -0.65 0.002036 
-1.6 -0.6 0.002749 
-1.6 -0.55 0.003893 
-1.6 -0.5 0.005314 
-1.6 -0.45 0.007861 
-1.6 -0.4 0.013064 
-1.6 -0.35 0.021893 
-1.6 -0.3 0.037280 
-1.6 -0.25 0.055378 
-1.6 -0.2 0.077541 
-1.6 -0.15 0.113475 
-1.6 -0.1 0.159432 
-1.6 -0.05 0.213759 
-1.6 0 0.293856 
-1.6 0.05 0.376459 
-1.6 0.1 0.464017 
-1.6 0.15 0.571485 
-1.6 0.2 0.702046 
-1.6 0.25 0.870107 
-1.6 0.3 1.106613 
-1.6 0.35 1.398636 
-1.6 0.4 1.786556 
-1.6 0.45 2.280678 
-1.6 0.5 2.934203 
-1.6 0.55 3.797304 
-1.6 0.6 4.970497 
-1.6 0.65 6.571312 
-1.6 0.7 9.007197 
-1.6 0.75 12.569277 
-1.6 0.8 18.053053 
-1.6 0.85 27.310924 
-1.55 -1 0.000001 
-1.55 -0.95 0.000026 
-1.55 -0.9 0.000031 
-1.55 -0.85 0.000122 
-1.55 -0.8 0.000183 
-1.55 -0.75 0.000619 
-1.55 -0.7 0.001341 
-1.55 -0.65 0.002270 
-1.55 -0.6 0.003068 
-1.55 -0.55 0.004347 
-1.55 -0.5 0.005943 
-1.55 -0.45 0.008777 
-1.55 -0.4 0.014566 
-1.55 -0.35 0.024419 
-1.55 -0.3 0.041557 
-1.55 -0.25 0.061668 
-1.55 -0.2 0.086426 
-1.55 -0.15 0.126594 
-1.55 -0.1 0.177879 
-1.55 -0.05 0.238627 
-1.55 0 0.328118 
-1.55 0.05 0.420261 
-1.55 0.1 0.518310 
-1.55 0.15 0.638419 
-1.55 0.2 0.785486 
-1.55 0.25 0.974292 
-1.55 0.3 1.239857 
-1.55 0.35 1.567643 
-1.55 0.4 2.005956 
-1.55 0.45 2.564453 
-1.55 0.5 3.304925 
-1.55 0.55 4.284425 
-1.55 0.6 5.626696 
-1.55 0.65 7.464540 
-1.55 0.7 10.277824 
-1.55 0.75 14.425518 
-1.55 0.8 20.867511 
-1.55 0.85 31.713234 
-1.5 -1 0.000002 
-1.5 -0.95 0.000030 
-1.5 -0.9 0.000037 
-1.5 -0.85 0.000140 
-1.5 -0.8 0.000208 
-1.5 -0.75 0.000704 
-1.5 -0.7 0.001533 
-1.5 -0.65 0.002593 
-1.5 -0.6 0.003499 
-1.5 -0.55 0.004954 
-1.5 -0.5 0.006767 
-1.5 -0.45 0.010003 
-1.5 -0.4 0.016580 
-1.5 -0.35 0.027767 
-1.5 -0.3 0.047243 
-1.5 -0.25 0.070139 
-1.5 -0.2 0.098295 
-1.5 -0.15 0.144049 
-1.5 -0.1 0.202670 
-1.5 -0.05 0.271674 
-1.5 0 0.373764 
-1.5 0.05 0.479070 
-1.5 0.1 0.590925 
-1.5 0.15 0.728525 
-1.5 0.2 0.896508 
-1.5 0.25 1.112687 
-1.5 0.3 1.417885 
-1.5 0.35 1.794636 
-1.5 0.4 2.298886 
-1.5 0.45 2.943877 
-1.5 0.5 3.801975 
-1.5 0.55 4.942664 
-1.5 0.6 6.510747 
-1.5 0.65 8.673324 
-1.5 0.7 12.003561 
-1.5 0.75 16.960330 
-1.5 0.8 24.706402 
-1.5 0.85 37.618047 
-1.45 -1 0.000003 
-1.45 -0.95 0.000035 
-1.45 -0.9 0.000045 
-1.45 -0.85 0.000164 
-1.45 -0.8 0.000243 
-1.45 -0.75 0.000820 
-1.45 -0.7 0.001786 
-1.45 -0.65 0.003026 
-1.45 -0.6 0.004085 
-1.45 -0.55 0.005779 
-1.45 -0.5 0.007893 
-1.45 -0.45 0.011654 
-1.45 -0.4 0.019304 
-1.45 -0.35 0.032297 
-1.45 -0.3 0.054926 
-1.45 -0.25 0.081540 
-1.45 -0.2 0.114431 
-1.45 -0.15 0.167728 
-1.45 -0.1 0.235968 
-1.45 -0.05 0.316343 
-1.45 0 0.435415 
-1.45 0.05 0.558298 
-1.45 0.1 0.688914 
-1.45 0.15 0.849942 
-1.45 0.2 1.047259 
-1.45 0.25 1.300672 
-1.45 0.3 1.658156 
-1.45 0.35 2.101883 
-1.45 0.4 2.695882 
-1.45 0.45 3.458290 
-1.45 0.5 4.475895 
-1.45 0.55 5.834553 
-1.45 0.6 7.712873 
-1.45 0.65 10.321866 
-1.45 0.7 14.369702 
-1.45 0.75 20.450506 
-1.45 0.8 30.000932 
-1.45 0.85 45.543724 
-1.4 -1 0.000004 
-1.4 -0.95 0.000043 
-1.4 -0.9 0.000056 
-1.4 -0.85 0.000197 
-1.4 -0.8 0.000291 
-1.4 -0.75 0.000979 
-1.4 -0.7 0.002139 
-1.4 -0.65 0.003613 
-1.4 -0.6 0.004877 
-1.4 -0.55 0.006902 
-1.4 -0.5 0.009433 
-1.4 -0.45 0.013930 
-1.4 -0.4 0.023011 
-1.4 -0.35 0.038475 
-1.4 -0.3 0.065408 
-1.4 -0.25 0.097139 
-1.4 -0.2 0.136382 
-1.4 -0.15 0.200104 
-1.4 -0.1 0.281466 
-1.4 -0.05 0.377689 
-1.4 0 0.519820 
-1.4 0.05 0.666534 
-1.4 0.1 0.822978 
-1.4 0.15 1.015911 
-1.4 0.2 1.252094 
-1.4 0.25 1.557250 
-1.4 0.3 1.987369 
-1.4 0.35 2.521973 
-1.4 0.4 3.240321 
-1.4 0.45 4.163805 
-1.4 0.5 5.401620 
-1.4 0.55 7.061827 
-1.4 0.6 9.371242 
-1.4 0.65 12.607271 
-1.4 0.7 17.658359 
-1.4 0.75 25.324715 
-1.4 0.8 37.352878 
-1.35 -1 0.000007 
-1.35 -0.95 0.000053 
-1.35 -0.9 0.000072 
-1.35 -0.85 0.000242 
-1.35 -0.8 0.000356 
-1.35 -0.75 0.001199 
-1.35 -0.7 0.002623 
-1.35 -0.65 0.004435 
-1.35 -0.6 0.005983 
-1.35 -0.55 0.008459 
-1.35 -0.5 0.011558 
-1.35 -0.45 0.017064 
-1.35 -0.4 0.028179 
-1.35 -0.35 0.047046 
-1.35 -0.3 0.079921 
-1.35 -0.25 0.118687 
-1.35 -0.2 0.166778 
-1.35 -0.15 0.244871 
-1.35 -0.1 0.344639 
-1.35 -0.05 0.462183 
-1.35 0 0.636157 
-1.35 0.05 0.815879 
-1.35 0.1 1.007867 
-1.35 0.15 1.244653 
-1.35 0.2 1.535868 
-1.35 0.25 1.911862 
-1.35 0.3 2.442386 
-1.35 0.35 3.102901 
-1.35 0.4 3.993311 
-1.35 0.45 5.140769 
-1.35 0.5 6.686136 
-1.35 0.55 8.771154 
-1.35 0.6 11.687335 
-1.35 0.65 15.807864 
-1.35 0.7 22.300872 
-1.35 0.75 32.217359 
-1.35 0.8 47.580582 
-1.3 -1 0.000011 
-1.3 -0.95 0.000069 
-1.3 -0.9 0.000095 
-1.3 -0.85 0.000307 
-1.3 -0.8 0.000449 
-1.3 -0.75 0.001508 
-1.3 -0.7 0.003306 
-1.3 -0.65 0.005580 
-1.3 -0.6 0.007531 
-1.3 -0.55 0.010648 
-1.3 -0.5 0.014567 
-1.3 -0.45 0.021461 
-1.3 -0.4 0.035419 
-1.3 -0.35 0.059036 
-1.3 -0.3 0.100202 
-1.3 -0.25 0.148905 
-1.3 -0.2 0.209355 
-1.3 -0.15 0.307436 
-1.3 -0.1 0.432957 
-1.3 -0.05 0.580628 
-1.3 0 0.799255 
-1.3 0.05 1.025151 
-1.3 0.1 1.267002 
-1.3 0.15 1.565886 
-1.3 0.2 1.934040 
-1.3 0.25 2.408725 
-1.3 0.3 3.080377 
-1.3 0.35 3.919144 
-1.3 0.4 5.050298 
-1.3 0.45 6.514302 
-1.3 0.5 8.492920 
-1.3 0.55 11.175993 
-1.3 0.6 14.958629 
-1.3 0.65 20.358168 
-1.3 0.7 28.915795 
-1.3 0.75 42.051350 
-1.3 0.8 61.629106 
-1.25 -1 0.000017 
-1.25 -0.95 0.000091 
-1.25 -0.9 0.000129 
-1.25 -0.85 0.000399 
-1.25 -0.8 0.000581 
-1.25 -0.75 0.001947 
-1.25 -0.7 0.004278 
-1.25 -0.65 0.007226 
-1.25 -0.6 0.009739 
-1.25 -0.55 0.013758 
-1.25 -0.5 0.018818 
-1.25 -0.45 0.027709 
-1.25 -0.4 0.045704 
-1.25 -0.35 0.076084 
-1.25 -0.3 0.129052 
-1.25 -0.25 0.191735 
-1.25 -0.2 0.269714 
-1.25 -0.15 0.396344 
-1.25 -0.1 0.558171 
-1.25 -0.05 0.748693 
-1.25 0 1.030458 
-1.25 0.05 1.321421 
-1.25 0.1 1.633350 
-1.25 0.15 2.020984 
-1.25 0.2 2.497415 
-1.25 0.25 3.112537 
-1.25 0.3 3.985056 
-1.25 0.35 5.075157 
-1.25 0.4 6.548472 
-1.25 0.45 8.463324 
-1.25 0.5 11.064223 
-1.25 0.55 14.611865 
-1.25 0.6 19.648373 
-1.25 0.65 26.902049 
-1.25 0.7 38.478326 
-1.25 0.75 56.138880 
-1.2 -1 0.000027 
-1.2 -0.95 0.000125 
-1.2 -0.9 0.000180 
-1.2 -0.85 0.000532 
-1.2 -0.8 0.000772 
-1.2 -0.75 0.002581 
-1.2 -0.7 0.005678 
-1.2 -0.65 0.009586 
-1.2 -0.6 0.012929 
-1.2 -0.55 0.018242 
-1.2 -0.5 0.024963 
-1.2 -0.45 0.036754 
-1.2 -0.4 0.060478 
-1.2 -0.35 0.100580 
-1.2 -0.3 0.170441 
-1.2 -0.25 0.253347 
-1.2 -0.2 0.356454 
-1.2 -0.15 0.524110 
-1.2 -0.1 0.738203 
-1.2 -0.05 0.989746 
-1.2 0 1.362239 
-1.2 0.05 1.746565 
-1.2 0.1 2.159775 
-1.2 0.15 2.672004 
-1.2 0.2 3.305061 
-1.2 0.25 4.122225 
-1.2 0.3 5.280861 
-1.2 0.35 6.733574 
-1.2 0.4 8.700811 
-1.2 0.45 11.264060 
-1.2 0.5 14.760193 
-1.2 0.55 19.562651 
-1.2 0.6 26.433982 
-1.2 0.65 36.433142 
-1.2 0.7 52.402820 
-1.2 0.75 76.143358 
-1.15 -1 0.000043 
-1.15 -0.95 0.000175 
-1.15 -0.9 0.000255 
-1.15 -0.85 0.000730 
-1.15 -0.8 0.001052 
-1.15 -0.75 0.003506 
-1.15 -0.7 0.007725 
-1.15 -0.65 0.013028 
-1.15 -0.6 0.017570 
-1.15 -0.55 0.024790 
-1.15 -0.5 0.033898 
-1.15 -0.45 0.049884 
-1.15 -0.4 0.081989 
-1.15 -0.35 0.136205 
-1.15 -0.3 0.230795 
-1.15 -0.25 0.342880 
-1.15 -0.2 0.482800 
-1.15 -0.15 0.710119 
-1.15 -0.1 0.999519 
-1.15 -0.05 1.339821 
-1.15 0 1.843021 
-1.15 0.05 2.363199 
-1.15 0.1 2.921808 
-1.15 0.15 3.616263 
-1.15 0.2 4.475041 
-1.15 0.25 5.586919 
-1.15 0.3 7.160742 
-1.15 0.35 9.138811 
-1.15 0.4 11.818003 
-1.15 0.45 15.326647 
-1.15 0.5 20.135685 
-1.15 0.55 26.776959 
-1.15 0.6 36.359785 
-1.15 0.65 50.438287 
-1.15 0.7 72.761371 
-1.1 -1 0.000069 
-1.1 -0.95 0.000250 
-1.1 -0.9 0.000369 
-1.1 -0.85 0.001022 
-1.1 -0.8 0.001466 
-1.1 -0.75 0.004870 
-1.1 -0.7 0.010756 
-1.1 -0.65 0.018118 
-1.1 -0.6 0.024428 
-1.1 -0.55 0.034471 
-1.1 -0.5 0.047132 
-1.1 -0.45 0.069294 
-1.1 -0.4 0.113804 
-1.1 -0.35 0.188729 
-1.1 -0.3 0.319537 
-1.1 -0.25 0.474831 
-1.1 -0.2 0.668470 
-1.1 -0.15 0.983329 
-1.1 -0.1 1.384052 
-1.1 -0.05 1.853578 
-1.1 0 2.548460 
-1.1 0.05 3.265976 
-1.1 0.1 4.036197 
-1.1 0.15 4.998214 
-1.1 0.2 6.188278 
-1.1 0.25 7.728451 
-1.1 0.3 9.912477 
-1.1 0.35 12.655781 
-1.1 0.4 16.379267 
-1.1 0.45 21.276610 
-1.1 0.5 28.012952 
-1.1 0.55 37.378568 
-1.1 0.6 51.002513 
-1.1 0.65 71.145752 
-1.1 0.7 102.303223 
-1.05 -1 0.000109 
-1.05 -0.95 0.000364 
-1.05 -0.9 0.000543 
-1.05 -0.85 0.001458 
-1.05 -0.8 0.002086 
-1.05 -0.75 0.006907 
-1.05 -0.7 0.015262 
-1.05 -0.65 0.025730 
-1.05 -0.6 0.034668 
-1.05 -0.55 0.048891 
-1.05 -0.5 0.066853 
-1.05 -0.45 0.098308 
-1.05 -0.4 0.161178 
-1.05 -0.35 0.267099 
-1.05 -0.3 0.451721 
-1.05 -0.25 0.670944 
-1.05 -0.2 0.944549 
-1.05 -0.15 1.389089 
-1.05 -0.1 1.953445 
-1.05 -0.05 2.614771 
-1.05 0 3.590971 
-1.05 0.05 4.598984 
-1.05 0.1 5.681659 
-1.05 0.15 7.034447 
-1.05 0.2 8.714670 
-1.05 0.25 10.883691 
-1.05 0.3 13.963496 
-1.05 0.35 17.833635 
-1.05 0.4 23.095458 
-1.05 0.45 30.033781 
-1.05 0.5 39.624302 
-1.05 0.55 53.063824 
-1.05 0.6 72.709321 
-1.05 0.65 101.790056 
-1 -1 0.000173 
-1 -0.95 0.000539 
-1 -0.9 0.000809 
-1 -0.85 0.002121 
-1 -0.8 0.003019 
-1 -0.75 0.009974 
-1 -0.7 0.022082 
-1 -0.65 0.037184 
-1 -0.6 0.050139 
-1 -0.55 0.070676 
-1 -0.5 0.096582 
-1 -0.45 0.141867 
-1 -0.4 0.232388 
-1 -0.35 0.384677 
-1 -0.3 0.650223 
-1 -0.25 0.965361 
-1 -0.2 1.358323 
-1 -0.15 1.996803 
-1 -0.1 2.805884 
-1 -0.05 3.750459 
-1 0 5.144148 
-1 0.05 6.581769 
-1 0.1 8.123774 
-1 0.15 10.058150 
-1 0.2 12.458232 
-1 0.25 15.560918 
-1 0.3 19.965823 
-1 0.35 25.503190 
-1 0.4 33.022733 
-1 0.45 42.988724 
-1 0.5 56.830395 
-1 0.55 76.338823 
-1 0.6 104.947312 
-0.95 -1 0.000274 
-0.95 -0.95 0.000807 
-0.95 -0.9 0.001220 
-0.95 -0.85 0.003135 
-0.95 -0.8 0.004444 
-0.95 -0.75 0.014633 
-0.95 -0.7 0.032433 
-0.95 -0.65 0.054615 
-0.95 -0.6 0.073603 
-0.95 -0.55 0.103779 
-0.95 -0.5 0.141773 
-0.95 -0.45 0.208138 
-0.95 -0.4 0.340598 
-0.95 -0.35 0.562924 
-0.95 -0.3 0.950856 
-0.95 -0.25 1.410889 
-0.95 -0.2 1.983203 
-0.95 -0.15 2.913142 
-0.95 -0.1 4.088101 
-0.95 -0.05 5.455098 
-0.95 0 7.471920 
-0.95 0.05 9.543616 
-0.95 0.1 11.768411 
-0.95 0.15 14.561336 
-0.95 0.2 18.035481 
-0.95 0.25 22.521274 
-0.95 0.3 28.882120 
-0.95 0.35 36.885666 
-0.95 0.4 47.738179 
-0.95 0.45 62.199648 
-0.95 0.5 82.338489 
-0.95 0.55 110.882435 
-0.9 -1 0.000434 
-0.9 -0.95 0.001224 
-0.9 -0.9 0.001855 
-0.9 -0.85 0.004685 
-0.9 -0.8 0.006622 
-0.9 -0.75 0.021769 
-0.9 -0.7 0.048310 
-0.9 -0.65 0.081306 
-0.9 -0.6 0.109641 
-0.9 -0.55 0.154480 
-0.9 -0.5 0.211135 
-0.9 -0.45 0.309505 
-0.9 -0.4 0.505841 
-0.9 -0.35 0.835084 
-0.9 -0.3 1.408865 
-0.9 -0.25 2.088652 
-0.9 -0.2 2.933536 
-0.9 -0.15 4.303437 
-0.9 -0.1 6.028504 
-0.9 -0.05 8.024636 
-0.9 0 10.968378 
-0.9 0.05 13.980735 
-0.9 0.1 17.213817 
-0.9 0.15 21.281766 
-0.9 0.2 26.358989 
-0.9 0.25 32.889292 
-0.9 0.3 42.142833 
-0.9 0.35 53.778826 
-0.9 0.4 69.550040 
-0.9 0.45 90.632567 
-0.9 0.5 120.091238 
-0.85 -1 0.000688 
-0.85 -0.95 0.001871 
-0.85 -0.9 0.002842 
-0.85 -0.85 0.007085 
-0.85 -0.8 0.009980 
-0.85 -0.75 0.032749 
-0.85 -0.7 0.072718 
-0.85 -0.65 0.122509 
-0.85 -0.6 0.165219 
-0.85 -0.55 0.232796 
-0.85 -0.5 0.317837 
-0.85 -0.45 0.465584 
-0.85 -0.4 0.759868 
-0.85 -0.35 1.252384 
-0.85 -0.3 2.110910 
-0.85 -0.25 3.126131 
-0.85 -0.2 4.382988 
-0.85 -0.15 6.419007 
-0.85 -0.1 8.971426 
-0.85 -0.05 11.906480 
-0.85 0 16.229305 
-0.85 0.05 20.635464 
-0.85 0.1 25.354367 
-0.85 0.15 31.309570 
-0.85 0.2 38.756686 
-0.85 0.25 48.301820 
-0.85 0.3 61.821733 
-0.85 0.35 78.780321 
-0.85 0.4 101.725545 
-0.85 0.45 132.522924 
-0.8 -1 0.001090 
-0.8 -0.95 0.002882 
-0.8 -0.9 0.004387 
-0.8 -0.85 0.010811 
-0.8 -0.8 0.015190 
-0.8 -0.75 0.049753 
-0.8 -0.7 0.110622 
-0.8 -0.65 0.186401 
-0.8 -0.6 0.251291 
-0.8 -0.55 0.354216 
-0.8 -0.5 0.483197 
-0.8 -0.45 0.707015 
-0.8 -0.4 1.152258 
-0.8 -0.35 1.896005 
-0.8 -0.3 3.191371 
-0.8 -0.25 4.718902 
-0.8 -0.2 6.602215 
-0.8 -0.15 9.645978 
-0.8 -0.1 13.439001 
-0.8 -0.05 17.770085 
-0.8 0 24.137797 
-0.8 0.05 30.587476 
-0.8 0.1 37.477162 
-0.8 0.15 46.220592 
-0.8 0.2 57.162204 
-0.8 0.25 71.122824 
-0.8 0.3 90.854551 
-0.8 0.35 115.557106 
-0.8 0.4 148.857115 
-0.75 -1 0.001730 
-0.75 -0.95 0.004465 
-0.75 -0.9 0.006799 
-0.75 -0.85 0.016614 
-0.75 -0.8 0.023293 
-0.75 -0.75 0.076170 
-0.75 -0.7 0.169548 
-0.75 -0.65 0.285821 
-0.75 -0.6 0.385607 
-0.75 -0.55 0.543414 
-0.75 -0.5 0.740943 
-0.75 -0.45 1.082468 
-0.75 -0.4 1.760860 
-0.75 -0.35 2.891993 
-0.75 -0.3 4.859201 
-0.75 -0.25 7.169869 
-0.75 -0.2 10.003287 
-0.75 -0.15 14.569712 
-0.75 -0.1 20.215473 
-0.75 -0.05 26.602518 
-0.75 0 35.977499 
-0.75 0.05 45.402565 
-0.75 0.1 55.446946 
-0.75 0.15 68.238078 
-0.75 0.2 84.287590 
-0.75 0.25 104.621876 
-0.75 0.3 133.301801 
-0.75 0.35 169.079002 
-0.7 -1 0.002746 
-0.7 -0.95 0.006950 
-0.7 -0.9 0.010578 
-0.7 -0.85 0.025698 
-0.7 -0.8 0.035957 
-0.7 -0.75 0.117351 
-0.7 -0.7 0.261534 
-0.7 -0.65 0.441463 
-0.7 -0.6 0.595506 
-0.7 -0.55 0.839505 
-0.7 -0.5 1.143330 
-0.7 -0.45 1.666908 
-0.7 -0.4 2.707176 
-0.7 -0.35 4.435292 
-0.7 -0.3 7.438414 
-0.7 -0.25 10.945656 
-0.7 -0.2 15.213310 
-0.7 -0.15 22.068113 
-0.7 -0.1 30.459348 
-0.7 -0.05 39.839670 
-0.7 0 53.578923 
-0.7 0.05 67.269352 
-0.7 0.1 81.808065 
-0.7 0.15 100.439629 
-0.7 0.2 123.853528 
-0.7 0.25 153.222768 
-0.7 0.3 194.581024 
-0.65 -1 0.004357 
-0.65 -0.95 0.010857 
-0.65 -0.9 0.016510 
-0.65 -0.85 0.039952 
-0.65 -0.8 0.055784 
-0.65 -0.75 0.181719 
-0.65 -0.7 0.405688 
-0.65 -0.65 0.685409 
-0.65 -0.6 0.925186 
-0.65 -0.55 1.304621 
-0.65 -0.5 1.774143 
-0.65 -0.45 2.581185 
-0.65 -0.4 4.181052 
-0.65 -0.35 6.830442 
-0.65 -0.3 11.426743 
-0.65 -0.25 16.754809 
-0.65 -0.2 23.174471 
-0.65 -0.15 33.438497 
-0.65 -0.1 45.854428 
-0.65 -0.05 59.510513 
-0.65 0 79.489845 
-0.65 0.05 99.179536 
-0.65 0.1 120.008936 
-0.65 0.15 146.895860 
-0.65 0.2 180.737427 
-0.65 0.25 222.654175 
-0.6 -1 0.006918 
-0.6 -0.95 0.017007 
-0.6 -0.9 0.025820 
-0.6 -0.85 0.062356 
-0.6 -0.8 0.086889 
-0.6 -0.75 0.282548 
-0.6 -0.7 0.632002 
-0.6 -0.65 1.069299 
-0.6 -0.6 1.444457 
-0.6 -0.55 2.037488 
-0.6 -0.5 2.765610 
-0.6 -0.45 4.012626 
-0.6 -0.4 6.479213 
-0.6 -0.35 10.545911 
-0.6 -0.3 17.587929 
-0.6 -0.25 25.673064 
-0.6 -0.2 35.286621 
-0.6 -0.15 50.565623 
-0.6 -0.1 68.760389 
-0.6 -0.05 88.400099 
-0.6 0 117.095436 
-0.6 0.05 145.010934 
-0.6 0.1 174.428144 
-0.6 0.15 212.745735 
-0.6 0.2 261.013312 
-0.55 -1 0.010987 
-0.55 -0.95 0.026718 
-0.55 -0.9 0.040436 
-0.55 -0.85 0.097671 
-0.55 -0.8 0.135740 
-0.55 -0.75 0.440643 
-0.55 -0.7 0.987915 
-0.55 -0.65 1.674676 
-0.55 -0.6 2.264485 
-0.55 -0.55 3.195425 
-0.55 -0.5 4.326877 
-0.55 -0.45 6.256815 
-0.55 -0.4 10.063357 
-0.55 -0.35 16.303532 
-0.55 -0.3 27.077540 
-0.55 -0.25 39.296932 
-0.55 -0.2 53.571822 
-0.55 -0.15 76.096188 
-0.55 -0.1 102.412422 
-0.55 -0.05 130.135252 
-0.55 0 170.652823 
-0.55 0.05 209.580254 
-0.55 0.1 250.368123 
-0.55 0.15 304.129065 
-0.5 -1 0.017468 
-0.5 -0.95 0.042056 
-0.5 -0.9 0.063391 
-0.5 -0.85 0.153430 
-0.5 -0.8 0.212617 
-0.5 -0.75 0.688701 
-0.5 -0.7 1.548783 
-0.5 -0.65 2.631608 
-0.5 -0.6 3.562393 
-0.5 -0.55 5.030085 
-0.5 -0.5 6.788814 
-0.5 -0.45 9.776014 
-0.5 -0.4 15.647157 
-0.5 -0.35 25.196899 
-0.5 -0.3 41.625385 
-0.5 -0.25 59.959060 
-0.5 -0.2 80.897948 
-0.5 -0.15 113.632973 
-0.5 -0.1 150.968283 
-0.5 -0.05 189.164832 
-0.5 0 245.196785 
-0.5 0.05 298.381292 
-0.5 0.1 353.757798 
-0.45 -1 0.027785 
-0.45 -0.95 0.066347 
-0.45 -0.9 0.099399 
-0.45 -0.85 0.241639 
-0.45 -0.8 0.333505 
-0.45 -0.75 1.077928 
-0.45 -0.7 2.433530 
-0.45 -0.65 4.146953 
-0.45 -0.6 5.622645 
-0.45 -0.55 7.944959 
-0.45 -0.5 10.678656 
-0.45 -0.45 15.297046 
-0.45 -0.4 24.323195 
-0.45 -0.35 38.872640 
-0.45 -0.3 63.765301 
-0.45 -0.25 90.971125 
-0.45 -0.2 121.119470 
-0.45 -0.15 167.743389 
-0.45 -0.1 219.434606 
-0.45 -0.05 270.519587 
-0.45 0 346.112985 
-0.45 0.05 417.284517 
-0.4 -1 0.044220 
-0.4 -0.95 0.104870 
-0.4 -0.9 0.155820 
-0.4 -0.85 0.381564 
-0.4 -0.8 0.523624 
-0.4 -0.75 1.688172 
-0.4 -0.7 3.830032 
-0.4 -0.65 6.552717 
-0.4 -0.6 8.901060 
-0.4 -0.55 12.586518 
-0.4 -0.5 16.827287 
-0.4 -0.45 23.948903 
-0.4 -0.4 37.744747 
-0.4 -0.35 59.746414 
-0.4 -0.3 97.097046 
-0.4 -0.25 136.834064 
-0.4 -0.2 179.152748 
-0.4 -0.15 243.825206 
-0.4 -0.1 313.209476 
-0.4 -0.05 379.208049 
-0.4 0 478.555635 
-0.35 -1 0.070471 
-0.35 -0.95 0.166187 
-0.35 -0.9 0.244126 
-0.35 -0.85 0.604020 
-0.35 -0.8 0.822360 
-0.35 -0.75 2.644019 
-0.35 -0.7 6.035318 
-0.35 -0.65 10.374571 
-0.35 -0.6 14.130650 
-0.35 -0.55 19.993744 
-0.35 -0.5 26.550434 
-0.35 -0.45 37.485989 
-0.35 -0.4 58.381682 
-0.35 -0.35 91.279648 
-0.35 -0.3 146.544530 
-0.35 -0.25 203.315405 
-0.35 -0.2 260.703433 
-0.35 -0.15 347.457169 
-0.35 -0.1 437.246970 
-0.35 -0.05 519.532056 
-0.3 -1 0.112402 
-0.3 -0.95 0.263990 
-0.3 -0.9 0.381958 
-0.3 -0.85 0.958867 
-0.3 -0.8 1.290654 
-0.3 -0.75 4.139142 
-0.3 -0.7 9.516401 
-0.3 -0.65 16.456122 
-0.3 -0.6 22.493841 
-0.3 -0.55 31.841657 
-0.3 -0.5 41.924272 
-0.3 -0.45 58.608370 
-0.3 -0.4 89.794850 
-0.3 -0.35 138.264174 
-0.3 -0.3 218.405226 
-0.3 -0.25 297.135644 
-0.3 -0.2 371.490952 
-0.3 -0.15 483.353335 
-0.3 -0.1 595.010888 
-0.25 -1 0.179439 
-0.25 -0.95 0.420402 
-0.25 -0.9 0.596578 
-0.25 -0.85 1.526410 
-0.25 -0.8 2.022736 
-0.25 -0.75 6.475237 
-0.25 -0.7 15.007985 
-0.25 -0.65 26.141187 
-0.25 -0.6 35.898375 
-0.25 -0.55 50.817046 
-0.25 -0.5 66.218974 
-0.25 -0.45 91.387612 
-0.25 -0.4 136.957218 
-0.25 -0.35 206.909052 
-0.25 -0.3 320.072694 
-0.25 -0.25 425.048985 
-0.25 -0.2 516.021807 
-0.25 -0.15 654.212412 
-0.2 -1 0.286537 
-0.2 -0.95 0.670193 
-0.2 -0.9 0.929810 
-0.2 -0.85 2.435274 
-0.2 -0.8 3.163302 
-0.2 -0.75 10.126900 
-0.2 -0.7 23.668112 
-0.2 -0.65 41.562440 
-0.2 -0.6 57.405777 
-0.2 -0.55 81.215811 
-0.2 -0.5 104.524809 
-0.2 -0.45 141.754000 
-0.2 -0.4 206.390311 
-0.2 -0.35 304.603390 
-0.2 -0.3 458.993234 
-0.2 -0.25 592.228204 
-0.2 -0.2 696.453001 
-0.15 -1 0.457581 
-0.15 -0.95 1.065573 
-0.15 -0.9 1.447357 
-0.15 -0.85 3.886958 
-0.15 -0.8 4.932446 
-0.15 -0.75 15.851638 
-0.15 -0.7 37.322559 
-0.15 -0.65 66.101339 
-0.15 -0.6 91.821014 
-0.15 -0.55 129.815295 
-0.15 -0.5 164.603974 
-0.15 -0.45 217.944983 
-0.15 -0.4 306.305690 
-0.15 -0.35 439.028869 
-0.15 -0.3 640.576626 
-0.15 -0.25 800.884438 
-0.1 -1 0.730717 
-0.1 -0.95 1.684353 
-0.1 -0.9 2.258155 
-0.1 -0.85 6.190482 
-0.1 -0.8 7.661011 
-0.1 -0.75 24.872253 
-0.1 -0.7 58.810059 
-0.1 -0.65 105.072686 
-0.1 -0.6 146.402766 
-0.1 -0.55 207.042949 
-0.1 -0.5 257.681358 
-0.1 -0.45 330.907514 
-0.1 -0.4 446.673720 
-0.1 -0.35 617.382530 
-0.1 -0.3 865.373095 
-0.05 -1 1.164976 
-0.05 -0.95 2.651024 
-0.05 -0.9 3.555239 
-0.05 -0.85 9.815030 
-0.05 -0.8 11.869889 
-0.05 -0.75 38.988195 
-0.05 -0.7 92.258790 
-0.05 -0.65 166.775687 
-0.05 -0.6 232.317235 
-0.05 -0.55 329.012928 
-0.05 -0.5 398.934673 
-0.05 -0.45 494.384387 
-0.05 -0.4 637.578319 
-0.05 -0.35 847.250893 
0 -1 1.853198 
0 -0.95 4.176641 
0 -0.9 5.708393 
0 -0.85 15.345661 
0 -0.8 18.374989 
0 -0.75 60.117191 
0 -0.7 143.578299 
0 -0.65 264.008681 
0 -0.6 367.900510 
0 -0.55 520.954912 
0 -0.5 609.120435 
0 -0.45 724.742660 
0 -0.4 880.787206 
0.05 -1 2.984043 
0.05 -0.95 6.529863 
0.05 -0.9 9.432440 
0.05 -0.85 23.708136 
0.05 -0.8 28.440084 
0.05 -0.75 92.239693 
0.05 -0.7 221.946660 
0.05 -0.65 413.762026 
0.05 -0.6 578.862496 
0.05 -0.55 812.247396 
0.05 -0.5 910.486306 
0.05 -0.45 1036.411285 
0.1 -1 4.720826 
0.1 -0.95 10.113045 
0.1 -0.9 15.767477 
0.1 -0.85 37.447638 
0.1 -0.8 44.672489 
0.1 -0.75 139.553091 
0.1 -0.7 338.420212 
0.1 -0.65 637.444144 
0.1 -0.6 898.075485 
0.1 -0.55 1237.114113 
0.1 -0.5 1321.273324 
0.15 -1 6.940462 
0.15 -0.95 15.856061 
0.15 -0.9 25.507438 
0.15 -0.85 57.401032 
0.15 -0.8 69.790730 
0.15 -0.75 207.436933 
0.15 -0.7 499.709556 
0.15 -0.65 958.041095 
0.15 -0.6 1360.272510 
0.15 -0.55 1780.547418 
0.2 -1 9.901675 
0.2 -0.95 25.497824 
0.2 -0.9 38.882688 
0.2 -0.85 89.976766 
0.2 -0.8 107.891528 
0.2 -0.75 307.005613 
0.2 -0.7 718.055541 
0.2 -0.65 1379.886587 
0.2 -0.6 1954.395403 
0.25 -1 16.680551 
0.25 -0.95 40.584022 
0.25 -0.9 61.174578 
0.25 -0.85 138.582664 
0.25 -0.8 166.125052 
0.25 -0.75 436.368932 
0.25 -0.7 1007.471094 
0.25 -0.65 1914.616266 
0.3 -1 30.120937 
0.3 -0.95 64.331916 
0.3 -0.9 81.004583 
0.3 -0.85 212.682116 
0.3 -0.8 244.928940 
0.3 -0.75 603.582960 
0.3 -0.7 1373.127212 
0.35 -1 50.744530 
0.35 -0.95 99.254426 
0.35 -0.9 124.335399 
0.35 -0.85 310.257093 
0.35 -0.8 366.264180 
0.35 -0.75 725.758918 
0.4 -1 64.585387 
0.4 -0.95 154.238423 
0.4 -0.9 222.227245 
0.4 -0.85 468.160936 
0.4 -0.8 565.249691 
0.45 -1 103.020213 
0.45 -0.95 209.129998 
0.45 -0.9 358.995232 
0.45 -0.85 748.749036 
0.5 -1 166.805550 
0.5 -0.95 319.263361 
0.5 -0.9 609.121846 
0.55 -1 242.672383 
0.55 -0.95 458.575846 
0.6 -1 408.975686 
