-3 -2 -0.000000 
-3 -1.9 0.000000 
-3 -1.8 0.000000 
-3 -1.7 0.000000 
-3 -1.6 0.000000 
-3 -1.5 0.000000 
-3 -1.4 0.000000 
-3 -1.3 0.000000 
-3 -1.2 0.000000 
-3 -1.1 0.000000 
-3 -1 0.000000 
-3 -0.9 0.000000 
-3 -0.8 0.000000 
-3 -0.7 0.000001 
-3 -0.6 0.000001 
-3 -0.5 0.000003 
-3 -0.4 0.000008 
-3 -0.3 0.000028 
-3 -0.2 0.000050 
-3 -0.1 0.000132 
-3 0 0.000301 
-3 0.1 0.000938 
-3 0.2 0.001455 
-3 0.3 0.001517 
-3 0.4 0.002575 
-3 0.5 0.003546 
-3 0.6 0.004594 
-3 0.7 0.005792 
-3 0.8 0.014857 
-3 0.9 0.321748 
-3 1 274.165417 
-2.9 -2 0.000002 
-2.9 -1.9 0.000002 
-2.9 -1.8 0.000002 
-2.9 -1.7 0.000002 
-2.9 -1.6 0.000002 
-2.9 -1.5 0.000002 
-2.9 -1.4 0.000002 
-2.9 -1.3 0.000002 
-2.9 -1.2 0.000002 
-2.9 -1.1 0.000002 
-2.9 -1 0.000002 
-2.9 -0.9 0.000002 
-2.9 -0.8 0.000001 
-2.9 -0.7 0.000001 
-2.9 -0.6 0.000001 
-2.9 -0.5 0.000001 
-2.9 -0.4 0.000004 
-2.9 -0.3 0.000020 
-2.9 -0.2 0.000035 
-2.9 -0.1 0.000110 
-2.9 0 0.000271 
-2.9 0.1 0.000896 
-2.9 0.2 0.001406 
-2.9 0.3 0.001463 
-2.9 0.4 0.002515 
-2.9 0.5 0.003482 
-2.9 0.6 0.004535 
-2.9 0.7 0.005759 
-2.9 0.8 0.014928 
-2.9 0.9 0.323079 
-2.9 1 275.829302 
-2.8 -2 0.000017 
-2.8 -1.9 0.000017 
-2.8 -1.8 0.000017 
-2.8 -1.7 0.000017 
-2.8 -1.6 0.000017 
-2.8 -1.5 0.000017 
-2.8 -1.4 0.000017 
-2.8 -1.3 0.000017 
-2.8 -1.2 0.000017 
-2.8 -1.1 0.000017 
-2.8 -1 0.000016 
-2.8 -0.9 0.000016 
-2.8 -0.8 0.000015 
-2.8 -0.7 0.000014 
-2.8 -0.6 0.000012 
-2.8 -0.5 0.000009 
-2.8 -0.4 0.000008 
-2.8 -0.3 0.000016 
-2.8 -0.2 0.000020 
-2.8 -0.1 0.000080 
-2.8 0 0.000225 
-2.8 0.1 0.000830 
-2.8 0.2 0.001327 
-2.8 0.3 0.001373 
-2.8 0.4 0.002412 
-2.8 0.5 0.003373 
-2.8 0.6 0.004434 
-2.8 0.7 0.005706 
-2.8 0.8 0.015069 
-2.8 0.9 0.325416 
-2.8 1 278.454322 
-2.7 -2 0.000083 
-2.7 -1.9 0.000083 
-2.7 -1.8 0.000083 
-2.7 -1.7 0.000083 
-2.7 -1.6 0.000083 
-2.7 -1.5 0.000082 
-2.7 -1.4 0.000082 
-2.7 -1.3 0.000082 
-2.7 -1.2 0.000082 
-2.7 -1.1 0.000081 
-2.7 -1 0.000080 
-2.7 -0.9 0.000079 
-2.7 -0.8 0.000077 
-2.7 -0.7 0.000074 
-2.7 -0.6 0.000069 
-2.7 -0.5 0.000061 
-2.7 -0.4 0.000053 
-2.7 -0.3 0.000045 
-2.7 -0.2 0.000029 
-2.7 -0.1 0.000060 
-2.7 0 0.000174 
-2.7 0.1 0.000737 
-2.7 0.2 0.001208 
-2.7 0.3 0.001235 
-2.7 0.4 0.002244 
-2.7 0.5 0.003191 
-2.7 0.6 0.004266 
-2.7 0.7 0.005639 
-2.7 0.8 0.015162 
-2.7 0.9 0.325103 
-2.7 1 282.296181 
-2.6 -2 0.000017 
-2.6 -1.9 0.000017 
-2.6 -1.8 0.000016 
-2.6 -1.7 0.000016 
-2.6 -1.6 0.000016 
-2.6 -1.5 0.000016 
-2.6 -1.4 0.000016 
-2.6 -1.3 0.000016 
-2.6 -1.2 0.000016 
-2.6 -1.1 0.000016 
-2.6 -1 0.000015 
-2.6 -0.9 0.000015 
-2.6 -0.8 0.000014 
-2.6 -0.7 0.000013 
-2.6 -0.6 0.000011 
-2.6 -0.5 0.000008 
-2.6 -0.4 0.000008 
-2.6 -0.3 0.000015 
-2.6 -0.2 0.000022 
-2.6 -0.1 0.000086 
-2.6 0 0.000242 
-2.6 0.1 0.000870 
-2.6 0.2 0.001389 
-2.6 0.3 0.001459 
-2.6 0.4 0.002561 
-2.6 0.5 0.003599 
-2.6 0.6 0.004738 
-2.6 0.7 0.005990 
-2.6 0.8 0.014578 
-2.6 0.9 0.320966 
-2.6 1 288.569884 
-2.5 -2 0.000016 
-2.5 -1.9 0.000016 
-2.5 -1.8 0.000016 
-2.5 -1.7 0.000016 
-2.5 -1.6 0.000016 
-2.5 -1.5 0.000016 
-2.5 -1.4 0.000016 
-2.5 -1.3 0.000016 
-2.5 -1.2 0.000016 
-2.5 -1.1 0.000017 
-2.5 -1 0.000017 
-2.5 -0.9 0.000018 
-2.5 -0.8 0.000019 
-2.5 -0.7 0.000021 
-2.5 -0.6 0.000023 
-2.5 -0.5 0.000030 
-2.5 -0.4 0.000042 
-2.5 -0.3 0.000077 
-2.5 -0.2 0.000121 
-2.5 -0.1 0.000239 
-2.5 0 0.000462 
-2.5 0.1 0.001191 
-2.5 0.2 0.001783 
-2.5 0.3 0.001909 
-2.5 0.4 0.003133 
-2.5 0.5 0.004267 
-2.5 0.6 0.005450 
-2.5 0.7 0.006551 
-2.5 0.8 0.014177 
-2.5 0.9 0.318103 
-2.5 1 298.948182 
-2.4 -2 0.000036 
-2.4 -1.9 0.000036 
-2.4 -1.8 0.000036 
-2.4 -1.7 0.000036 
-2.4 -1.6 0.000036 
-2.4 -1.5 0.000036 
-2.4 -1.4 0.000036 
-2.4 -1.3 0.000036 
-2.4 -1.2 0.000036 
-2.4 -1.1 0.000037 
-2.4 -1 0.000037 
-2.4 -0.9 0.000038 
-2.4 -0.8 0.000040 
-2.4 -0.7 0.000043 
-2.4 -0.6 0.000047 
-2.4 -0.5 0.000056 
-2.4 -0.4 0.000072 
-2.4 -0.3 0.000116 
-2.4 -0.2 0.000173 
-2.4 -0.1 0.000312 
-2.4 0 0.000567 
-2.4 0.1 0.001351 
-2.4 0.2 0.001985 
-2.4 0.3 0.002148 
-2.4 0.4 0.003464 
-2.4 0.5 0.004682 
-2.4 0.6 0.005925 
-2.4 0.7 0.006973 
-2.4 0.8 0.014009 
-2.4 0.9 0.320115 
-2.4 1 316.416867 
-2.3 -2 0.000113 
-2.3 -1.9 0.000113 
-2.3 -1.8 0.000113 
-2.3 -1.7 0.000113 
-2.3 -1.6 0.000113 
-2.3 -1.5 0.000113 
-2.3 -1.4 0.000112 
-2.3 -1.3 0.000112 
-2.3 -1.2 0.000111 
-2.3 -1.1 0.000110 
-2.3 -1 0.000109 
-2.3 -0.9 0.000108 
-2.3 -0.8 0.000105 
-2.3 -0.7 0.000100 
-2.3 -0.6 0.000094 
-2.3 -0.5 0.000082 
-2.3 -0.4 0.000070 
-2.3 -0.3 0.000055 
-2.3 -0.2 0.000031 
-2.3 -0.1 0.000067 
-2.3 0 0.000217 
-2.3 0.1 0.000873 
-2.3 0.2 0.001430 
-2.3 0.3 0.001536 
-2.3 0.4 0.002810 
-2.3 0.5 0.004055 
-2.3 0.6 0.005424 
-2.3 0.7 0.006750 
-2.3 0.8 0.014106 
-2.3 0.9 0.328319 
-2.3 1 345.717022 
-2.2 -2 0.000030 
-2.2 -1.9 0.000030 
-2.2 -1.8 0.000030 
-2.2 -1.7 0.000030 
-2.2 -1.6 0.000030 
-2.2 -1.5 0.000030 
-2.2 -1.4 0.000030 
-2.2 -1.3 0.000031 
-2.2 -1.2 0.000031 
-2.2 -1.1 0.000031 
-2.2 -1 0.000032 
-2.2 -0.9 0.000033 
-2.2 -0.8 0.000035 
-2.2 -0.7 0.000038 
-2.2 -0.6 0.000043 
-2.2 -0.5 0.000053 
-2.2 -0.4 0.000071 
-2.2 -0.3 0.000124 
-2.2 -0.2 0.000197 
-2.2 -0.1 0.000374 
-2.2 0 0.000710 
-2.2 0.1 0.001643 
-2.2 0.2 0.002415 
-2.2 0.3 0.002729 
-2.2 0.4 0.004396 
-2.2 0.5 0.006010 
-2.2 0.6 0.007649 
-2.2 0.7 0.008787 
-2.2 0.8 0.013771 
-2.2 0.9 0.327316 
-2.2 1 395.580957 
-2.1 -2 0.000030 
-2.1 -1.9 0.000030 
-2.1 -1.8 0.000030 
-2.1 -1.7 0.000030 
-2.1 -1.6 0.000030 
-2.1 -1.5 0.000030 
-2.1 -1.4 0.000031 
-2.1 -1.3 0.000031 
-2.1 -1.2 0.000031 
-2.1 -1.1 0.000032 
-2.1 -1 0.000032 
-2.1 -0.9 0.000033 
-2.1 -0.8 0.000036 
-2.1 -0.7 0.000039 
-2.1 -0.6 0.000045 
-2.1 -0.5 0.000057 
-2.1 -0.4 0.000078 
-2.1 -0.3 0.000142 
-2.1 -0.2 0.000236 
-2.1 -0.1 0.000460 
-2.1 0 0.000891 
-2.1 0.1 0.001992 
-2.1 0.2 0.002929 
-2.1 0.3 0.003456 
-2.1 0.4 0.005509 
-2.1 0.5 0.007616 
-2.1 0.6 0.009799 
-2.1 0.7 0.011240 
-2.1 0.8 0.014269 
-2.1 0.9 0.333954 
-2.1 1 484.132379 
-2 -2 0.000029 
-2 -1.9 0.000029 
-2 -1.8 0.000029 
-2 -1.7 0.000029 
-2 -1.6 0.000029 
-2 -1.5 0.000029 
-2 -1.4 0.000029 
-2 -1.3 0.000029 
-2 -1.2 0.000029 
-2 -1.1 0.000030 
-2 -1 0.000031 
-2 -0.9 0.000032 
-2 -0.8 0.000035 
-2 -0.7 0.000039 
-2 -0.6 0.000046 
-2 -0.5 0.000060 
-2 -0.4 0.000086 
-2 -0.3 0.000169 
-2 -0.2 0.000301 
-2 -0.1 0.000609 
-2 0 0.001224 
-2 0.1 0.002655 
-2 0.2 0.003925 
-2 0.3 0.004762 
-2 0.4 0.007511 
-2 0.5 0.010539 
-2 0.6 0.013781 
-2 0.7 0.016010 
-2 0.8 0.016372 
-2 0.9 0.350272 
-2 1 644.065529 
-1.9 -2 0.000013 
-1.9 -1.9 0.000013 
-1.9 -1.8 0.000013 
-1.9 -1.7 0.000013 
-1.9 -1.6 0.000013 
-1.9 -1.5 0.000013 
-1.9 -1.4 0.000013 
-1.9 -1.3 0.000013 
-1.9 -1.2 0.000014 
-1.9 -1.1 0.000014 
-1.9 -1 0.000015 
-1.9 -0.9 0.000016 
-1.9 -0.8 0.000019 
-1.9 -0.7 0.000023 
-1.9 -0.6 0.000030 
-1.9 -0.5 0.000047 
-1.9 -0.4 0.000079 
-1.9 -0.3 0.000190 
-1.9 -0.2 0.000379 
-1.9 -0.1 0.000836 
-1.9 0 0.001759 
-1.9 0.1 0.003730 
-1.9 0.2 0.005506 
-1.9 0.3 0.006917 
-1.9 0.4 0.010944 
-1.9 0.5 0.015746 
-1.9 0.6 0.021154 
-1.9 0.7 0.025356 
-1.9 0.8 0.022410 
-1.9 0.9 0.388351 
-1.8 -2 0.000004 
-1.8 -1.9 0.000004 
-1.8 -1.8 0.000004 
-1.8 -1.7 0.000004 
-1.8 -1.6 0.000004 
-1.8 -1.5 0.000004 
-1.8 -1.4 0.000003 
-1.8 -1.3 0.000003 
-1.8 -1.2 0.000003 
-1.8 -1.1 0.000003 
-1.8 -1 0.000002 
-1.8 -0.9 0.000002 
-1.8 -0.8 0.000001 
-1.8 -0.7 0.000001 
-1.8 -0.6 0.000001 
-1.8 -0.5 0.000010 
-1.8 -0.4 0.000037 
-1.8 -0.3 0.000159 
-1.8 -0.2 0.000403 
-1.8 -0.1 0.001084 
-1.8 0 0.002552 
-1.8 0.1 0.005484 
-1.8 0.2 0.008221 
-1.8 0.3 0.010839 
-1.8 0.4 0.017515 
-1.8 0.5 0.026256 
-1.8 0.6 0.036877 
-1.8 0.7 0.046821 
-1.8 0.8 0.040615 
-1.8 0.9 0.472719 
-1.7 -2 0.000011 
-1.7 -1.9 0.000011 
-1.7 -1.8 0.000011 
-1.7 -1.7 0.000011 
-1.7 -1.6 0.000011 
-1.7 -1.5 0.000011 
-1.7 -1.4 0.000011 
-1.7 -1.3 0.000011 
-1.7 -1.2 0.000012 
-1.7 -1.1 0.000013 
-1.7 -1 0.000015 
-1.7 -0.9 0.000017 
-1.7 -0.8 0.000022 
-1.7 -0.7 0.000033 
-1.7 -0.6 0.000048 
-1.7 -0.5 0.000091 
-1.7 -0.4 0.000179 
-1.7 -0.3 0.000501 
-1.7 -0.2 0.001121 
-1.7 -0.1 0.002604 
-1.7 0 0.005622 
-1.7 0.1 0.010916 
-1.7 0.2 0.016031 
-1.7 0.3 0.021732 
-1.7 0.4 0.034584 
-1.7 0.5 0.052434 
-1.7 0.6 0.074894 
-1.7 0.7 0.098700 
-1.7 0.8 0.089047 
-1.7 0.9 0.717804 
-1.6 -2 0.000045 
-1.6 -1.9 0.000045 
-1.6 -1.8 0.000045 
-1.6 -1.7 0.000045 
-1.6 -1.6 0.000045 
-1.6 -1.5 0.000046 
-1.6 -1.4 0.000047 
-1.6 -1.3 0.000047 
-1.6 -1.2 0.000049 
-1.6 -1.1 0.000053 
-1.6 -1 0.000058 
-1.6 -0.9 0.000064 
-1.6 -0.8 0.000079 
-1.6 -0.7 0.000103 
-1.6 -0.6 0.000146 
-1.6 -0.5 0.000251 
-1.6 -0.4 0.000450 
-1.6 -0.3 0.001187 
-1.6 -0.2 0.002627 
-1.6 -0.1 0.005860 
-1.6 0 0.012292 
-1.6 0.1 0.022610 
-1.6 0.2 0.033097 
-1.6 0.3 0.046239 
-1.6 0.4 0.073769 
-1.6 0.5 0.113551 
-1.6 0.6 0.165375 
-1.6 0.7 0.226672 
-1.6 0.8 0.217376 
-1.6 0.9 1.629946 
-1.5 -2 0.000029 
-1.5 -1.9 0.000029 
-1.5 -1.8 0.000029 
-1.5 -1.7 0.000029 
-1.5 -1.6 0.000030 
-1.5 -1.5 0.000030 
-1.5 -1.4 0.000031 
-1.5 -1.3 0.000032 
-1.5 -1.2 0.000034 
-1.5 -1.1 0.000039 
-1.5 -1 0.000045 
-1.5 -0.9 0.000054 
-1.5 -0.8 0.000074 
-1.5 -0.7 0.000112 
-1.5 -0.6 0.000181 
-1.5 -0.5 0.000370 
-1.5 -0.4 0.000748 
-1.5 -0.3 0.002247 
-1.5 -0.2 0.005318 
-1.5 -0.1 0.012319 
-1.5 0 0.026348 
-1.5 0.1 0.047825 
-1.5 0.2 0.070456 
-1.5 0.3 0.100867 
-1.5 0.4 0.161526 
-1.5 0.5 0.252866 
-1.5 0.6 0.376349 
-1.5 0.7 0.530881 
-1.5 0.8 0.519431 
-1.5 0.9 7.217974 
-1.4 -2 0.000000 
-1.4 -1.9 0.000000 
-1.4 -1.8 0.000000 
-1.4 -1.7 0.000000 
-1.4 -1.6 0.000000 
-1.4 -1.5 0.000000 
-1.4 -1.4 0.000000 
-1.4 -1.3 0.000000 
-1.4 -1.2 0.000001 
-1.4 -1.1 0.000002 
-1.4 -1 0.000005 
-1.4 -0.9 0.000009 
-1.4 -0.8 0.000025 
-1.4 -0.7 0.000064 
-1.4 -0.6 0.000158 
-1.4 -0.5 0.000465 
-1.4 -0.4 0.001154 
-1.4 -0.3 0.004284 
-1.4 -0.2 0.011034 
-1.4 -0.1 0.026694 
-1.4 0 0.058394 
-1.4 0.1 0.105473 
-1.4 0.2 0.157030 
-1.4 0.3 0.229968 
-1.4 0.4 0.371803 
-1.4 0.5 0.590696 
-1.4 0.6 0.892955 
-1.4 0.7 1.280974 
-1.4 0.8 1.171585 
-1.4 0.9 69.680806 
-1.3 -2 0.000007 
-1.3 -1.9 0.000007 
-1.3 -1.8 0.000007 
-1.3 -1.7 0.000007 
-1.3 -1.6 0.000007 
-1.3 -1.5 0.000006 
-1.3 -1.4 0.000005 
-1.3 -1.3 0.000005 
-1.3 -1.2 0.000003 
-1.3 -1.1 0.000003 
-1.3 -1 0.000004 
-1.3 -0.9 0.000006 
-1.3 -0.8 0.000031 
-1.3 -0.7 0.000112 
-1.3 -0.6 0.000294 
-1.3 -0.5 0.000978 
-1.3 -0.4 0.002542 
-1.3 -0.3 0.009820 
-1.3 -0.2 0.025780 
-1.3 -0.1 0.062907 
-1.3 0 0.137996 
-1.3 0.1 0.247014 
-1.3 0.2 0.369829 
-1.3 0.3 0.549247 
-1.3 0.4 0.893568 
-1.3 0.5 1.435140 
-1.3 0.6 2.190999 
-1.3 0.7 3.142435 
-1.3 0.8 2.202387 
-1.2 -2 0.000029 
-1.2 -1.9 0.000029 
-1.2 -1.8 0.000029 
-1.2 -1.7 0.000028 
-1.2 -1.6 0.000027 
-1.2 -1.5 0.000026 
-1.2 -1.4 0.000023 
-1.2 -1.3 0.000023 
-1.2 -1.2 0.000017 
-1.2 -1.1 0.000015 
-1.2 -1 0.000017 
-1.2 -0.9 0.000018 
-1.2 -0.8 0.000074 
-1.2 -0.7 0.000272 
-1.2 -0.6 0.000700 
-1.2 -0.5 0.002365 
-1.2 -0.4 0.006153 
-1.2 -0.3 0.023903 
-1.2 -0.2 0.063061 
-1.2 -0.1 0.154070 
-1.2 0 0.337739 
-1.2 0.1 0.601898 
-1.2 0.2 0.904699 
-1.2 0.3 1.355320 
-1.2 0.4 2.215670 
-1.2 0.5 3.589372 
-1.2 0.6 5.504895 
-1.2 0.7 7.680786 
-1.2 0.8 2.631804 
-1.1 -2 0.000110 
-1.1 -1.9 0.000111 
-1.1 -1.8 0.000111 
-1.1 -1.7 0.000107 
-1.1 -1.6 0.000106 
-1.1 -1.5 0.000108 
-1.1 -1.4 0.000106 
-1.1 -1.3 0.000115 
-1.1 -1.2 0.000104 
-1.1 -1.1 0.000131 
-1.1 -1 0.000157 
-1.1 -0.9 0.000187 
-1.1 -0.8 0.000392 
-1.1 -0.7 0.001020 
-1.1 -0.6 0.002178 
-1.1 -0.5 0.006617 
-1.1 -0.4 0.016336 
-1.1 -0.3 0.060854 
-1.1 -0.2 0.158878 
-1.1 -0.1 0.386214 
-1.1 0 0.843009 
-1.1 0.1 1.498851 
-1.1 0.2 2.266491 
-1.1 0.3 3.421853 
-1.1 0.4 5.627022 
-1.1 0.5 9.186658 
-1.1 0.6 14.054499 
-1.1 0.7 17.930018 
-1.1 0.8 39.433473 
-1 -2 0.000521 
-1 -1.9 0.000525 
-1 -1.8 0.000528 
-1 -1.7 0.000517 
-1 -1.6 0.000515 
-1 -1.5 0.000525 
-1 -1.4 0.000527 
-1 -1.3 0.000565 
-1 -1.2 0.000544 
-1 -1.1 0.000661 
-1 -1 0.000761 
-1 -0.9 0.000860 
-1 -0.8 0.001470 
-1 -0.7 0.003271 
-1 -0.6 0.006282 
-1 -0.5 0.017853 
-1 -0.4 0.042488 
-1 -0.3 0.154561 
-1 -0.2 0.401445 
-1 -0.1 0.975103 
-1 0 2.123983 
-1 0.1 3.789225 
-1 0.2 5.789519 
-1 0.3 8.813427 
-1 0.4 14.594608 
-1 0.5 23.982303 
-1 0.6 36.078170 
-1 0.7 35.480652 
-0.9 -2 0.003762 
-0.9 -1.9 0.003781 
-0.9 -1.8 0.003797 
-0.9 -1.7 0.003761 
-0.9 -1.6 0.003760 
-0.9 -1.5 0.003813 
-0.9 -1.4 0.003864 
-0.9 -1.3 0.004042 
-0.9 -1.2 0.004019 
-0.9 -1.1 0.004572 
-0.9 -1 0.005011 
-0.9 -0.9 0.005422 
-0.9 -0.8 0.007428 
-0.9 -0.7 0.013271 
-0.9 -0.6 0.021524 
-0.9 -0.5 0.053168 
-0.9 -0.4 0.117835 
-0.9 -0.3 0.403590 
-0.9 -0.2 1.033075 
-0.9 -0.1 2.502265 
-0.9 0 5.429691 
-0.9 0.1 9.748954 
-0.9 0.2 15.086245 
-0.9 0.3 23.142439 
-0.9 0.4 38.598379 
-0.9 0.5 63.575143 
-0.9 0.6 90.897401 
-0.9 0.7 48.125706 
-0.8 -2 0.024188 
-0.8 -1.9 0.024268 
-0.8 -1.8 0.024339 
-0.8 -1.7 0.024200 
-0.8 -1.6 0.024197 
-0.8 -1.5 0.024429 
-0.8 -1.4 0.024665 
-0.8 -1.3 0.025414 
-0.8 -1.2 0.025373 
-0.8 -1.1 0.027568 
-0.8 -1 0.029290 
-0.8 -0.9 0.030656 
-0.8 -0.8 0.036776 
-0.8 -0.7 0.055916 
-0.8 -0.6 0.078677 
-0.8 -0.5 0.165511 
-0.8 -0.4 0.336513 
-0.8 -0.3 1.066644 
-0.8 -0.2 2.686230 
-0.8 -0.1 6.493991 
-0.8 0 14.020339 
-0.8 0.1 25.460559 
-0.8 0.2 40.058684 
-0.8 0.3 61.840663 
-0.8 0.4 103.557801 
-0.8 0.5 168.901815 
-0.8 0.6 214.025408 
-0.8 0.7 95.549070 
-0.7 -2 0.152905 
-0.7 -1.9 0.153219 
-0.7 -1.8 0.153519 
-0.7 -1.7 0.152954 
-0.7 -1.6 0.152894 
-0.7 -1.5 0.153886 
-0.7 -1.4 0.154769 
-0.7 -1.3 0.157872 
-0.7 -1.2 0.157661 
-0.7 -1.1 0.166067 
-0.7 -1 0.173135 
-0.7 -0.9 0.177317 
-0.7 -0.8 0.194806 
-0.7 -0.7 0.260276 
-0.7 -0.6 0.326821 
-0.7 -0.5 0.568068 
-0.7 -0.4 1.028480 
-0.7 -0.3 2.892343 
-0.7 -0.2 7.125030 
-0.7 -0.1 17.136020 
-0.7 0 36.612771 
-0.7 0.1 67.452245 
-0.7 0.2 107.978474 
-0.7 0.3 166.769035 
-0.7 0.4 277.291018 
-0.7 0.5 435.830795 
-0.7 0.6 457.277076 
-0.6 -2 0.958516 
-0.6 -1.9 0.959686 
-0.6 -1.8 0.960898 
-0.6 -1.7 0.958507 
-0.6 -1.6 0.957884 
-0.6 -1.5 0.962091 
-0.6 -1.4 0.964771 
-0.6 -1.3 0.977495 
-0.6 -1.2 0.975758 
-0.6 -1.1 1.006970 
-0.6 -1 1.038639 
-0.6 -0.9 1.048271 
-0.6 -0.8 1.089136 
-0.6 -0.7 1.317134 
-0.6 -0.6 1.535183 
-0.6 -0.5 2.206861 
-0.6 -0.4 3.461925 
-0.6 -0.3 8.132340 
-0.6 -0.2 19.453478 
-0.6 -0.1 46.116446 
-0.6 0 96.365449 
-0.6 0.1 179.955246 
-0.6 0.2 291.145741 
-0.6 0.3 443.209012 
-0.6 0.4 713.325485 
-0.6 0.5 1036.576815 
-0.6 0.6 981.497752 
-0.5 -2 5.923028 
-0.5 -1.9 5.926772 
-0.5 -1.8 5.931453 
-0.5 -1.7 5.921350 
-0.5 -1.6 5.916415 
-0.5 -1.5 5.933244 
-0.5 -1.4 5.937136 
-0.5 -1.3 5.987064 
-0.5 -1.2 5.972949 
-0.5 -1.1 6.079308 
-0.5 -1 6.233692 
-0.5 -0.9 6.215947 
-0.5 -0.8 6.246596 
-0.5 -0.7 6.962162 
-0.5 -0.6 7.791771 
-0.5 -0.5 9.630722 
-0.5 -0.4 12.962832 
-0.5 -0.3 23.810830 
-0.5 -0.2 54.843970 
-0.5 -0.1 126.053762 
-0.5 0 252.171376 
-0.5 0.1 472.402194 
-0.5 0.2 757.791979 
-0.5 0.3 1104.849948 
-0.5 0.4 1653.595758 
-0.5 0.5 2187.087924 
-0.4 -2 35.270327 
-0.4 -1.9 35.275999 
-0.4 -1.8 35.293801 
-0.4 -1.7 35.255170 
-0.4 -1.6 35.223778 
-0.4 -1.5 35.268081 
-0.4 -1.4 35.246139 
-0.4 -1.3 35.414109 
-0.4 -1.2 35.317681 
-0.4 -1.1 35.557826 
-0.4 -1 36.293107 
-0.4 -0.9 35.753551 
-0.4 -0.8 35.401015 
-0.4 -0.7 36.375007 
-0.4 -0.6 39.764296 
-0.4 -0.5 44.714911 
-0.4 -0.4 52.520849 
-0.4 -0.3 71.920305 
-0.4 -0.2 156.031462 
-0.4 -0.1 341.864111 
-0.4 0 633.663351 
-0.4 0.1 1147.718354 
-0.4 0.2 1782.068652 
-0.4 0.3 2388.046070 
-0.4 0.4 3224.913509 
-0.4 0.5 4126.007795 
-0.3 -2 181.273863 
-0.3 -1.9 181.226745 
-0.3 -1.8 181.313155 
-0.3 -1.7 181.207312 
-0.3 -1.6 181.114933 
-0.3 -1.5 180.967552 
-0.3 -1.4 181.027390 
-0.3 -1.3 181.339721 
-0.3 -1.2 181.284201 
-0.3 -1.1 179.893142 
-0.3 -1 181.825040 
-0.3 -0.9 178.325633 
-0.3 -0.8 177.744647 
-0.3 -0.7 169.724245 
-0.3 -0.6 177.309703 
-0.3 -0.5 193.717842 
-0.3 -0.4 212.427055 
-0.3 -0.3 218.524901 
-0.3 -0.2 418.254588 
-0.3 -0.1 868.367065 
-0.3 0 1442.236764 
-0.3 0.1 2266.665540 
-0.3 0.2 3442.657625 
-0.3 0.3 4152.771426 
-0.3 0.4 5135.055022 
-0.2 -2 529.490354 
-0.2 -1.9 529.511804 
-0.2 -1.8 529.392213 
-0.2 -1.7 529.251604 
-0.2 -1.6 529.659626 
-0.2 -1.5 528.855361 
-0.2 -1.4 528.278554 
-0.2 -1.3 529.673483 
-0.2 -1.2 531.517891 
-0.2 -1.1 527.540259 
-0.2 -1 524.587585 
-0.2 -0.9 515.979218 
-0.2 -0.8 523.753920 
-0.2 -0.7 534.171769 
-0.2 -0.6 503.592467 
-0.2 -0.5 562.767928 
-0.2 -0.4 617.713391 
-0.2 -0.3 625.824926 
-0.2 -0.2 1024.551345 
-0.2 -0.1 1960.237606 
-0.2 0 2828.354389 
-0.2 0.1 3622.266894 
-0.2 0.2 5481.754779 
-0.2 0.3 5967.536773 
-0.2 0.4 6753.066878 
-0.1 -2 975.279538 
-0.1 -1.9 975.492671 
-0.1 -1.8 976.085912 
-0.1 -1.7 975.899705 
-0.1 -1.6 975.887855 
-0.1 -1.5 978.164057 
-0.1 -1.4 975.705678 
-0.1 -1.3 978.994843 
-0.1 -1.2 990.299374 
-0.1 -1.1 991.075179 
-0.1 -1 998.690595 
-0.1 -0.9 1004.680845 
-0.1 -0.8 1033.317315 
-0.1 -0.7 1081.806739 
-0.1 -0.6 1184.528398 
-0.1 -0.5 1086.008840 
-0.1 -0.4 1323.791993 
-0.1 -0.3 1551.903273 
-0.1 -0.2 2306.693028 
-0.1 -0.1 3462.428531 
-0.1 0 4699.090934 
-0.1 0.1 5368.116643 
-0.1 0.2 7502.530176 
-0.1 0.3 7628.833301 
0 -2 1366.465950 
0 -1.9 1366.803869 
0 -1.8 1368.543644 
0 -1.7 1365.964204 
0 -1.6 1368.402637 
0 -1.5 1370.977913 
0 -1.4 1377.098511 
0 -1.3 1381.359489 
0 -1.2 1399.249143 
0 -1.1 1426.409046 
0 -1 1417.644153 
0 -0.9 1441.864074 
0 -0.8 1572.599475 
0 -0.7 1514.781447 
0 -0.6 1447.842536 
0 -0.5 2079.058974 
0 -0.4 1885.009185 
0 -0.3 2510.034110 
0 -0.2 3236.942344 
0 -0.1 4492.505672 
0 0 5983.645473 
0 0.1 7051.530129 
0 0.2 8492.723541 
0 0.3 9853.453547 
0.1 -2 1384.027564 
0.1 -1.9 1384.406575 
0.1 -1.8 1385.832397 
0.1 -1.7 1387.783717 
0.1 -1.6 1393.803766 
0.1 -1.5 1397.443708 
0.1 -1.4 1408.038613 
0.1 -1.3 1417.282486 
0.1 -1.2 1439.744780 
0.1 -1.1 1452.865368 
0.1 -1 1482.720806 
0.1 -0.9 1642.792769 
0.1 -0.8 1802.714018 
0.1 -0.7 2035.277833 
0.1 -0.6 2320.137245 
0.1 -0.5 2320.068109 
0.1 -0.4 2974.249901 
0.1 -0.3 3112.681195 
0.1 -0.2 4835.811649 
0.1 -0.1 5140.708340 
0.1 0 6648.553413 
0.1 0.1 7611.207390 
0.1 0.2 9737.426288 
0.2 -2 890.018633 
0.2 -1.9 890.573983 
0.2 -1.8 891.519927 
0.2 -1.7 894.028859 
0.2 -1.6 897.966977 
0.2 -1.5 902.050405 
0.2 -1.4 917.116617 
0.2 -1.3 921.206237 
0.2 -1.2 929.296808 
0.2 -1.1 981.710983 
0.2 -1 1037.048773 
0.2 -0.9 1207.031872 
0.2 -0.8 1366.378851 
0.2 -0.7 1848.387055 
0.2 -0.6 2250.811636 
0.2 -0.5 3362.443794 
0.2 -0.4 3081.146579 
0.2 -0.3 4015.073619 
0.2 -0.2 6148.101936 
0.2 -0.1 6344.762375 
0.2 0 7131.773204 
0.2 0.1 9801.682393 
0.2 0.2 10552.799604 
0.3 -2 263.422814 
0.3 -1.9 263.737768 
0.3 -1.8 264.114340 
0.3 -1.7 265.304488 
0.3 -1.6 266.657704 
0.3 -1.5 271.580973 
0.3 -1.4 286.208479 
0.3 -1.3 294.637885 
0.3 -1.2 313.800221 
0.3 -1.1 399.087571 
0.3 -1 569.617470 
0.3 -0.9 735.892222 
0.3 -0.8 936.017622 
0.3 -0.7 2012.647961 
0.3 -0.6 2877.343538 
0.3 -0.5 3738.053288 
0.3 -0.4 4899.946465 
0.3 -0.3 5462.587552 
0.3 -0.2 5597.145701 
0.3 -0.1 8917.176777 
0.3 0 9617.563310 
0.3 0.1 11120.087755 
0.4 -2 467.127208 
0.4 -1.9 453.865370 
0.4 -1.8 439.259191 
0.4 -1.7 414.737834 
0.4 -1.6 378.641525 
0.4 -1.5 335.075683 
0.4 -1.4 316.954063 
0.4 -1.3 304.600034 
0.4 -1.2 414.800638 
0.4 -1.1 515.611823 
0.4 -1 841.953013 
0.4 -0.9 800.545329 
0.4 -0.8 1113.410888 
0.4 -0.7 1908.878743 
0.4 -0.6 2828.912368 
0.4 -0.5 3655.466234 
0.4 -0.4 5438.396981 
0.4 -0.3 5463.348293 
0.4 -0.2 7739.821751 
0.4 -0.1 9535.063486 
0.4 0 10147.957609 
0.4 0.1 13016.969103 
0.5 -2 327.908281 
0.5 -1.9 305.630584 
0.5 -1.8 281.957811 
0.5 -1.7 257.099400 
0.5 -1.6 242.766570 
0.5 -1.5 225.746233 
0.5 -1.4 256.229835 
0.5 -1.3 316.492054 
0.5 -1.2 742.757575 
0.5 -1.1 639.190970 
0.5 -1 1341.336079 
0.5 -0.9 1971.676123 
0.5 -0.8 2217.161014 
0.5 -0.7 2095.682677 
0.5 -0.6 4113.600214 
0.5 -0.5 4450.887472 
0.5 -0.4 6394.300172 
0.5 -0.3 8631.181670 
0.5 -0.2 9077.254948 
0.5 -0.1 10860.024862 
0.5 0 12631.069548 
0.6 -2 338.780583 
0.6 -1.9 280.913499 
0.6 -1.8 224.376801 
0.6 -1.7 208.514425 
0.6 -1.6 241.363072 
0.6 -1.5 519.712212 
0.6 -1.4 442.294860 
0.6 -1.3 337.961748 
0.6 -1.2 759.980490 
0.6 -1.1 929.503851 
0.6 -1 1755.601276 
0.6 -0.9 3352.322477 
0.6 -0.8 3000.606414 
0.6 -0.7 3101.786425 
0.6 -0.6 6497.231039 
0.6 -0.5 7816.073143 
0.6 -0.4 8052.064712 
0.6 -0.3 9227.204647 
0.6 -0.2 10883.025161 
0.6 -0.1 12641.907978 
0.6 0 16086.706285 
0.7 -2 493.771318 
0.7 -1.9 382.422934 
0.7 -1.8 297.507491 
0.7 -1.7 371.178031 
0.7 -1.6 359.871512 
0.7 -1.5 365.255586 
0.7 -1.4 286.681564 
0.7 -1.3 876.964620 
0.7 -1.2 1174.871763 
0.7 -1.1 1137.643891 
0.7 -1 2815.915847 
0.7 -0.9 3032.195951 
0.7 -0.8 5039.194688 
0.7 -0.7 4759.184260 
0.7 -0.6 5455.529927 
0.7 -0.5 8299.290579 
0.7 -0.4 8609.623659 
0.7 -0.3 11402.219050 
0.7 -0.2 14191.491890 
0.7 -0.1 15614.848043 
0.8 -2 572.664307 
0.8 -1.9 240.550584 
0.8 -1.8 440.789390 
0.8 -1.7 386.393920 
0.8 -1.6 510.099280 
0.8 -1.5 678.797485 
0.8 -1.4 742.129049 
0.8 -1.3 1589.888565 
0.8 -1.2 1317.387439 
0.8 -1.1 1790.151795 
0.8 -1 3329.329232 
0.8 -0.9 3254.824944 
0.8 -0.8 3484.835831 
0.8 -0.7 5168.287701 
0.8 -0.6 7184.920172 
0.8 -0.5 9894.074593 
0.8 -0.4 10842.301514 
0.8 -0.3 14106.862014 
0.8 -0.2 16791.604358 
0.8 -0.1 17661.973439 
0.9 -2 170.331164 
0.9 -1.9 331.115794 
0.9 -1.8 335.036167 
0.9 -1.7 559.212097 
0.9 -1.6 716.677426 
0.9 -1.5 730.828574 
0.9 -1.4 973.327990 
0.9 -1.3 2440.497009 
0.9 -1.2 2255.165367 
0.9 -1.1 4300.885007 
0.9 -1 5194.723654 
0.9 -0.9 4679.259274 
0.9 -0.8 7092.961316 
0.9 -0.7 7052.465182 
0.9 -0.6 9589.323602 
0.9 -0.5 10736.693398 
0.9 -0.4 12979.005917 
0.9 -0.3 15330.082939 
0.9 -0.2 18875.876026 
1 -2 339.065014 
1 -1.9 553.535679 
1 -1.8 512.153922 
1 -1.7 323.404412 
1 -1.6 1037.298917 
1 -1.5 1120.230362 
1 -1.4 1578.357275 
1 -1.3 2100.181348 
1 -1.2 4933.167103 
1 -1.1 3562.484176 
1 -1 6587.952928 
1 -0.9 6331.008529 
1 -0.8 7184.059277 
1 -0.7 8414.874672 
1 -0.6 10231.754937 
1 -0.5 13005.309538 
1 -0.4 15875.615527 
1 -0.3 18050.443088 
1 -0.2 20909.554816 
1.1 -2 380.747510 
1.1 -1.9 428.509065 
1.1 -1.8 605.328191 
1.1 -1.7 763.200046 
1.1 -1.6 944.307254 
1.1 -1.5 830.003459 
1.1 -1.4 2872.839497 
1.1 -1.3 3079.801067 
1.1 -1.2 4404.995672 
1.1 -1.1 5274.960302 
1.1 -1 6203.754267 
1.1 -0.9 8254.214691 
1.1 -0.8 8951.885407 
1.1 -0.7 11234.446708 
1.1 -0.6 13734.081921 
1.1 -0.5 16448.911383 
1.1 -0.4 18320.634711 
1.1 -0.3 21688.334598 
1.2 -2 634.152621 
1.2 -1.9 323.328714 
1.2 -1.8 648.620252 
1.2 -1.7 721.542745 
1.2 -1.6 1038.215971 
1.2 -1.5 1449.727935 
1.2 -1.4 3873.029276 
1.2 -1.3 5622.523619 
1.2 -1.2 6687.419456 
1.2 -1.1 6529.550319 
1.2 -1 7941.480440 
1.2 -0.9 8239.924508 
1.2 -0.8 9805.915014 
1.2 -0.7 12211.861919 
1.2 -0.6 16339.216192 
1.2 -0.5 17565.978394 
1.2 -0.4 23074.205798 
1.2 -0.3 23504.430882 
1.3 -2 313.653494 
1.3 -1.9 660.858492 
1.3 -1.8 1217.656692 
1.3 -1.7 1696.719569 
1.3 -1.6 1914.216235 
1.3 -1.5 1819.074242 
1.3 -1.4 3983.845411 
1.3 -1.3 4772.968487 
1.3 -1.2 5677.421242 
1.3 -1.1 7989.490288 
1.3 -1 9277.873590 
1.3 -0.9 11325.054589 
1.3 -0.8 12174.535479 
1.3 -0.7 14897.019605 
1.3 -0.6 17624.834704 
1.3 -0.5 19677.944154 
1.3 -0.4 25749.094215 
1.4 -2 761.842628 
1.4 -1.9 1302.919382 
1.4 -1.8 1594.703090 
1.4 -1.7 1609.985121 
1.4 -1.6 2473.529303 
1.4 -1.5 4858.979630 
1.4 -1.4 6192.692938 
1.4 -1.3 5416.220947 
1.4 -1.2 7608.301271 
1.4 -1.1 9159.185006 
1.4 -1 11059.594122 
1.4 -0.9 13574.473082 
1.4 -0.8 14908.069647 
1.4 -0.7 19043.139561 
1.4 -0.6 21455.254571 
1.4 -0.5 25208.910025 
1.4 -0.4 28176.038640 
1.5 -2 782.275879 
1.5 -1.9 705.488023 
1.5 -1.8 2453.363613 
1.5 -1.7 3612.865567 
1.5 -1.6 4395.048284 
1.5 -1.5 4694.565042 
1.5 -1.4 5938.813185 
1.5 -1.3 6901.703218 
1.5 -1.2 8826.475981 
1.5 -1.1 10312.638726 
1.5 -1 11731.573166 
1.5 -0.9 15960.245063 
1.5 -0.8 17374.404936 
1.5 -0.7 20750.877444 
1.5 -0.6 23558.365588 
1.5 -0.5 28589.325522 
1.6 -2 1946.134653 
1.6 -1.9 2286.311255 
1.6 -1.8 2771.084975 
1.6 -1.7 3894.022473 
1.6 -1.6 4846.920647 
1.6 -1.5 6202.009876 
1.6 -1.4 7161.906019 
1.6 -1.3 10166.861447 
1.6 -1.2 9796.112003 
1.6 -1.1 13338.829009 
1.6 -1 14700.483748 
1.6 -0.9 18741.071209 
1.6 -0.8 22755.561167 
1.6 -0.7 25105.193336 
1.6 -0.6 25670.268653 
1.6 -0.5 31295.601411 
1.7 -2 2207.653895 
1.7 -1.9 2484.802254 
1.7 -1.8 3650.377411 
1.7 -1.7 3874.412514 
1.7 -1.6 6089.916547 
1.7 -1.5 7859.000950 
1.7 -1.4 7785.327073 
1.7 -1.3 10763.132664 
1.7 -1.2 14922.028927 
1.7 -1.1 15755.772720 
1.7 -1 18518.732136 
1.7 -0.9 21098.059603 
1.7 -0.8 24324.692100 
1.7 -0.7 26753.787241 
1.7 -0.6 28797.289143 
1.8 -2 2176.968872 
1.8 -1.9 3912.990540 
1.8 -1.8 4218.580165 
1.8 -1.7 5835.065753 
1.8 -1.6 7897.099564 
1.8 -1.5 10676.383832 
1.8 -1.4 10661.768269 
1.8 -1.3 12181.007281 
1.8 -1.2 17239.456957 
1.8 -1.1 16818.357829 
1.8 -1 20407.537430 
1.8 -0.9 23682.276423 
1.8 -0.8 26769.448951 
1.8 -0.7 27823.612822 
1.8 -0.6 29759.364541 
1.9 -2 4482.479474 
1.9 -1.9 5786.198389 
1.9 -1.8 6602.511109 
1.9 -1.7 9467.268172 
1.9 -1.6 7730.267956 
1.9 -1.5 10035.921971 
1.9 -1.4 14155.931368 
1.9 -1.3 15161.183043 
1.9 -1.2 19507.573701 
1.9 -1.1 21379.446476 
1.9 -1 21521.883849 
1.9 -0.9 26912.640468 
1.9 -0.8 28561.321505 
1.9 -0.7 27993.727042 
2 -2 2658.088506 
2 -1.9 1042.451642 
2 -1.8 42.502173 
2 -1.7 1636.773671 
2 -1.6 2179.611111 
2 -1.5 2366.633839 
2 -1.4 2469.688688 
2 -1.3 2533.002712 
2 -1.2 2572.800702 
2 -1.1 2597.925902 
2 -1 2613.794841 
2 -0.9 2623.814113 
2 -0.8 2630.139200 
2 -0.7 2634.134435 
