-3 -1 109.492478 
-3 -0.95 109.495369 
-3 -0.9 109.494867 
-3 -0.85 109.483396 
-3 -0.8 109.490103 
-3 -0.75 109.499975 
-3 -0.7 109.506277 
-3 -0.65 109.544376 
-3 -0.6 109.562806 
-3 -0.55 109.518714 
-3 -0.5 109.528788 
-3 -0.45 109.321804 
-3 -0.4 108.949194 
-3 -0.35 109.091840 
-3 -0.3 110.666730 
-3 -0.25 113.410144 
-3 -0.2 115.489167 
-3 -0.15 114.275647 
-3 -0.1 108.509462 
-3 -0.05 99.434576 
-3 0 89.975299 
-3 0.05 82.238119 
-3 0.1 76.975371 
-3 0.15 73.597685 
-3 0.2 71.030765 
-3 0.25 67.995433 
-3 0.3 63.975316 
-3 0.35 58.940191 
-3 0.4 53.165194 
-3 0.45 46.981851 
-3 0.5 40.294284 
-3 0.55 33.016209 
-3 0.6 25.205615 
-3 0.65 17.034046 
-3 0.7 8.984249 
-3 0.75 2.390534 
-3 0.8 0.984790 
-3 0.85 17.018147 
-3 0.9 101.379790 
-2.95 -1 109.492517 
-2.95 -0.95 109.495319 
-2.95 -0.9 109.494811 
-2.95 -0.85 109.483387 
-2.95 -0.8 109.490305 
-2.95 -0.75 109.499918 
-2.95 -0.7 109.506336 
-2.95 -0.65 109.544521 
-2.95 -0.6 109.562799 
-2.95 -0.55 109.518552 
-2.95 -0.5 109.528625 
-2.95 -0.45 109.321842 
-2.95 -0.4 108.949040 
-2.95 -0.35 109.091780 
-2.95 -0.3 110.667265 
-2.95 -0.25 113.411188 
-2.95 -0.2 115.490894 
-2.95 -0.15 114.276787 
-2.95 -0.1 108.509498 
-2.95 -0.05 99.432738 
-2.95 0 89.971233 
-2.95 0.05 82.231720 
-2.95 0.1 76.968220 
-2.95 0.15 73.589952 
-2.95 0.2 71.022622 
-2.95 0.25 67.987128 
-2.95 0.3 63.966020 
-2.95 0.35 58.930046 
-2.95 0.4 53.154063 
-2.95 0.45 46.970380 
-2.95 0.5 40.281764 
-2.95 0.55 33.003438 
-2.95 0.6 25.192488 
-2.95 0.65 17.021468 
-2.95 0.7 8.973707 
-2.95 0.75 2.384255 
-2.95 0.8 0.988859 
-2.95 0.85 17.048301 
-2.95 0.9 101.502531 
-2.9 -1 109.492406 
-2.9 -0.95 109.495335 
-2.9 -0.9 109.494902 
-2.9 -0.85 109.483187 
-2.9 -0.8 109.490333 
-2.9 -0.75 109.499911 
-2.9 -0.7 109.506099 
-2.9 -0.65 109.544337 
-2.9 -0.6 109.563026 
-2.9 -0.55 109.518554 
-2.9 -0.5 109.528618 
-2.9 -0.45 109.321653 
-2.9 -0.4 108.949039 
-2.9 -0.35 109.091731 
-2.9 -0.3 110.667681 
-2.9 -0.25 113.412503 
-2.9 -0.2 115.492991 
-2.9 -0.15 114.278361 
-2.9 -0.1 108.509708 
-2.9 -0.05 99.429843 
-2.9 0 89.965894 
-2.9 0.05 82.224313 
-2.9 0.1 76.959474 
-2.9 0.15 73.580117 
-2.9 0.2 71.012511 
-2.9 0.25 67.976149 
-2.9 0.3 63.954238 
-2.9 0.35 58.917126 
-2.9 0.4 53.140305 
-2.9 0.45 46.955493 
-2.9 0.5 40.266270 
-2.9 0.55 32.987173 
-2.9 0.6 25.176062 
-2.9 0.65 17.005725 
-2.9 0.7 8.960289 
-2.9 0.75 2.376487 
-2.9 0.8 0.993995 
-2.9 0.85 17.088126 
-2.9 0.9 101.658763 
-2.85 -1 109.492471 
-2.85 -0.95 109.495304 
-2.85 -0.9 109.494774 
-2.85 -0.85 109.483158 
-2.85 -0.8 109.490289 
-2.85 -0.75 109.500083 
-2.85 -0.7 109.506290 
-2.85 -0.65 109.544488 
-2.85 -0.6 109.562838 
-2.85 -0.55 109.518290 
-2.85 -0.5 109.528856 
-2.85 -0.45 109.321612 
-2.85 -0.4 108.948760 
-2.85 -0.35 109.091707 
-2.85 -0.3 110.668381 
-2.85 -0.25 113.414403 
-2.85 -0.2 115.495496 
-2.85 -0.15 114.281017 
-2.85 -0.1 108.510069 
-2.85 -0.05 99.426753 
-2.85 0 89.959272 
-2.85 0.05 82.214793 
-2.85 0.1 76.948383 
-2.85 0.15 73.568328 
-2.85 0.2 70.999367 
-2.85 0.25 67.961995 
-2.85 0.3 63.939573 
-2.85 0.35 58.900956 
-2.85 0.4 53.122855 
-2.85 0.45 46.936412 
-2.85 0.5 40.246225 
-2.85 0.55 32.966621 
-2.85 0.6 25.155412 
-2.85 0.65 16.985948 
-2.85 0.7 8.943304 
-2.85 0.75 2.366442 
-2.85 0.8 1.000548 
-2.85 0.85 17.136744 
-2.85 0.9 101.854206 
-2.8 -1 109.492413 
-2.8 -0.95 109.495411 
-2.8 -0.9 109.494765 
-2.8 -0.85 109.483186 
-2.8 -0.8 109.490194 
-2.8 -0.75 109.499914 
-2.8 -0.7 109.506141 
-2.8 -0.65 109.544617 
-2.8 -0.6 109.562909 
-2.8 -0.55 109.518184 
-2.8 -0.5 109.528573 
-2.8 -0.45 109.321520 
-2.8 -0.4 108.948679 
-2.8 -0.35 109.091497 
-2.8 -0.3 110.669045 
-2.8 -0.25 113.416420 
-2.8 -0.2 115.498809 
-2.8 -0.15 114.283748 
-2.8 -0.1 108.510057 
-2.8 -0.05 99.422559 
-2.8 0 89.950818 
-2.8 0.05 82.203003 
-2.8 0.1 76.934182 
-2.8 0.15 73.552990 
-2.8 0.2 70.982940 
-2.8 0.25 67.944442 
-2.8 0.3 63.920764 
-2.8 0.35 58.880759 
-2.8 0.4 53.100726 
-2.8 0.45 46.912855 
-2.8 0.5 40.221781 
-2.8 0.55 32.940935 
-2.8 0.6 25.129771 
-2.8 0.65 16.961298 
-2.8 0.7 8.922128 
-2.8 0.75 2.354110 
-2.8 0.8 1.009068 
-2.8 0.85 17.199415 
-2.8 0.9 102.100238 
-2.75 -1 109.492383 
-2.75 -0.95 109.495419 
-2.75 -0.9 109.494854 
-2.75 -0.85 109.483316 
-2.75 -0.8 109.490089 
-2.75 -0.75 109.500020 
-2.75 -0.7 109.506262 
-2.75 -0.65 109.544517 
-2.75 -0.6 109.563153 
-2.75 -0.55 109.518232 
-2.75 -0.5 109.528710 
-2.75 -0.45 109.321533 
-2.75 -0.4 108.948523 
-2.75 -0.35 109.091315 
-2.75 -0.3 110.669813 
-2.75 -0.25 113.419276 
-2.75 -0.2 115.502948 
-2.75 -0.15 114.287498 
-2.75 -0.1 108.510178 
-2.75 -0.05 99.417425 
-2.75 0 89.940116 
-2.75 0.05 82.188218 
-2.75 0.1 76.916704 
-2.75 0.15 73.533509 
-2.75 0.2 70.962417 
-2.75 0.25 67.922956 
-2.75 0.3 63.897097 
-2.75 0.35 58.855255 
-2.75 0.4 53.073220 
-2.75 0.45 46.883388 
-2.75 0.5 40.190302 
-2.75 0.55 32.908557 
-2.75 0.6 25.097045 
-2.75 0.65 16.929920 
-2.75 0.7 8.895371 
-2.75 0.75 2.338407 
-2.75 0.8 1.019320 
-2.75 0.85 17.278293 
-2.75 0.9 102.409632 
-2.7 -1 109.492527 
-2.7 -0.95 109.495399 
-2.7 -0.9 109.494841 
-2.7 -0.85 109.483321 
-2.7 -0.8 109.490233 
-2.7 -0.75 109.499981 
-2.7 -0.7 109.506331 
-2.7 -0.65 109.544493 
-2.7 -0.6 109.563009 
-2.7 -0.55 109.518296 
-2.7 -0.5 109.528714 
-2.7 -0.45 109.321508 
-2.7 -0.4 108.948060 
-2.7 -0.35 109.091109 
-2.7 -0.3 110.671202 
-2.7 -0.25 113.422847 
-2.7 -0.2 115.508203 
-2.7 -0.15 114.291829 
-2.7 -0.1 108.510476 
-2.7 -0.05 99.411137 
-2.7 0 89.927376 
-2.7 0.05 82.169267 
-2.7 0.1 76.894395 
-2.7 0.15 73.509433 
-2.7 0.2 70.936963 
-2.7 0.25 67.895509 
-2.7 0.3 63.867772 
-2.7 0.35 58.822918 
-2.7 0.4 53.038053 
-2.7 0.45 46.846230 
-2.7 0.5 40.151036 
-2.7 0.55 32.867702 
-2.7 0.6 25.056290 
-2.7 0.65 16.890600 
-2.7 0.7 8.861890 
-2.7 0.75 2.318864 
-2.7 0.8 1.032336 
-2.7 0.85 17.377415 
-2.7 0.9 102.800080 
-2.65 -1 109.492352 
-2.65 -0.95 109.495159 
-2.65 -0.9 109.494876 
-2.65 -0.85 109.483379 
-2.65 -0.8 109.490157 
-2.65 -0.75 109.499967 
-2.65 -0.7 109.506187 
-2.65 -0.65 109.544383 
-2.65 -0.6 109.562936 
-2.65 -0.55 109.518214 
-2.65 -0.5 109.528839 
-2.65 -0.45 109.321278 
-2.65 -0.4 108.947674 
-2.65 -0.35 109.091038 
-2.65 -0.3 110.672738 
-2.65 -0.25 113.427286 
-2.65 -0.2 115.515054 
-2.65 -0.15 114.297527 
-2.65 -0.1 108.511144 
-2.65 -0.05 99.403214 
-2.65 0 89.910611 
-2.65 0.05 82.146266 
-2.65 0.1 76.866389 
-2.65 0.15 73.478855 
-2.65 0.2 70.904319 
-2.65 0.25 67.861267 
-2.65 0.3 63.830091 
-2.65 0.35 58.781942 
-2.65 0.4 52.994384 
-2.65 0.45 46.799505 
-2.65 0.5 40.101750 
-2.65 0.55 32.816480 
-2.65 0.6 25.004658 
-2.65 0.65 16.841278 
-2.65 0.7 8.819860 
-2.65 0.75 2.294419 
-2.65 0.8 1.049225 
-2.65 0.85 17.501859 
-2.65 0.9 103.296912 
-2.6 -1 109.492446 
-2.6 -0.95 109.495335 
-2.6 -0.9 109.494799 
-2.6 -0.85 109.483340 
-2.6 -0.8 109.490304 
-2.6 -0.75 109.500047 
-2.6 -0.7 109.506357 
-2.6 -0.65 109.544680 
-2.6 -0.6 109.563005 
-2.6 -0.55 109.518189 
-2.6 -0.5 109.528684 
-2.6 -0.45 109.321106 
-2.6 -0.4 108.947047 
-2.6 -0.35 109.090739 
-2.6 -0.3 110.674486 
-2.6 -0.25 113.432676 
-2.6 -0.2 115.523105 
-2.6 -0.15 114.304697 
-2.6 -0.1 108.511195 
-2.6 -0.05 99.392941 
-2.6 0 89.889405 
-2.6 0.05 82.116214 
-2.6 0.1 76.831350 
-2.6 0.15 73.440215 
-2.6 0.2 70.864060 
-2.6 0.25 67.817686 
-2.6 0.3 63.783247 
-2.6 0.35 58.731029 
-2.6 0.4 52.939375 
-2.6 0.45 46.740475 
-2.6 0.5 40.039324 
-2.6 0.55 32.751785 
-2.6 0.6 24.939549 
-2.6 0.65 16.779243 
-2.6 0.7 8.767177 
-2.6 0.75 2.263847 
-2.6 0.8 1.070740 
-2.6 0.85 17.660711 
-2.6 0.9 103.921311 
-2.55 -1 109.492444 
-2.55 -0.95 109.495218 
-2.55 -0.9 109.494771 
-2.55 -0.85 109.483176 
-2.55 -0.8 109.490217 
-2.55 -0.75 109.500000 
-2.55 -0.7 109.506271 
-2.55 -0.65 109.544677 
-2.55 -0.6 109.563200 
-2.55 -0.55 109.518178 
-2.55 -0.5 109.528623 
-2.55 -0.45 109.321148 
-2.55 -0.4 108.946466 
-2.55 -0.35 109.090576 
-2.55 -0.3 110.676958 
-2.55 -0.25 113.439606 
-2.55 -0.2 115.533648 
-2.55 -0.15 114.313592 
-2.55 -0.1 108.511687 
-2.55 -0.05 99.380059 
-2.55 0 89.863166 
-2.55 0.05 82.079264 
-2.55 0.1 76.787216 
-2.55 0.15 73.391943 
-2.55 0.2 70.812007 
-2.55 0.25 67.762381 
-2.55 0.3 63.724085 
-2.55 0.35 58.667082 
-2.55 0.4 52.870198 
-2.55 0.45 46.666304 
-2.55 0.5 39.960797 
-2.55 0.55 32.670918 
-2.55 0.6 24.857980 
-2.55 0.65 16.701274 
-2.55 0.7 8.700712 
-2.55 0.75 2.225533 
-2.55 0.8 1.098365 
-2.55 0.85 17.861010 
-2.55 0.9 104.713101 
-2.5 -1 109.492488 
-2.5 -0.95 109.495190 
-2.5 -0.9 109.494767 
-2.5 -0.85 109.483367 
-2.5 -0.8 109.490062 
-2.5 -0.75 109.500052 
-2.5 -0.7 109.506153 
-2.5 -0.65 109.544555 
-2.5 -0.6 109.563246 
-2.5 -0.55 109.518270 
-2.5 -0.5 109.528926 
-2.5 -0.45 109.320668 
-2.5 -0.4 108.945362 
-2.5 -0.35 109.090073 
-2.5 -0.3 110.680039 
-2.5 -0.25 113.448378 
-2.5 -0.2 115.546918 
-2.5 -0.15 114.324925 
-2.5 -0.1 108.512301 
-2.5 -0.05 99.363766 
-2.5 0 89.830043 
-2.5 0.05 82.032164 
-2.5 0.1 76.731674 
-2.5 0.15 73.331175 
-2.5 0.2 70.747500 
-2.5 0.25 67.693140 
-2.5 0.3 63.649600 
-2.5 0.35 58.586184 
-2.5 0.4 52.783072 
-2.5 0.45 46.572917 
-2.5 0.5 39.862721 
-2.5 0.55 32.568887 
-2.5 0.6 24.755338 
-2.5 0.65 16.603182 
-2.5 0.7 8.617605 
-2.5 0.75 2.178074 
-2.5 0.8 1.134281 
-2.5 0.85 18.116050 
-2.5 0.9 105.713548 
-2.45 -1 109.492442 
-2.45 -0.95 109.495471 
-2.45 -0.9 109.494848 
-2.45 -0.85 109.483380 
-2.45 -0.8 109.490153 
-2.45 -0.75 109.500101 
-2.45 -0.7 109.506194 
-2.45 -0.65 109.544553 
-2.45 -0.6 109.563435 
-2.45 -0.55 109.518187 
-2.45 -0.5 109.528957 
-2.45 -0.45 109.320421 
-2.45 -0.4 108.944517 
-2.45 -0.35 109.089636 
-2.45 -0.3 110.683605 
-2.45 -0.25 113.459338 
-2.45 -0.2 115.563565 
-2.45 -0.15 114.339408 
-2.45 -0.1 108.513252 
-2.45 -0.05 99.343610 
-2.45 0 89.788305 
-2.45 0.05 81.973426 
-2.45 0.1 76.661357 
-2.45 0.15 73.254321 
-2.45 0.2 70.666064 
-2.45 0.25 67.606345 
-2.45 0.3 63.556346 
-2.45 0.35 58.485201 
-2.45 0.4 52.673108 
-2.45 0.45 46.455480 
-2.45 0.5 39.738976 
-2.45 0.55 32.441003 
-2.45 0.6 24.626348 
-2.45 0.65 16.480341 
-2.45 0.7 8.513523 
-2.45 0.75 2.118727 
-2.45 0.8 1.180938 
-2.45 0.85 18.439464 
-2.45 0.9 106.980839 
-2.4 -1 109.492412 
-2.4 -0.95 109.495228 
-2.4 -0.9 109.494849 
-2.4 -0.85 109.483295 
-2.4 -0.8 109.490167 
-2.4 -0.75 109.499994 
-2.4 -0.7 109.506411 
-2.4 -0.65 109.544721 
-2.4 -0.6 109.563432 
-2.4 -0.55 109.518282 
-2.4 -0.5 109.528975 
-2.4 -0.45 109.320005 
-2.4 -0.4 108.943151 
-2.4 -0.35 109.089082 
-2.4 -0.3 110.688658 
-2.4 -0.25 113.473068 
-2.4 -0.2 115.584304 
-2.4 -0.15 114.357129 
-2.4 -0.1 108.514090 
-2.4 -0.05 99.317981 
-2.4 0 89.735762 
-2.4 0.05 81.899252 
-2.4 0.1 76.573369 
-2.4 0.15 73.157984 
-2.4 0.2 70.563974 
-2.4 0.25 67.497254 
-2.4 0.3 63.438564 
-2.4 0.35 58.356952 
-2.4 0.4 52.534954 
-2.4 0.45 46.308604 
-2.4 0.5 39.583669 
-2.4 0.55 32.280393 
-2.4 0.6 24.464374 
-2.4 0.65 16.326067 
-2.4 0.7 8.383444 
-2.4 0.75 2.045751 
-2.4 0.8 1.241915 
-2.4 0.85 18.851174 
-2.4 0.9 108.589412 
-2.35 -1 109.492444 
-2.35 -0.95 109.495344 
-2.35 -0.9 109.494755 
-2.35 -0.85 109.483315 
-2.35 -0.8 109.490357 
-2.35 -0.75 109.499977 
-2.35 -0.7 109.506319 
-2.35 -0.65 109.544799 
-2.35 -0.6 109.563616 
-2.35 -0.55 109.518455 
-2.35 -0.5 109.529349 
-2.35 -0.45 109.319366 
-2.35 -0.4 108.941226 
-2.35 -0.35 109.088357 
-2.35 -0.3 110.694471 
-2.35 -0.25 113.490516 
-2.35 -0.2 115.610964 
-2.35 -0.15 114.379839 
-2.35 -0.1 108.515435 
-2.35 -0.05 99.286384 
-2.35 0 89.669308 
-2.35 0.05 81.805614 
-2.35 0.1 76.462331 
-2.35 0.15 73.036669 
-2.35 0.2 70.435622 
-2.35 0.25 67.359931 
-2.35 0.3 63.290115 
-2.35 0.35 58.196511 
-2.35 0.4 52.362065 
-2.35 0.45 46.123435 
-2.35 0.5 39.388327 
-2.35 0.55 32.078149 
-2.35 0.6 24.262002 
-2.35 0.65 16.133055 
-2.35 0.7 8.221007 
-2.35 0.75 1.956131 
-2.35 0.8 1.322076 
-2.35 0.85 19.374311 
-2.35 0.9 110.635209 
-2.3 -1 109.492380 
-2.3 -0.95 109.495227 
-2.3 -0.9 109.494822 
-2.3 -0.85 109.483072 
-2.3 -0.8 109.490213 
-2.3 -0.75 109.499903 
-2.3 -0.7 109.506183 
-2.3 -0.65 109.545111 
-2.3 -0.6 109.563727 
-2.3 -0.55 109.518218 
-2.3 -0.5 109.529302 
-2.3 -0.45 109.318721 
-2.3 -0.4 108.939224 
-2.3 -0.35 109.087383 
-2.3 -0.3 110.702070 
-2.3 -0.25 113.512256 
-2.3 -0.2 115.644218 
-2.3 -0.15 114.408331 
-2.3 -0.1 108.516972 
-2.3 -0.05 99.245926 
-2.3 0 89.586186 
-2.3 0.05 81.688239 
-2.3 0.1 76.322892 
-2.3 0.15 72.884015 
-2.3 0.2 70.273477 
-2.3 0.25 67.187279 
-2.3 0.3 63.103870 
-2.3 0.35 57.994406 
-2.3 0.4 52.144542 
-2.3 0.45 45.891131 
-2.3 0.5 39.143862 
-2.3 0.55 31.824502 
-2.3 0.6 24.007995 
-2.3 0.65 15.891968 
-2.3 0.7 8.019006 
-2.3 0.75 1.846828 
-2.3 0.8 1.428779 
-2.3 0.85 20.047298 
-2.3 0.9 113.247262 
-2.25 -1 109.492458 
-2.25 -0.95 109.495207 
-2.25 -0.9 109.494807 
-2.25 -0.85 109.483159 
-2.25 -0.8 109.490233 
-2.25 -0.75 109.499902 
-2.25 -0.7 109.506210 
-2.25 -0.65 109.545161 
-2.25 -0.6 109.564105 
-2.25 -0.55 109.518241 
-2.25 -0.5 109.529559 
-2.25 -0.45 109.317989 
-2.25 -0.4 108.936634 
-2.25 -0.35 109.086090 
-2.25 -0.3 110.711479 
-2.25 -0.25 113.539689 
-2.25 -0.2 115.686279 
-2.25 -0.15 114.444255 
-2.25 -0.1 108.519079 
-2.25 -0.05 99.195124 
-2.25 0 89.481462 
-2.25 0.05 81.540859 
-2.25 0.1 76.147652 
-2.25 0.15 72.691782 
-2.25 0.2 70.070134 
-2.25 0.25 66.970002 
-2.25 0.3 62.869900 
-2.25 0.35 57.740170 
-2.25 0.4 51.870793 
-2.25 0.45 45.598778 
-2.25 0.5 38.835816 
-2.25 0.55 31.506885 
-2.25 0.6 23.689796 
-2.25 0.65 15.590773 
-2.25 0.7 7.768514 
-2.25 0.75 1.714770 
-2.25 0.8 1.571218 
-2.25 0.85 20.911578 
-2.25 0.9 116.585421 
-2.2 -1 109.492414 
-2.2 -0.95 109.495471 
-2.2 -0.9 109.494871 
-2.2 -0.85 109.483234 
-2.2 -0.8 109.490265 
-2.2 -0.75 109.500114 
-2.2 -0.7 109.506252 
-2.2 -0.65 109.545236 
-2.2 -0.6 109.564466 
-2.2 -0.55 109.518501 
-2.2 -0.5 109.529713 
-2.2 -0.45 109.316891 
-2.2 -0.4 108.933295 
-2.2 -0.35 109.084429 
-2.2 -0.3 110.723653 
-2.2 -0.25 113.574712 
-2.2 -0.2 115.739091 
-2.2 -0.15 114.489618 
-2.2 -0.1 108.521930 
-2.2 -0.05 99.131434 
-2.2 0 89.350172 
-2.2 0.05 81.354864 
-2.2 0.1 75.927803 
-2.2 0.15 72.451019 
-2.2 0.2 69.814524 
-2.2 0.25 66.697370 
-2.2 0.3 62.576245 
-2.2 0.35 57.422363 
-2.2 0.4 51.527560 
-2.2 0.45 45.232929 
-2.2 0.5 38.451239 
-2.2 0.55 31.109248 
-2.2 0.6 23.292552 
-2.2 0.65 15.216255 
-2.2 0.7 7.458772 
-2.2 0.75 1.556704 
-2.2 0.8 1.765807 
-2.2 0.85 22.027142 
-2.2 0.9 120.873001 
-2.15 -1 109.492507 
-2.15 -0.95 109.495435 
-2.15 -0.9 109.494903 
-2.15 -0.85 109.483070 
-2.15 -0.8 109.490290 
-2.15 -0.75 109.500067 
-2.15 -0.7 109.506242 
-2.15 -0.65 109.545601 
-2.15 -0.6 109.564861 
-2.15 -0.55 109.518402 
-2.15 -0.5 109.530035 
-2.15 -0.45 109.315356 
-2.15 -0.4 108.929141 
-2.15 -0.35 109.082540 
-2.15 -0.3 110.738503 
-2.15 -0.25 113.618909 
-2.15 -0.2 115.805582 
-2.15 -0.15 114.546546 
-2.15 -0.1 108.525599 
-2.15 -0.05 99.051531 
-2.15 0 89.184633 
-2.15 0.05 81.122258 
-2.15 0.1 75.650861 
-2.15 0.15 72.148726 
-2.15 0.2 69.492494 
-2.15 0.25 66.354925 
-2.15 0.3 62.206787 
-2.15 0.35 57.022526 
-2.15 0.4 51.096418 
-2.15 0.45 44.774168 
-2.15 0.5 37.969386 
-2.15 0.55 30.612552 
-2.15 0.6 22.797361 
-2.15 0.65 14.750468 
-2.15 0.7 7.077774 
-2.15 0.75 1.371543 
-2.15 0.8 2.033460 
-2.15 0.85 23.476819 
-2.15 0.9 126.407858 
-2.1 -1 109.492382 
-2.1 -0.95 109.495498 
-2.1 -0.9 109.494776 
-2.1 -0.85 109.483097 
-2.1 -0.8 109.490257 
-2.1 -0.75 109.499997 
-2.1 -0.7 109.506206 
-2.1 -0.65 109.545896 
-2.1 -0.6 109.565267 
-2.1 -0.55 109.518705 
-2.1 -0.5 109.530452 
-2.1 -0.45 109.313836 
-2.1 -0.4 108.923843 
-2.1 -0.35 109.080106 
-2.1 -0.3 110.757488 
-2.1 -0.25 113.674314 
-2.1 -0.2 115.889451 
-2.1 -0.15 114.618435 
-2.1 -0.1 108.530602 
-2.1 -0.05 98.950886 
-2.1 0 88.976985 
-2.1 0.05 80.829462 
-2.1 0.1 75.303128 
-2.1 0.15 71.768672 
-2.1 0.2 69.089326 
-2.1 0.25 65.924943 
-2.1 0.3 61.743640 
-2.1 0.35 56.521857 
-2.1 0.4 50.556476 
-2.1 0.45 44.199074 
-2.1 0.5 37.366184 
-2.1 0.55 29.993165 
-2.1 0.6 22.180745 
-2.1 0.65 14.174618 
-2.1 0.7 6.613049 
-2.1 0.75 1.160326 
-2.1 0.8 2.406685 
-2.1 0.85 25.375547 
-2.1 0.9 133.595710 
-2.05 -1 109.492415 
-2.05 -0.95 109.495405 
-2.05 -0.9 109.494875 
-2.05 -0.85 109.483158 
-2.05 -0.8 109.490365 
-2.05 -0.75 109.499979 
-2.05 -0.7 109.506415 
-2.05 -0.65 109.546288 
-2.05 -0.6 109.565969 
-2.05 -0.55 109.518411 
-2.05 -0.5 109.530704 
-2.05 -0.45 109.311653 
-2.05 -0.4 108.916641 
-2.05 -0.35 109.077105 
-2.05 -0.3 110.781220 
-2.05 -0.25 113.744061 
-2.05 -0.2 115.995052 
-2.05 -0.15 114.709137 
-2.05 -0.1 108.536699 
-2.05 -0.05 98.824930 
-2.05 0 88.716357 
-2.05 0.05 80.462541 
-2.05 0.1 74.866531 
-2.05 0.15 71.291804 
-2.05 0.2 68.583846 
-2.05 0.25 65.385726 
-2.05 0.3 61.163060 
-2.05 0.35 55.894141 
-2.05 0.4 49.881282 
-2.05 0.45 43.481243 
-2.05 0.5 36.614261 
-2.05 0.55 29.222139 
-2.05 0.6 21.416789 
-2.05 0.65 13.466112 
-2.05 0.7 6.050625 
-2.05 0.75 0.928366 
-2.05 0.8 2.932263 
-2.05 0.85 27.881197 
-2.05 0.9 142.997084 
-2 -1 109.492475 
-2 -0.95 109.495280 
-2 -0.9 109.494844 
-2 -0.85 109.483017 
-2 -0.8 109.490399 
-2 -0.75 109.500118 
-2 -0.7 109.506497 
-2 -0.65 109.546910 
-2 -0.6 109.566699 
-2 -0.55 109.518779 
-2 -0.5 109.531337 
-2 -0.45 109.309180 
-2 -0.4 108.908006 
-2 -0.35 109.073338 
-2 -0.3 110.811565 
-2 -0.25 113.832199 
-2 -0.2 116.128743 
-2 -0.15 114.824086 
-2 -0.1 108.545059 
-2 -0.05 98.667321 
-2 0 88.390046 
-2 0.05 80.000944 
-2 0.1 74.318967 
-2 0.15 70.693679 
-2 0.2 67.949757 
-2 0.25 64.710327 
-2 0.3 60.436645 
-2 0.35 55.109082 
-2 0.4 49.037698 
-2 0.45 42.585713 
-2 0.5 35.678916 
-2 0.55 28.265719 
-2 0.6 20.474224 
-2 0.65 12.600161 
-2 0.7 5.379431 
-2 0.75 0.691959 
-2 0.8 3.685996 
-2 0.85 31.222139 
-2 0.9 155.409935 
-1.95 -1 109.492420 
-1.95 -0.95 109.495287 
-1.95 -0.9 109.494929 
-1.95 -0.85 109.482736 
-1.95 -0.8 109.490373 
-1.95 -0.75 109.500097 
-1.95 -0.7 109.506431 
-1.95 -0.65 109.547403 
-1.95 -0.6 109.567590 
-1.95 -0.55 109.518859 
-1.95 -0.5 109.532283 
-1.95 -0.45 109.305940 
-1.95 -0.4 108.897311 
-1.95 -0.35 109.068595 
-1.95 -0.3 110.849671 
-1.95 -0.25 113.943535 
-1.95 -0.2 116.296983 
-1.95 -0.15 114.968644 
-1.95 -0.1 108.556388 
-1.95 -0.05 98.470330 
-1.95 0 87.980693 
-1.95 0.05 79.423236 
-1.95 0.1 73.633492 
-1.95 0.15 69.944567 
-1.95 0.2 67.156277 
-1.95 0.25 63.865043 
-1.95 0.3 59.527163 
-1.95 0.35 54.128301 
-1.95 0.4 47.985445 
-1.95 0.45 41.471730 
-1.95 0.5 34.517688 
-1.95 0.55 27.084062 
-1.95 0.6 19.318323 
-1.95 0.65 11.551085 
-1.95 0.7 4.592665 
-1.95 0.75 0.480996 
-1.95 0.8 4.780514 
-1.95 0.85 35.726368 
-1.95 0.9 171.966979 
-1.9 -1 109.492394 
-1.9 -0.95 109.495576 
-1.9 -0.9 109.494980 
-1.9 -0.85 109.482872 
-1.9 -0.8 109.490544 
-1.9 -0.75 109.500104 
-1.9 -0.7 109.506651 
-1.9 -0.65 109.548259 
-1.9 -0.6 109.568853 
-1.9 -0.55 109.518798 
-1.9 -0.5 109.533264 
-1.9 -0.45 109.301618 
-1.9 -0.4 108.884117 
-1.9 -0.35 109.062701 
-1.9 -0.3 110.898033 
-1.9 -0.25 114.083680 
-1.9 -0.2 116.509649 
-1.9 -0.15 115.152114 
-1.9 -0.1 108.572443 
-1.9 -0.05 98.223379 
-1.9 0 87.467836 
-1.9 0.05 78.700389 
-1.9 0.1 72.775785 
-1.9 0.15 69.008598 
-1.9 0.2 66.164150 
-1.9 0.25 62.809197 
-1.9 0.3 58.393249 
-1.9 0.35 52.906867 
-1.9 0.4 46.678044 
-1.9 0.45 40.091417 
-1.9 0.5 33.084641 
-1.9 0.55 25.632738 
-1.9 0.6 17.910247 
-1.9 0.65 10.295973 
-1.9 0.7 3.694435 
-1.9 0.75 0.354279 
-1.9 0.8 6.389386 
-1.9 0.85 41.874807 
-1.9 0.9 194.350915 
-1.85 -1 109.492593 
-1.85 -0.95 109.495659 
-1.85 -0.9 109.495006 
-1.85 -0.85 109.482541 
-1.85 -0.8 109.490512 
-1.85 -0.75 109.500224 
-1.85 -0.7 109.506760 
-1.85 -0.65 109.549341 
-1.85 -0.6 109.570448 
-1.85 -0.55 109.519012 
-1.85 -0.5 109.534491 
-1.85 -0.45 109.296706 
-1.85 -0.4 108.867192 
-1.85 -0.35 109.055827 
-1.85 -0.3 110.959231 
-1.85 -0.25 114.260637 
-1.85 -0.2 116.778190 
-1.85 -0.15 115.383900 
-1.85 -0.1 108.593550 
-1.85 -0.05 97.916392 
-1.85 0 86.828078 
-1.85 0.05 77.796487 
-1.85 0.1 71.704248 
-1.85 0.15 67.839529 
-1.85 0.2 64.926246 
-1.85 0.25 61.492769 
-1.85 0.3 56.981032 
-1.85 0.35 51.388806 
-1.85 0.4 45.056257 
-1.85 0.45 38.385362 
-1.85 0.5 31.323140 
-1.85 0.55 23.862766 
-1.85 0.6 16.214201 
-1.85 0.65 8.818973 
-1.85 0.7 2.710416 
-1.85 0.75 0.415488 
-1.85 0.8 8.787929 
-1.85 0.85 50.396547 
-1.85 0.9 225.073605 
-1.8 -1 109.492473 
-1.8 -0.95 109.495468 
-1.8 -0.9 109.494962 
-1.8 -0.85 109.482670 
-1.8 -0.8 109.490507 
-1.8 -0.75 109.500347 
-1.8 -0.7 109.507048 
-1.8 -0.65 109.550610 
-1.8 -0.6 109.572628 
-1.8 -0.55 109.519506 
-1.8 -0.5 109.536036 
-1.8 -0.45 109.289972 
-1.8 -0.4 108.846400 
-1.8 -0.35 109.047047 
-1.8 -0.3 111.036473 
-1.8 -0.25 114.484484 
-1.8 -0.2 117.117564 
-1.8 -0.15 115.677507 
-1.8 -0.1 108.624151 
-1.8 -0.05 97.535477 
-1.8 0 86.029714 
-1.8 0.05 76.669839 
-1.8 0.1 70.368443 
-1.8 0.15 66.383520 
-1.8 0.2 63.385244 
-1.8 0.25 59.856126 
-1.8 0.3 55.228441 
-1.8 0.35 49.509792 
-1.8 0.4 43.057297 
-1.8 0.45 36.292295 
-1.8 0.5 29.174296 
-1.8 0.55 21.724186 
-1.8 0.6 14.198504 
-1.8 0.65 7.124210 
-1.8 0.7 1.704575 
-1.8 0.75 0.845409 
-1.8 0.8 12.402987 
-1.8 0.85 62.389241 
-1.8 0.9 268.020516 
-1.75 -1 109.492417 
-1.75 -0.95 109.495715 
-1.75 -0.9 109.495075 
-1.75 -0.85 109.482196 
-1.75 -0.8 109.490403 
-1.75 -0.75 109.500323 
-1.75 -0.7 109.507277 
-1.75 -0.65 109.552118 
-1.75 -0.6 109.575000 
-1.75 -0.55 109.519725 
-1.75 -0.5 109.537915 
-1.75 -0.45 109.282055 
-1.75 -0.4 108.819935 
-1.75 -0.35 109.036450 
-1.75 -0.3 111.134797 
-1.75 -0.25 114.767573 
-1.75 -0.2 117.547231 
-1.75 -0.15 116.051096 
-1.75 -0.1 108.666813 
-1.75 -0.05 97.063038 
-1.75 0 85.037580 
-1.75 0.05 75.268593 
-1.75 0.1 68.708371 
-1.75 0.15 64.575175 
-1.75 0.2 61.473759 
-1.75 0.25 57.827612 
-1.75 0.3 53.060811 
-1.75 0.35 47.194682 
-1.75 0.4 40.605107 
-1.75 0.45 33.739666 
-1.75 0.5 26.578485 
-1.75 0.55 19.175464 
-1.75 0.6 11.852591 
-1.75 0.65 5.251197 
-1.75 0.7 0.808940 
-1.75 0.75 1.947816 
-1.75 0.8 17.917315 
-1.75 0.85 79.564731 
-1.75 0.9 329.349426 
-1.7 -1 109.492387 
-1.7 -0.95 109.495807 
-1.7 -0.9 109.495095 
-1.7 -0.85 109.482165 
-1.7 -0.8 109.490465 
-1.7 -0.75 109.500513 
-1.7 -0.7 109.507406 
-1.7 -0.65 109.554189 
-1.7 -0.6 109.578237 
-1.7 -0.55 109.520197 
-1.7 -0.5 109.540684 
-1.7 -0.45 109.272443 
-1.7 -0.4 108.787653 
-1.7 -0.35 109.023635 
-1.7 -0.3 111.259702 
-1.7 -0.25 115.126528 
-1.7 -0.2 118.091651 
-1.7 -0.15 116.526610 
-1.7 -0.1 108.729119 
-1.7 -0.05 96.481575 
-1.7 0 83.807241 
-1.7 0.05 73.530766 
-1.7 0.1 66.651872 
-1.7 0.15 62.338610 
-1.7 0.2 59.112165 
-1.7 0.25 55.326136 
-1.7 0.3 50.395134 
-1.7 0.35 44.359180 
-1.7 0.4 37.621620 
-1.7 0.45 30.659919 
-1.7 0.5 23.482785 
-1.7 0.55 16.193615 
-1.7 0.6 9.201272 
-1.7 0.65 3.307619 
-1.7 0.7 0.271503 
-1.7 0.75 4.236839 
-1.7 0.8 26.412925 
-1.7 0.85 104.620757 
-1.65 -1 109.492491 
-1.65 -0.95 109.495918 
-1.65 -0.9 109.495270 
-1.65 -0.85 109.481872 
-1.65 -0.8 109.490616 
-1.65 -0.75 109.500616 
-1.65 -0.7 109.507565 
-1.65 -0.65 109.556721 
-1.65 -0.6 109.582359 
-1.65 -0.55 109.520568 
-1.65 -0.5 109.543757 
-1.65 -0.45 109.260073 
-1.65 -0.4 108.747007 
-1.65 -0.35 109.008625 
-1.65 -0.3 111.418788 
-1.65 -0.25 115.581834 
-1.65 -0.2 118.783387 
-1.65 -0.15 117.133016 
-1.65 -0.1 108.819176 
-1.65 -0.05 95.768810 
-1.65 0 82.289659 
-1.65 0.05 71.385550 
-1.65 0.1 64.116082 
-1.65 0.15 59.584941 
-1.65 0.2 56.209475 
-1.65 0.25 52.257505 
-1.65 0.3 47.137982 
-1.65 0.35 40.915717 
-1.65 0.4 34.027867 
-1.65 0.45 26.993586 
-1.65 0.5 19.859091 
-1.65 0.55 12.798680 
-1.65 0.6 6.343891 
-1.65 0.65 1.518912 
-1.65 0.7 0.535905 
-1.65 0.75 8.561657 
-1.65 0.8 39.632929 
-1.65 0.85 141.903244 
-1.6 -1 109.492300 
-1.6 -0.95 109.495948 
-1.6 -0.9 109.495419 
-1.6 -0.85 109.481342 
-1.6 -0.8 109.490872 
-1.6 -0.75 109.500768 
-1.6 -0.7 109.508124 
-1.6 -0.65 109.560092 
-1.6 -0.6 109.587326 
-1.6 -0.55 109.521555 
-1.6 -0.5 109.548062 
-1.6 -0.45 109.245140 
-1.6 -0.4 108.696290 
-1.6 -0.35 108.991471 
-1.6 -0.3 111.622628 
-1.6 -0.25 116.161091 
-1.6 -0.2 119.662748 
-1.6 -0.15 117.909704 
-1.6 -0.1 108.952135 
-1.6 -0.05 94.904065 
-1.6 0 80.428630 
-1.6 0.05 68.752292 
-1.6 0.1 61.007656 
-1.6 0.15 56.217168 
-1.6 0.2 52.667290 
-1.6 0.25 48.524364 
-1.6 0.3 43.194924 
-1.6 0.35 36.780313 
-1.6 0.4 29.762586 
-1.6 0.45 22.711658 
-1.6 0.5 15.729965 
-1.6 0.55 9.093971 
-1.6 0.6 3.507857 
-1.6 0.65 0.312878 
-1.6 0.7 2.369761 
-1.6 0.75 16.330062 
-1.6 0.8 60.414372 
-1.6 0.85 198.577743 
-1.55 -1 109.492310 
-1.55 -0.95 109.496176 
-1.55 -0.9 109.495615 
-1.55 -0.85 109.480789 
-1.55 -0.8 109.491120 
-1.55 -0.75 109.501091 
-1.55 -0.7 109.508587 
-1.55 -0.65 109.564007 
-1.55 -0.6 109.593650 
-1.55 -0.55 109.522502 
-1.55 -0.5 109.554071 
-1.55 -0.45 109.226691 
-1.55 -0.4 108.634460 
-1.55 -0.35 108.972046 
-1.55 -0.3 111.883510 
-1.55 -0.25 116.899941 
-1.55 -0.2 120.785773 
-1.55 -0.15 118.908398 
-1.55 -0.1 109.150769 
-1.55 -0.05 93.866003 
-1.55 0 78.162527 
-1.55 0.05 65.543869 
-1.55 0.1 57.228010 
-1.55 0.15 52.134504 
-1.55 0.2 48.383558 
-1.55 0.25 44.027232 
-1.55 0.3 38.478193 
-1.55 0.35 31.891356 
-1.55 0.4 24.800839 
-1.55 0.45 17.848614 
-1.55 0.5 11.217744 
-1.55 0.55 5.332675 
-1.55 0.6 1.145614 
-1.55 0.65 0.458444 
-1.55 0.7 7.079001 
-1.55 0.75 29.862082 
-1.55 0.8 93.402733 
-1.55 0.85 286.739935 
-1.5 -1 109.492327 
-1.5 -0.95 109.496475 
-1.5 -0.9 109.495669 
-1.5 -0.85 109.480100 
-1.5 -0.8 109.491384 
-1.5 -0.75 109.501356 
-1.5 -0.7 109.509374 
-1.5 -0.65 109.569345 
-1.5 -0.6 109.601659 
-1.5 -0.55 109.524080 
-1.5 -0.5 109.561963 
-1.5 -0.45 109.204489 
-1.5 -0.4 108.558395 
-1.5 -0.35 108.952032 
-1.5 -0.3 112.220611 
-1.5 -0.25 117.844120 
-1.5 -0.2 122.222869 
-1.5 -0.15 120.199059 
-1.5 -0.1 109.449515 
-1.5 -0.05 92.639935 
-1.5 0 75.433091 
-1.5 0.05 61.672456 
-1.5 0.1 52.680358 
-1.5 0.15 47.241012 
-1.5 0.2 43.270674 
-1.5 0.25 38.689433 
-1.5 0.3 32.932887 
-1.5 0.35 26.235535 
-1.5 0.4 19.201414 
-1.5 0.45 12.561939 
-1.5 0.5 6.622883 
-1.5 0.55 2.026117 
-1.5 0.6 0.088569 
-1.5 0.65 3.291343 
-1.5 0.7 16.855466 
-1.5 0.75 52.995419 
-1.5 0.8 146.316467 
-1.5 0.85 427.356838 
-1.45 -1 109.492206 
-1.45 -0.95 109.496845 
-1.45 -0.9 109.495947 
-1.45 -0.85 109.479406 
-1.45 -0.8 109.491668 
-1.45 -0.75 109.501874 
-1.45 -0.7 109.510054 
-1.45 -0.65 109.575913 
-1.45 -0.6 109.612096 
-1.45 -0.55 109.525992 
-1.45 -0.5 109.571838 
-1.45 -0.45 109.178127 
-1.45 -0.4 108.465842 
-1.45 -0.35 108.933109 
-1.45 -0.3 112.657068 
-1.45 -0.25 119.056250 
-1.45 -0.2 124.068529 
-1.45 -0.15 121.875214 
-1.45 -0.1 109.904040 
-1.45 -0.05 91.223521 
-1.45 0 72.191852 
-1.45 0.05 57.066268 
-1.45 0.1 47.289113 
-1.45 0.15 41.472380 
-1.45 0.2 37.274510 
-1.45 0.25 32.478105 
-1.45 0.3 26.572612 
-1.45 0.35 19.906188 
-1.45 0.4 13.174166 
-1.45 0.45 7.227638 
-1.45 0.5 2.555674 
-1.45 0.55 0.126632 
-1.45 0.6 1.799974 
-1.45 0.65 11.079164 
-1.45 0.7 35.345364 
-1.45 0.75 92.076265 
-1.45 0.8 232.182203 
-1.45 0.85 657.889563 
-1.4 -1 109.492141 
-1.4 -0.95 109.497102 
-1.4 -0.9 109.496224 
-1.4 -0.85 109.478366 
-1.4 -0.8 109.491764 
-1.4 -0.75 109.502147 
-1.4 -0.7 109.511173 
-1.4 -0.65 109.584047 
-1.4 -0.6 109.625020 
-1.4 -0.55 109.529111 
-1.4 -0.5 109.585828 
-1.4 -0.45 109.146966 
-1.4 -0.4 108.355003 
-1.4 -0.35 108.919504 
-1.4 -0.3 113.227022 
-1.4 -0.25 120.618903 
-1.4 -0.2 126.451826 
-1.4 -0.15 124.068685 
-1.4 -0.1 110.599838 
-1.4 -0.05 89.641538 
-1.4 0 68.419853 
-1.4 0.05 51.689910 
-1.4 0.1 41.029317 
-1.4 0.15 34.827922 
-1.4 0.2 30.424443 
-1.4 0.25 25.464624 
-1.4 0.3 19.545478 
-1.4 0.35 13.187670 
-1.4 0.4 7.201343 
-1.4 0.45 2.600103 
-1.4 0.5 0.151256 
-1.4 0.55 1.318877 
-1.4 0.6 8.784435 
-1.4 0.65 27.622601 
-1.4 0.7 68.591497 
-1.4 0.75 157.673670 
-1.4 0.8 373.323014 
-1.35 -1 109.492231 
-1.35 -0.95 109.497568 
-1.35 -0.9 109.496696 
-1.35 -0.85 109.477391 
-1.35 -0.8 109.492210 
-1.35 -0.75 109.502933 
-1.35 -0.7 109.512843 
-1.35 -0.65 109.594746 
-1.35 -0.6 109.641738 
-1.35 -0.55 109.533536 
-1.35 -0.5 109.604925 
-1.35 -0.45 109.111300 
-1.35 -0.4 108.223242 
-1.35 -0.35 108.918090 
-1.35 -0.3 113.975631 
-1.35 -0.25 122.644353 
-1.35 -0.2 129.545737 
-1.35 -0.15 126.962284 
-1.35 -0.1 111.671824 
-1.35 -0.05 87.971353 
-1.35 0 64.161655 
-1.35 0.05 45.591079 
-1.35 0.1 33.983030 
-1.35 0.15 27.439424 
-1.35 0.2 22.900503 
-1.35 0.25 17.906093 
-1.35 0.3 12.247161 
-1.35 0.35 6.702814 
-1.35 0.4 2.233009 
-1.35 0.45 0.071605 
-1.35 0.5 1.415784 
-1.35 0.55 8.491479 
-1.35 0.6 25.245962 
-1.35 0.65 59.217487 
-1.35 0.7 126.591856 
-1.35 0.75 267.501320 
-1.35 0.8 608.781324 
-1.3 -1 109.492048 
-1.3 -0.95 109.498161 
-1.3 -0.9 109.497120 
-1.3 -0.85 109.475496 
-1.3 -0.8 109.492828 
-1.3 -0.75 109.503853 
-1.3 -0.7 109.514486 
-1.3 -0.65 109.608050 
-1.3 -0.6 109.662894 
-1.3 -0.55 109.539882 
-1.3 -0.5 109.631705 
-1.3 -0.45 109.072628 
-1.3 -0.4 108.070486 
-1.3 -0.35 108.942161 
-1.3 -0.3 114.968460 
-1.3 -0.25 125.286499 
-1.3 -0.2 133.589661 
-1.3 -0.15 130.814209 
-1.3 -0.1 113.333407 
-1.3 -0.05 86.377220 
-1.3 0 59.576883 
-1.3 0.05 38.970949 
-1.3 0.1 26.428078 
-1.3 0.15 19.674879 
-1.3 0.2 15.161328 
-1.3 0.25 10.393685 
-1.3 0.3 5.499882 
-1.3 0.35 1.649795 
-1.3 0.4 0.000000 
-1.3 0.45 2.088943 
-1.3 0.5 9.781792 
-1.3 0.55 26.489900 
-1.3 0.6 58.145799 
-1.3 0.65 116.233667 
-1.3 0.7 225.864186 
-1.3 0.75 451.522655 
-1.3 0.8 1007.963594 
-1.25 -1 109.492064 
-1.25 -0.95 109.498597 
-1.25 -0.9 109.497623 
-1.25 -0.85 109.473724 
-1.25 -0.8 109.493456 
-1.25 -0.75 109.504915 
-1.25 -0.7 109.516929 
-1.25 -0.65 109.625361 
-1.25 -0.6 109.690158 
-1.25 -0.55 109.549342 
-1.25 -0.5 109.668584 
-1.25 -0.45 109.032712 
-1.25 -0.4 107.898632 
-1.25 -0.35 109.012588 
-1.25 -0.3 116.297362 
-1.25 -0.25 128.759220 
-1.25 -0.2 138.917062 
-1.25 -0.15 135.996479 
-1.25 -0.1 115.921570 
-1.25 -0.05 85.178071 
-1.25 0 55.034677 
-1.25 0.05 32.310149 
-1.25 0.1 18.993542 
-1.25 0.15 12.321819 
-1.25 0.2 8.146397 
-1.25 0.25 4.088792 
-1.25 0.3 0.848963 
-1.25 0.35 0.188352 
-1.25 0.4 3.521244 
-1.25 0.45 12.817580 
-1.25 0.5 30.990975 
-1.25 0.55 63.319112 
-1.25 0.6 118.897276 
-1.25 0.65 215.651673 
-1.25 0.7 393.787794 
-1.25 0.75 760.873312 
-1.2 -1 109.491915 
-1.2 -0.95 109.499796 
-1.2 -0.9 109.498454 
-1.2 -0.85 109.471415 
-1.2 -0.8 109.494572 
-1.2 -0.75 109.506474 
-1.2 -0.7 109.520425 
-1.2 -0.65 109.647137 
-1.2 -0.6 109.725399 
-1.2 -0.55 109.563479 
-1.2 -0.5 109.721930 
-1.2 -0.45 108.997047 
-1.2 -0.4 107.715671 
-1.2 -0.35 109.165550 
-1.2 -0.3 118.095973 
-1.2 -0.25 133.363408 
-1.2 -0.2 145.999732 
-1.2 -0.15 143.049950 
-1.2 -0.1 119.968989 
-1.2 -0.05 84.951526 
-1.2 0 51.265563 
-1.2 0.05 26.567376 
-1.2 0.1 12.902331 
-1.2 0.15 6.870765 
-1.2 0.2 3.596684 
-1.2 0.25 1.102367 
-1.2 0.3 1.033645 
-1.2 0.35 6.048080 
-1.2 0.4 17.903198 
-1.2 0.45 39.190985 
-1.2 0.5 74.483214 
-1.2 0.55 132.027106 
-1.2 0.6 226.042244 
-1.2 0.65 385.198565 
-1.2 0.7 675.768471 
-1.2 0.75 1283.260016 
-1.15 -1 109.491703 
-1.15 -0.95 109.500962 
-1.15 -0.9 109.499521 
-1.15 -0.85 109.468336 
-1.15 -0.8 109.495580 
-1.15 -0.75 109.508552 
-1.15 -0.7 109.524701 
-1.15 -0.65 109.675250 
-1.15 -0.6 109.770713 
-1.15 -0.55 109.585021 
-1.15 -0.5 109.798629 
-1.15 -0.45 108.974675 
-1.15 -0.4 107.536626 
-1.15 -0.35 109.458750 
-1.15 -0.3 120.559228 
-1.15 -0.25 139.528458 
-1.15 -0.2 155.512788 
-1.15 -0.15 152.772916 
-1.15 -0.1 126.320696 
-1.15 -0.05 86.705539 
-1.15 0 49.608512 
-1.15 0.05 23.508505 
-1.15 0.1 10.372771 
-1.15 0.15 5.971541 
-1.15 0.2 4.571430 
-1.15 0.25 5.097078 
-1.15 0.3 10.731901 
-1.15 0.35 25.491817 
-1.15 0.4 51.592416 
-1.15 0.45 92.546159 
-1.15 0.5 155.568254 
-1.15 0.55 253.669366 
-1.15 0.6 409.493280 
-1.15 0.65 669.934414 
-1.15 0.7 1147.093902 
-1.1 -1 109.491648 
-1.1 -0.95 109.502240 
-1.1 -0.9 109.500736 
-1.1 -0.85 109.464479 
-1.1 -0.8 109.497055 
-1.1 -0.75 109.511254 
-1.1 -0.7 109.530983 
-1.1 -0.65 109.711502 
-1.1 -0.6 109.830017 
-1.1 -0.55 109.617456 
-1.1 -0.5 109.911273 
-1.1 -0.45 108.983419 
-1.1 -0.4 107.393870 
-1.1 -0.35 109.988449 
-1.1 -0.3 123.975786 
-1.1 -0.25 147.873452 
-1.1 -0.2 168.438798 
-1.1 -0.15 166.358235 
-1.1 -0.1 136.319882 
-1.1 -0.05 92.155663 
-1.1 0 52.411904 
-1.1 0.05 26.229775 
-1.1 0.1 15.243012 
-1.1 0.15 14.154413 
-1.1 0.2 16.251255 
-1.1 0.25 22.226848 
-1.1 0.3 37.724663 
-1.1 0.35 68.809740 
-1.1 0.4 118.316082 
-1.1 0.45 191.146432 
-1.1 0.5 298.748937 
-1.1 0.55 461.849709 
-1.1 0.6 717.101209 
-1.1 0.65 1142.656335 
-1.1 0.7 1931.463298 
-1.05 -1 109.491335 
-1.05 -0.95 109.504131 
-1.05 -0.9 109.502295 
-1.05 -0.85 109.460033 
-1.05 -0.8 109.499203 
-1.05 -0.75 109.515158 
-1.05 -0.7 109.539101 
-1.05 -0.65 109.758639 
-1.05 -0.6 109.907502 
-1.05 -0.55 109.667530 
-1.05 -0.5 110.076931 
-1.05 -0.45 109.051456 
-1.05 -0.4 107.344306 
-1.05 -0.35 110.908481 
-1.05 -0.3 128.775467 
-1.05 -0.25 159.306567 
-1.05 -0.2 186.224085 
-1.05 -0.15 185.608702 
-1.05 -0.1 152.106195 
-1.05 -0.05 104.175774 
-1.05 0 63.681334 
-1.05 0.05 39.990248 
-1.05 0.1 33.955853 
-1.05 0.15 38.937768 
-1.05 0.2 47.174307 
-1.05 0.25 62.580810 
-1.05 0.3 94.678481 
-1.05 0.35 152.601981 
-1.05 0.4 240.019661 
-1.05 0.45 363.973139 
-1.05 0.5 542.727089 
-1.05 0.55 809.558858 
-1.05 0.6 1224.546321 
-1.05 0.65 1919.514391 
-1 -1 109.491049 
-1 -0.95 109.506569 
-1 -0.9 109.504329 
-1 -0.85 109.454347 
-1 -0.8 109.501945 
-1 -0.75 109.520250 
-1 -0.7 109.550813 
-1 -0.65 109.820309 
-1 -0.6 110.010256 
-1 -0.55 109.744823 
-1 -0.5 110.326080 
-1 -0.45 109.228077 
-1 -0.4 107.488503 
-1 -0.35 112.468162 
-1 -0.3 135.610024 
-1 -0.25 175.170627 
-1 -0.2 211.024653 
-1 -0.15 213.276894 
-1 -0.1 177.091206 
-1 -0.05 127.522193 
-1 0 90.108939 
-1 0.05 73.519495 
-1 0.1 77.072161 
-1 0.15 92.512152 
-1 0.2 111.095885 
-1 0.25 142.361269 
-1 0.3 201.836848 
-1 0.35 303.198318 
-1 0.4 451.226621 
-1 0.45 656.331871 
-1 0.5 947.730088 
-1 0.55 1379.082535 
-1 0.6 2049.520243 
-0.95 -1 109.490793 
-0.95 -0.95 109.509440 
-0.95 -0.9 109.507021 
-0.95 -0.85 109.447117 
-0.95 -0.8 109.505464 
-0.95 -0.75 109.527513 
-0.95 -0.7 109.567082 
-0.95 -0.65 109.901324 
-0.95 -0.6 110.146801 
-0.95 -0.55 109.864836 
-0.95 -0.5 110.700957 
-0.95 -0.45 109.594430 
-0.95 -0.4 107.997263 
-0.95 -0.35 115.067862 
-0.95 -0.3 145.464681 
-0.95 -0.25 197.476820 
-0.95 -0.2 246.092811 
-0.95 -0.15 253.613801 
-0.95 -0.1 216.734798 
-0.95 -0.05 169.997616 
-0.95 0 142.709655 
-0.95 0.05 141.039266 
-0.95 0.1 161.550965 
-0.95 0.15 194.226298 
-0.95 0.2 229.719825 
-0.95 0.25 287.079015 
-0.95 0.3 390.950811 
-0.95 0.35 561.598723 
-0.95 0.4 805.271085 
-0.95 0.45 1137.703893 
-0.95 0.5 1605.578721 
-0.95 0.55 2295.382705 
-0.9 -1 109.490429 
-0.9 -0.95 109.513166 
-0.9 -0.9 109.510599 
-0.9 -0.85 109.438524 
-0.9 -0.8 109.510582 
-0.9 -0.75 109.537863 
-0.9 -0.7 109.590710 
-0.9 -0.65 110.009272 
-0.9 -0.6 110.331823 
-0.9 -0.55 110.051049 
-0.9 -0.5 111.271560 
-0.9 -0.45 110.283010 
-0.9 -0.4 109.155048 
-0.9 -0.35 119.345266 
-0.9 -0.3 159.852927 
-0.9 -0.25 229.265200 
-0.9 -0.2 296.388146 
-0.9 -0.15 313.237935 
-0.9 -0.1 279.790584 
-0.9 -0.05 244.327179 
-0.9 0 239.387027 
-0.9 0.05 265.339261 
-0.9 0.1 314.086318 
-0.9 0.15 374.131160 
-0.9 0.2 436.540784 
-0.9 0.25 536.051558 
-0.9 0.3 710.799756 
-0.9 0.35 990.301971 
-0.9 0.4 1382.680239 
-0.9 0.45 1912.024055 
-0.9 0.5 2652.484804 
-0.85 -1 109.489952 
-0.85 -0.95 109.517748 
-0.85 -0.9 109.514941 
-0.85 -0.85 109.427959 
-0.85 -0.8 109.517606 
-0.85 -0.75 109.552820 
-0.85 -0.7 109.624362 
-0.85 -0.65 110.154544 
-0.85 -0.6 110.584627 
-0.85 -0.55 110.343334 
-0.85 -0.5 112.144863 
-0.85 -0.45 111.511172 
-0.85 -0.4 111.433798 
-0.85 -0.35 126.317914 
-0.85 -0.3 181.100193 
-0.85 -0.25 275.166625 
-0.85 -0.2 369.546763 
-0.85 -0.15 402.551297 
-0.85 -0.1 380.332933 
-0.85 -0.05 371.148998 
-0.85 0 408.912635 
-0.85 0.05 482.325886 
-0.85 0.1 575.793394 
-0.85 0.15 677.749996 
-0.85 0.2 781.924021 
-0.85 0.25 948.382367 
-0.85 0.3 1234.441575 
-0.85 0.35 1681.996347 
-0.85 0.4 2301.334527 
-0.85 0.45 3129.472915 
-0.8 -1 109.489208 
-0.8 -0.95 109.523905 
-0.8 -0.9 109.521069 
-0.8 -0.85 109.415241 
-0.8 -0.8 109.527328 
-0.8 -0.75 109.574519 
-0.8 -0.7 109.674678 
-0.8 -0.65 110.351510 
-0.8 -0.6 110.933998 
-0.8 -0.55 110.801006 
-0.8 -0.5 113.490790 
-0.8 -0.45 113.628087 
-0.8 -0.4 115.599814 
-0.8 -0.35 137.603051 
-0.8 -0.3 212.801715 
-0.8 -0.25 342.289446 
-0.8 -0.2 477.426944 
-0.8 -0.15 538.028081 
-0.8 -0.1 541.051143 
-0.8 -0.05 583.773057 
-0.8 0 696.973487 
-0.8 0.05 847.477926 
-0.8 0.1 1008.326030 
-0.8 0.15 1171.928878 
-0.8 0.2 1339.189960 
-0.8 0.25 1610.093142 
-0.8 0.3 2067.599764 
-0.8 0.35 2768.986427 
-0.8 0.4 3726.465058 
-0.75 -1 109.488513 
-0.75 -0.95 109.531381 
-0.75 -0.9 109.529019 
-0.75 -0.85 109.400370 
-0.75 -0.8 109.541131 
-0.75 -0.75 109.606880 
-0.75 -0.7 109.749375 
-0.75 -0.65 110.622617 
-0.75 -0.6 111.424840 
-0.75 -0.55 111.519778 
-0.75 -0.5 115.572937 
-0.75 -0.45 117.195552 
-0.75 -0.4 122.898723 
-0.75 -0.35 155.763978 
-0.75 -0.3 260.528357 
-0.75 -0.25 441.602751 
-0.75 -0.2 638.588333 
-0.75 -0.15 745.953094 
-0.75 -0.1 798.615581 
-0.75 -0.05 935.664981 
-0.75 0 1175.076546 
-0.75 0.05 1444.431171 
-0.75 0.1 1700.930835 
-0.75 0.15 1950.746128 
-0.75 0.2 2210.432772 
-0.75 0.25 2640.886248 
-0.75 0.3 3356.060989 
-0.75 0.35 4429.792285 
-0.7 -1 109.487825 
-0.7 -0.95 109.541471 
-0.7 -0.9 109.539630 
-0.7 -0.85 109.383175 
-0.7 -0.8 109.560745 
-0.7 -0.75 109.654568 
-0.7 -0.7 109.861002 
-0.7 -0.65 111.001218 
-0.7 -0.6 112.122552 
-0.7 -0.55 112.651366 
-0.7 -0.5 118.807757 
-0.7 -0.45 123.111674 
-0.7 -0.4 135.332946 
-0.7 -0.35 184.849953 
-0.7 -0.3 332.926926 
-0.7 -0.25 590.094751 
-0.7 -0.2 882.251115 
-0.7 -0.15 1068.533499 
-0.7 -0.1 1212.380437 
-0.7 -0.05 1511.990532 
-0.7 0 1953.003248 
-0.7 0.05 2394.991468 
-0.7 0.1 2776.381376 
-0.7 0.15 3138.784734 
-0.7 0.2 3528.953966 
-0.7 0.25 4196.713215 
-0.7 0.3 5286.417632 
-0.65 -1 109.486843 
-0.65 -0.95 109.553983 
-0.65 -0.9 109.554203 
-0.65 -0.85 109.363858 
-0.65 -0.8 109.589067 
-0.65 -0.75 109.726413 
-0.65 -0.7 110.030706 
-0.65 -0.65 111.535606 
-0.65 -0.6 113.130406 
-0.65 -0.55 114.436333 
-0.65 -0.5 123.846990 
-0.65 -0.45 132.812211 
-0.65 -0.4 156.110813 
-0.65 -0.35 231.237849 
-0.65 -0.3 443.416355 
-0.65 -0.25 814.123231 
-0.65 -0.2 1254.619563 
-0.65 -0.15 1573.862802 
-0.65 -0.1 1878.401535 
-0.65 -0.05 2446.834288 
-0.65 0 3194.670210 
-0.65 0.05 3867.757234 
-0.65 0.1 4390.999135 
-0.65 0.15 4886.072373 
-0.65 0.2 5451.946869 
-0.65 0.25 6459.970450 
-0.6 -1 109.486000 
-0.6 -0.95 109.570388 
-0.6 -0.9 109.574022 
-0.6 -0.85 109.343613 
-0.6 -0.8 109.631279 
-0.6 -0.75 109.835428 
-0.6 -0.7 110.289851 
-0.6 -0.65 112.302501 
-0.6 -0.6 114.607437 
-0.6 -0.55 117.255701 
-0.6 -0.5 131.714735 
-0.6 -0.45 148.573862 
-0.6 -0.4 190.347864 
-0.6 -0.35 304.920184 
-0.6 -0.3 612.771519 
-0.6 -0.25 1154.528020 
-0.6 -0.2 1828.848070 
-0.6 -0.15 2372.026850 
-0.6 -0.1 2951.493059 
-0.6 -0.05 3947.272531 
-0.6 0 5134.577937 
-0.6 0.05 6078.044364 
-0.6 0.1 6719.410223 
-0.6 0.15 7345.221401 
-0.6 0.2 8132.885114 
-0.55 -1 109.484836 
-0.55 -0.95 109.591467 
-0.55 -0.9 109.601020 
-0.55 -0.85 109.325004 
-0.55 -0.8 109.694613 
-0.55 -0.75 110.001236 
-0.55 -0.7 110.689943 
-0.55 -0.65 113.417859 
-0.55 -0.6 116.802613 
-0.55 -0.55 121.715724 
-0.55 -0.5 144.015589 
-0.55 -0.45 174.006418 
-0.55 -0.4 246.151804 
-0.55 -0.35 421.465826 
-0.55 -0.3 872.989792 
-0.55 -0.25 1674.244574 
-0.55 -0.2 2720.357115 
-0.55 -0.15 3640.373574 
-0.55 -0.1 4678.456907 
-0.55 -0.05 6322.857008 
-0.55 0 8085.774346 
-0.55 0.05 9264.823537 
-0.55 0.1 9910.244467 
-0.55 0.15 10618.766105 
-0.5 -1 109.484473 
-0.5 -0.95 109.618841 
-0.5 -0.9 109.638748 
-0.5 -0.85 109.311469 
-0.5 -0.8 109.789363 
-0.5 -0.75 110.254458 
-0.5 -0.7 111.311754 
-0.5 -0.65 115.063448 
-0.5 -0.6 120.111785 
-0.5 -0.55 128.785498 
-0.5 -0.5 163.262298 
-0.5 -0.45 214.807573 
-0.5 -0.4 336.303143 
-0.5 -0.35 604.916365 
-0.5 -0.3 1272.885697 
-0.5 -0.25 2469.104975 
-0.5 -0.2 4109.189695 
-0.5 -0.15 5660.977143 
-0.5 -0.1 7443.292232 
-0.5 -0.05 10010.798869 
-0.5 0 12419.067728 
-0.5 0.05 13623.255882 
-0.5 0.1 14000.178726 
-0.45 -1 109.484598 
-0.45 -0.95 109.654884 
-0.45 -0.9 109.691535 
-0.45 -0.85 109.310568 
-0.45 -0.8 109.934845 
-0.45 -0.75 110.642695 
-0.45 -0.7 112.282724 
-0.45 -0.65 117.523924 
-0.45 -0.6 125.173093 
-0.45 -0.55 140.018391 
-0.45 -0.5 193.388599 
-0.45 -0.45 279.938780 
-0.45 -0.4 480.788631 
-0.45 -0.35 891.950016 
-0.45 -0.3 1885.761273 
-0.45 -0.25 3681.810995 
-0.45 -0.2 6269.048795 
-0.45 -0.15 8868.732924 
-0.45 -0.1 11814.754365 
-0.45 -0.05 15567.839210 
-0.45 0 18478.162578 
-0.45 0.05 19175.713765 
-0.4 -1 109.486574 
-0.4 -0.95 109.703022 
-0.4 -0.9 109.764729 
-0.4 -0.85 109.336455 
-0.4 -0.8 110.158346 
-0.4 -0.75 111.238814 
-0.4 -0.7 113.808958 
-0.4 -0.65 121.257004 
-0.4 -0.6 133.027370 
-0.4 -0.55 157.923139 
-0.4 -0.5 240.534527 
-0.4 -0.45 383.429520 
-0.4 -0.4 710.511979 
-0.4 -0.35 1337.502235 
-0.4 -0.3 2818.875516 
-0.4 -0.25 5516.659970 
-0.4 -0.2 9595.390324 
-0.4 -0.15 13892.127972 
-0.4 -0.1 18555.518540 
-0.4 -0.05 23565.450449 
-0.4 0 26393.941585 
-0.35 -1 109.491802 
-0.35 -0.95 109.768722 
-0.35 -0.9 109.867007 
-0.35 -0.85 109.410928 
-0.35 -0.8 110.505540 
-0.35 -0.75 112.153943 
-0.35 -0.7 116.220952 
-0.35 -0.65 126.992352 
-0.35 -0.6 145.401469 
-0.35 -0.55 186.591729 
-0.35 -0.5 314.280795 
-0.35 -0.45 547.119049 
-0.35 -0.4 1072.488492 
-0.35 -0.35 2021.674198 
-0.35 -0.3 4222.760701 
-0.35 -0.25 8246.570984 
-0.35 -0.2 14605.302205 
-0.35 -0.15 21524.163550 
-0.35 -0.1 28486.619482 
-0.35 -0.05 34297.896299 
-0.3 -1 109.504481 
-0.3 -0.95 109.862150 
-0.3 -0.9 110.009186 
-0.3 -0.85 109.572694 
-0.3 -0.8 111.045877 
-0.3 -0.75 113.556671 
-0.3 -0.7 120.050927 
-0.3 -0.65 135.928102 
-0.3 -0.6 165.215070 
-0.3 -0.55 232.799125 
-0.3 -0.5 429.574616 
-0.3 -0.45 804.742024 
-0.3 -0.4 1636.344750 
-0.3 -0.35 3056.677064 
-0.3 -0.3 6294.573245 
-0.3 -0.25 12192.786716 
-0.3 -0.2 21845.607179 
-0.3 -0.15 32486.701568 
-0.3 -0.1 42032.325803 
-0.25 -1 109.531731 
-0.25 -0.95 110.003148 
-0.25 -0.9 110.205449 
-0.25 -0.85 109.883721 
-0.25 -0.8 111.887833 
-0.25 -0.75 115.703435 
-0.25 -0.7 126.159988 
-0.25 -0.65 150.046108 
-0.25 -0.6 197.493410 
-0.25 -0.55 307.939009 
-0.25 -0.5 609.781051 
-0.25 -0.45 1207.746736 
-0.25 -0.4 2500.852940 
-0.25 -0.35 4590.391932 
-0.25 -0.3 9263.340954 
-0.25 -0.25 17644.641259 
-0.25 -0.2 31614.295079 
-0.25 -0.15 46829.728844 
-0.2 -1 109.589862 
-0.2 -0.95 110.232673 
-0.2 -0.9 110.473689 
-0.2 -0.85 110.443799 
-0.2 -0.8 113.188791 
-0.2 -0.75 118.988729 
-0.2 -0.7 135.951517 
-0.2 -0.65 172.662885 
-0.2 -0.6 250.996723 
-0.2 -0.55 431.483766 
-0.2 -0.5 891.443630 
-0.2 -0.45 1832.877457 
-0.2 -0.4 3795.879506 
-0.2 -0.35 6800.448521 
-0.2 -0.3 13337.723299 
-0.2 -0.25 24691.307133 
-0.2 -0.2 43468.692155 
-0.15 -1 109.709964 
-0.15 -0.95 110.627828 
-0.15 -0.9 110.842299 
-0.15 -0.85 111.407766 
-0.15 -0.8 115.163944 
-0.15 -0.75 124.048262 
-0.15 -0.7 151.710658 
-0.15 -0.65 209.411097 
-0.15 -0.6 340.974643 
-0.15 -0.55 636.868355 
-0.15 -0.5 1331.268490 
-0.15 -0.45 2789.521941 
-0.15 -0.4 5669.546972 
-0.15 -0.35 9870.860431 
-0.15 -0.3 18598.348724 
-0.15 -0.25 32995.426193 
-0.1 -1 109.946584 
-0.1 -0.95 111.328147 
-0.1 -0.9 111.367582 
-0.1 -0.85 113.035556 
-0.1 -0.8 118.088134 
-0.1 -0.75 132.030539 
-0.1 -0.7 177.112628 
-0.1 -0.65 269.912076 
-0.1 -0.6 493.227320 
-0.1 -0.55 979.856645 
-0.1 -0.5 2013.294446 
-0.1 -0.45 4218.042910 
-0.1 -0.4 8243.096538 
-0.1 -0.35 13945.875603 
-0.1 -0.3 24842.651564 
-0.05 -1 110.369614 
-0.05 -0.95 112.552654 
-0.05 -0.9 112.209048 
-0.05 -0.85 115.869965 
-0.05 -0.8 122.367364 
-0.05 -0.75 145.130697 
-0.05 -0.7 217.710893 
-0.05 -0.65 370.680922 
-0.05 -0.6 748.944202 
-0.05 -0.55 1544.504039 
-0.05 -0.5 3043.496644 
-0.05 -0.45 6251.408925 
-0.05 -0.4 11520.940847 
-0.05 -0.35 19053.070633 
0 -1 111.064615 
0 -0.95 114.552955 
0 -0.9 113.726902 
0 -0.85 121.045045 
0 -0.8 128.623498 
0 -0.75 166.922967 
0 -0.7 281.940909 
0 -0.65 539.719831 
0 -0.6 1165.344417 
0 -0.55 2421.704699 
0 -0.5 4489.816169 
0 -0.45 8890.666737 
0 -0.4 15299.215011 
0.05 -1 112.235351 
0.05 -0.95 117.346971 
0.05 -0.9 116.258018 
0.05 -0.85 130.539687 
0.05 -0.8 137.330551 
0.05 -0.75 203.685378 
0.05 -0.7 384.274800 
0.05 -0.65 818.590261 
0.05 -0.6 1786.929175 
0.05 -0.55 3587.177174 
0.05 -0.5 6191.450916 
0.05 -0.45 11810.698890 
0.1 -1 113.866128 
0.1 -0.95 120.707518 
0.1 -0.9 120.279372 
0.1 -0.85 146.544394 
0.1 -0.8 148.815662 
0.1 -0.75 259.705419 
0.1 -0.7 544.995149 
0.1 -0.65 1249.490544 
0.1 -0.6 2555.162843 
0.1 -0.55 4664.504138 
0.1 -0.5 7582.302617 
0.15 -1 115.956327 
0.15 -0.95 126.105301 
0.15 -0.9 127.593263 
0.15 -0.85 165.381666 
0.15 -0.8 170.361970 
0.15 -0.75 341.664465 
0.15 -0.7 780.271326 
0.15 -0.65 1821.106165 
0.15 -0.6 3222.934162 
0.15 -0.55 4916.874477 
0.2 -1 117.251471 
0.2 -0.95 134.740110 
0.2 -0.9 143.242864 
0.2 -0.85 192.644616 
0.2 -0.8 206.409056 
0.2 -0.75 468.159415 
0.2 -0.7 1100.571221 
0.2 -0.65 2365.588117 
0.2 -0.6 3437.129607 
0.25 -1 121.536075 
0.25 -0.95 147.399230 
0.25 -0.9 170.814826 
0.25 -0.85 239.443155 
0.25 -0.8 266.570113 
0.25 -0.75 609.770172 
0.25 -0.7 1480.886248 
0.25 -0.65 2667.207966 
0.3 -1 134.661472 
0.3 -0.95 170.530006 
0.3 -0.9 182.623336 
0.3 -0.85 308.725159 
0.3 -0.8 338.126095 
0.3 -0.75 769.433059 
0.3 -0.7 1798.769837 
0.35 -1 149.305115 
0.35 -0.95 198.598292 
0.35 -0.9 222.408156 
0.35 -0.85 396.167946 
0.35 -0.8 448.290303 
0.35 -0.75 903.148964 
0.4 -1 163.506507 
0.4 -0.95 257.242083 
0.4 -0.9 326.356799 
0.4 -0.85 531.852292 
0.4 -0.8 611.434184 
0.45 -1 205.283284 
0.45 -0.95 300.609322 
0.45 -0.9 455.653205 
0.45 -0.85 816.139720 
0.5 -1 263.471053 
0.5 -0.95 415.962896 
0.5 -0.9 691.052186 
0.55 -1 322.512891 
0.55 -0.95 523.603940 
0.6 -1 484.450143 
