-3 -2 -0.000000 
-3 -1.9 0.000673 
-3 -1.8 5.080928 
-3 -1.7 814.137453 
-3 -1.6 0.050613 
-3 -1.5 0.000003 
-3 -1.4 0.000000 
-3 -1.3 0.000000 
-3 -1.2 0.000000 
-3 -1.1 0.000000 
-3 -1 0.000000 
-3 -0.9 0.000000 
-3 -0.8 0.000000 
-3 -0.7 0.000000 
-3 -0.6 0.000000 
-3 -0.5 0.000000 
-3 -0.4 0.000000 
-3 -0.3 0.000000 
-3 -0.2 0.000000 
-3 -0.1 0.000000 
-3 0 0.000000 
-3 0.1 0.000000 
-3 0.2 0.000001 
-3 0.3 0.000001 
-3 0.4 0.000001 
-3 0.5 0.000002 
-3 0.6 0.000003 
-3 0.7 0.000005 
-3 0.8 0.000008 
-3 0.9 0.000014 
-3 1 0.000021 
-2.9 -2 0.000000 
-2.9 -1.9 0.000000 
-2.9 -1.8 0.000000 
-2.9 -1.7 0.000000 
-2.9 -1.6 0.000000 
-2.9 -1.5 0.000000 
-2.9 -1.4 0.000000 
-2.9 -1.3 0.000000 
-2.9 -1.2 0.000000 
-2.9 -1.1 0.000000 
-2.9 -1 0.000000 
-2.9 -0.9 0.000129 
-2.9 -0.8 27.873099 
-2.9 -0.7 547.762063 
-2.9 -0.6 0.298595 
-2.9 -0.5 0.000007 
-2.9 -0.4 0.000000 
-2.9 -0.3 0.000000 
-2.9 -0.2 0.000000 
-2.9 -0.1 0.000000 
-2.9 0 0.000001 
-2.9 0.1 0.000001 
-2.9 0.2 0.000001 
-2.9 0.3 0.000002 
-2.9 0.4 0.000003 
-2.9 0.5 0.000005 
-2.9 0.6 0.000008 
-2.9 0.7 0.000013 
-2.9 0.8 0.000021 
-2.9 0.9 0.000036 
-2.9 1 0.000052 
-2.8 -2 0.000000 
-2.8 -1.9 0.000000 
-2.8 -1.8 0.000000 
-2.8 -1.7 0.000000 
-2.8 -1.6 0.000000 
-2.8 -1.5 0.000000 
-2.8 -1.4 0.000000 
-2.8 -1.3 0.000000 
-2.8 -1.2 0.000000 
-2.8 -1.1 0.000000 
-2.8 -1 0.000000 
-2.8 -0.9 0.000000 
-2.8 -0.8 0.000000 
-2.8 -0.7 0.000000 
-2.8 -0.6 0.000000 
-2.8 -0.5 0.000000 
-2.8 -0.4 0.000000 
-2.8 -0.3 0.000000 
-2.8 -0.2 0.000000 
-2.8 -0.1 0.000001 
-2.8 0 0.000002 
-2.8 0.1 0.000003 
-2.8 0.2 1.283500 
-2.8 0.3 193.297437 
-2.8 0.4 0.052718 
-2.8 0.5 0.000014 
-2.8 0.6 0.000021 
-2.8 0.7 0.000032 
-2.8 0.8 0.000053 
-2.8 0.9 0.000090 
-2.8 1 0.000131 
-2.7 -2 0.000000 
-2.7 -1.9 0.000000 
-2.7 -1.8 0.000000 
-2.7 -1.7 0.000000 
-2.7 -1.6 0.000000 
-2.7 -1.5 0.000000 
-2.7 -1.4 0.000000 
-2.7 -1.3 0.000000 
-2.7 -1.2 0.000000 
-2.7 -1.1 0.000000 
-2.7 -1 0.000000 
-2.7 -0.9 0.000000 
-2.7 -0.8 0.000000 
-2.7 -0.7 0.000000 
-2.7 -0.6 0.000000 
-2.7 -0.5 0.000000 
-2.7 -0.4 0.000000 
-2.7 -0.3 0.000000 
-2.7 -0.2 0.000001 
-2.7 -0.1 0.000002 
-2.7 0 0.000004 
-2.7 0.1 0.000006 
-2.7 0.2 0.000008 
-2.7 0.3 0.000013 
-2.7 0.4 0.000021 
-2.7 0.5 0.000033 
-2.7 0.6 0.000052 
-2.7 0.7 0.000080 
-2.7 0.8 0.000133 
-2.7 0.9 0.000227 
-2.7 1 0.000330 
-2.6 -2 0.000000 
-2.6 -1.9 0.000000 
-2.6 -1.8 0.000000 
-2.6 -1.7 0.004235 
-2.6 -1.6 15.876291 
-2.6 -1.5 187.921346 
-2.6 -1.4 0.027614 
-2.6 -1.3 0.000000 
-2.6 -1.2 0.000000 
-2.6 -1.1 0.000000 
-2.6 -1 0.000000 
-2.6 -0.9 0.000000 
-2.6 -0.8 0.000000 
-2.6 -0.7 0.000000 
-2.6 -0.6 0.000000 
-2.6 -0.5 0.000000 
-2.6 -0.4 0.000000 
-2.6 -0.3 0.000001 
-2.6 -0.2 0.000002 
-2.6 -0.1 0.000005 
-2.6 0 0.000011 
-2.6 0.1 0.000016 
-2.6 0.2 0.000021 
-2.6 0.3 0.000032 
-2.6 0.4 0.000052 
-2.6 0.5 0.000084 
-2.6 0.6 0.000131 
-2.6 0.7 0.000202 
-2.6 0.8 0.000334 
-2.6 0.9 0.000569 
-2.6 1 0.000829 
-2.5 -2 0.000000 
-2.5 -1.9 0.000000 
-2.5 -1.8 0.000000 
-2.5 -1.7 0.000000 
-2.5 -1.6 0.000000 
-2.5 -1.5 0.000000 
-2.5 -1.4 0.000000 
-2.5 -1.3 0.000000 
-2.5 -1.2 0.000000 
-2.5 -1.1 0.000000 
-2.5 -1 0.000000 
-2.5 -0.9 0.000000 
-2.5 -0.8 0.000000 
-2.5 -0.7 0.001380 
-2.5 -0.6 343.675475 
-2.5 -0.5 389.738746 
-2.5 -0.4 0.009096 
-2.5 -0.3 0.000004 
-2.5 -0.2 0.000006 
-2.5 -0.1 0.000013 
-2.5 0 0.000027 
-2.5 0.1 0.000040 
-2.5 0.2 0.000054 
-2.5 0.3 0.000081 
-2.5 0.4 0.000130 
-2.5 0.5 0.000210 
-2.5 0.6 0.000328 
-2.5 0.7 0.000507 
-2.5 0.8 0.000839 
-2.5 0.9 0.001431 
-2.5 1 0.002082 
-2.4 -2 0.000000 
-2.4 -1.9 0.000000 
-2.4 -1.8 0.000000 
-2.4 -1.7 0.000000 
-2.4 -1.6 0.000000 
-2.4 -1.5 0.000000 
-2.4 -1.4 0.000000 
-2.4 -1.3 0.000000 
-2.4 -1.2 0.000000 
-2.4 -1.1 0.000000 
-2.4 -1 0.000000 
-2.4 -0.9 0.000000 
-2.4 -0.8 0.000000 
-2.4 -0.7 0.000000 
-2.4 -0.6 0.000000 
-2.4 -0.5 0.000000 
-2.4 -0.4 0.000001 
-2.4 -0.3 0.000005 
-2.4 -0.2 0.000014 
-2.4 -0.1 0.000032 
-2.4 0 0.000069 
-2.4 0.1 0.000100 
-2.4 0.2 0.000135 
-2.4 0.3 0.000204 
-2.4 0.4 16.949905 
-2.4 0.5 6.339240 
-2.4 0.6 0.003660 
-2.4 0.7 0.001273 
-2.4 0.8 0.002108 
-2.4 0.9 0.003595 
-2.4 1 0.005232 
-2.3 -2 0.000000 
-2.3 -1.9 0.000000 
-2.3 -1.8 0.000000 
-2.3 -1.7 0.000000 
-2.3 -1.6 0.000000 
-2.3 -1.5 0.000000 
-2.3 -1.4 0.000000 
-2.3 -1.3 0.000000 
-2.3 -1.2 0.000000 
-2.3 -1.1 0.000000 
-2.3 -1 0.000000 
-2.3 -0.9 0.000000 
-2.3 -0.8 0.000000 
-2.3 -0.7 0.000000 
-2.3 -0.6 0.000000 
-2.3 -0.5 0.000001 
-2.3 -0.4 0.000003 
-2.3 -0.3 0.000013 
-2.3 -0.2 0.000036 
-2.3 -0.1 0.000082 
-2.3 0 0.000173 
-2.3 0.1 0.000252 
-2.3 0.2 0.000339 
-2.3 0.3 0.000513 
-2.3 0.4 0.000821 
-2.3 0.5 0.001328 
-2.3 0.6 0.002072 
-2.3 0.7 0.003202 
-2.3 0.8 0.005297 
-2.3 0.9 0.009032 
-2.3 1 0.013143 
-2.2 -2 0.000000 
-2.2 -1.9 0.000000 
-2.2 -1.8 0.000000 
-2.2 -1.7 0.000000 
-2.2 -1.6 0.000000 
-2.2 -1.5 0.024015 
-2.2 -1.4 126.652171 
-2.2 -1.3 59.577948 
-2.2 -1.2 0.003024 
-2.2 -1.1 0.000000 
-2.2 -1 0.000000 
-2.2 -0.9 0.000000 
-2.2 -0.8 0.000000 
-2.2 -0.7 0.000000 
-2.2 -0.6 0.000001 
-2.2 -0.5 0.000003 
-2.2 -0.4 0.000008 
-2.2 -0.3 0.000032 
-2.2 -0.2 0.000090 
-2.2 -0.1 0.000205 
-2.2 0 0.000435 
-2.2 0.1 0.000634 
-2.2 0.2 0.000852 
-2.2 0.3 0.001288 
-2.2 0.4 0.002062 
-2.2 0.5 0.003336 
-2.2 0.6 0.005205 
-2.2 0.7 0.008045 
-2.2 0.8 0.013311 
-2.2 0.9 0.022694 
-2.2 1 0.033022 
-2.1 -2 0.000000 
-2.1 -1.9 0.000000 
-2.1 -1.8 0.000000 
-2.1 -1.7 0.000000 
-2.1 -1.6 0.000000 
-2.1 -1.5 0.000000 
-2.1 -1.4 0.000000 
-2.1 -1.3 0.000000 
-2.1 -1.2 0.000000 
-2.1 -1.1 0.000000 
-2.1 -1 0.000000 
-2.1 -0.9 0.000000 
-2.1 -0.8 0.000000 
-2.1 -0.7 0.000001 
-2.1 -0.6 0.000002 
-2.1 -0.5 0.006544 
-2.1 -0.4 685.781856 
-2.1 -0.3 140.794393 
-2.1 -0.2 0.003199 
-2.1 -0.1 0.000516 
-2.1 0 0.001093 
-2.1 0.1 0.001593 
-2.1 0.2 0.002141 
-2.1 0.3 0.003237 
-2.1 0.4 0.005181 
-2.1 0.5 0.008382 
-2.1 0.6 0.013080 
-2.1 0.7 0.020217 
-2.1 0.8 0.033452 
-2.1 0.9 0.057031 
-2.1 1 0.082973 
-2 -2 0.000000 
-2 -1.9 0.000000 
-2 -1.8 0.000000 
-2 -1.7 0.000000 
-2 -1.6 0.000000 
-2 -1.5 0.000000 
-2 -1.4 0.000000 
-2 -1.3 0.000000 
-2 -1.2 0.000000 
-2 -1.1 0.000000 
-2 -1 0.000000 
-2 -0.9 0.000000 
-2 -0.8 0.000001 
-2 -0.7 0.000003 
-2 -0.6 0.000006 
-2 -0.5 0.000018 
-2 -0.4 0.000053 
-2 -0.3 0.000201 
-2 -0.2 0.000569 
-2 -0.1 0.001294 
-2 0 0.002746 
-2 0.1 0.004002 
-2 0.2 0.005380 
-2 0.3 0.008134 
-2 0.4 0.013018 
-2 0.5 0.021062 
-2 0.6 48.763808 
-2 0.7 12.661977 
-2 0.8 0.083752 
-2 0.9 0.143334 
-2 1 0.208519 
-1.9 -2 0.000457 
-1.9 -1.9 0.000000 
-1.9 -1.8 0.000000 
-1.9 -1.7 0.000000 
-1.9 -1.6 0.000000 
-1.9 -1.5 0.000000 
-1.9 -1.4 0.000000 
-1.9 -1.3 0.000000 
-1.9 -1.2 0.000000 
-1.9 -1.1 0.000000 
-1.9 -1 0.000001 
-1.9 -0.9 0.000001 
-1.9 -0.8 0.000003 
-1.9 -0.7 0.000007 
-1.9 -0.6 0.000015 
-1.9 -0.5 0.000045 
-1.9 -0.4 0.000132 
-1.9 -0.3 0.000506 
-1.9 -0.2 0.001429 
-1.9 -0.1 0.003252 
-1.9 0 0.006898 
-1.9 0.1 0.010054 
-1.9 0.2 0.013517 
-1.9 0.3 0.020438 
-1.9 0.4 0.032713 
-1.9 0.5 0.052933 
-1.9 0.6 0.082619 
-1.9 0.7 0.127746 
-1.9 0.8 0.211450 
-1.9 0.9 0.360471 
-1.8 -2 0.000000 
-1.8 -1.9 0.000000 
-1.8 -1.8 0.000000 
-1.8 -1.7 0.000000 
-1.8 -1.6 0.000000 
-1.8 -1.5 0.000000 
-1.8 -1.4 0.000000 
-1.8 -1.3 0.000005 
-1.8 -1.2 0.808432 
-1.8 -1.1 1121.197905 
-1.8 -1 4.073794 
-1.8 -0.9 0.000124 
-1.8 -0.8 0.000007 
-1.8 -0.7 0.000017 
-1.8 -0.6 0.000038 
-1.8 -0.5 0.000112 
-1.8 -0.4 0.000331 
-1.8 -0.3 0.001270 
-1.8 -0.2 0.003589 
-1.8 -0.1 0.008171 
-1.8 0 0.017331 
-1.8 0.1 0.025260 
-1.8 0.2 0.033966 
-1.8 0.3 0.051365 
-1.8 0.4 0.082227 
-1.8 0.5 0.133068 
-1.8 0.6 0.207747 
-1.8 0.7 0.321321 
-1.8 0.8 0.532055 
-1.8 0.9 0.906969 
-1.7 -2 0.000000 
-1.7 -1.9 0.000000 
-1.7 -1.8 0.000000 
-1.7 -1.7 0.000000 
-1.7 -1.6 0.000000 
-1.7 -1.5 0.000000 
-1.7 -1.4 0.000000 
-1.7 -1.3 0.000000 
-1.7 -1.2 0.000000 
-1.7 -1.1 0.000001 
-1.7 -1 0.000004 
-1.7 -0.9 0.000006 
-1.7 -0.8 0.000019 
-1.7 -0.7 0.000044 
-1.7 -0.6 0.000096 
-1.7 -0.5 0.000283 
-1.7 -0.4 0.000832 
-1.7 -0.3 0.003191 
-1.7 -0.2 0.009018 
-1.7 -0.1 2.526942 
-1.7 0 3197.224546 
-1.7 0.1 1.515900 
-1.7 0.2 0.085173 
-1.7 0.3 0.129130 
-1.7 0.4 0.206759 
-1.7 0.5 0.334665 
-1.7 0.6 0.522694 
-1.7 0.7 0.808855 
-1.7 0.8 1.340100 
-1.7 0.9 2.284172 
-1.6 -2 0.000000 
-1.6 -1.9 0.000000 
-1.6 -1.8 0.000000 
-1.6 -1.7 0.000000 
-1.6 -1.6 0.000000 
-1.6 -1.5 0.000000 
-1.6 -1.4 0.000000 
-1.6 -1.3 0.000000 
-1.6 -1.2 0.000001 
-1.6 -1.1 0.000003 
-1.6 -1 0.000011 
-1.6 -0.9 0.000015 
-1.6 -0.8 0.000048 
-1.6 -0.7 0.000110 
-1.6 -0.6 0.000242 
-1.6 -0.5 0.000710 
-1.6 -0.4 0.002091 
-1.6 -0.3 0.008016 
-1.6 -0.2 0.022662 
-1.6 -0.1 0.051623 
-1.6 0 0.109446 
-1.6 0.1 0.159529 
-1.6 0.2 0.214603 
-1.6 0.3 0.324764 
-1.6 0.4 0.520201 
-1.6 0.5 0.842275 
-1.6 0.6 1.316349 
-1.6 0.7 2.038635 
-1.6 0.8 3.380644 
-1.6 0.9 5.761194 
-1.5 -2 0.000000 
-1.5 -1.9 0.000000 
-1.5 -1.8 0.000555 
-1.5 -1.7 6.263514 
-1.5 -1.6 744.189319 
-1.5 -1.5 0.011052 
-1.5 -1.4 0.000001 
-1.5 -1.3 0.000001 
-1.5 -1.2 0.000003 
-1.5 -1.1 0.000008 
-1.5 -1 0.000027 
-1.5 -0.9 0.000037 
-1.5 -0.8 0.000120 
-1.5 -0.7 0.000275 
-1.5 -0.6 0.000607 
-1.5 -0.5 0.001784 
-1.5 -0.4 0.005252 
-1.5 -0.3 0.020134 
-1.5 -0.2 0.056960 
-1.5 -0.1 0.129820 
-1.5 0 0.275136 
-1.5 0.1 0.401079 
-1.5 0.2 0.539759 
-1.5 0.3 0.817389 
-1.5 0.4 1.310046 
-1.5 0.5 2.122196 
-1.5 0.6 3.320040 
-1.5 0.7 5.148220 
-1.5 0.8 8.549339 
-1.5 0.9 14.564664 
-1.4 -2 0.000000 
-1.4 -1.9 0.000000 
-1.4 -1.8 0.000000 
-1.4 -1.7 0.000000 
-1.4 -1.6 0.000000 
-1.4 -1.5 0.000000 
-1.4 -1.4 0.000002 
-1.4 -1.3 0.000003 
-1.4 -1.2 0.000006 
-1.4 -1.1 0.000021 
-1.4 -1 0.000067 
-1.4 -0.9 0.000093 
-1.4 -0.8 0.000303 
-1.4 -0.7 0.003153 
-1.4 -0.6 522.896343 
-1.4 -0.5 73.889931 
-1.4 -0.4 0.017485 
-1.4 -0.3 0.050579 
-1.4 -0.2 0.143221 
-1.4 -0.1 0.326676 
-1.4 0 0.691974 
-1.4 0.1 1.008893 
-1.4 0.2 1.358581 
-1.4 0.3 2.059614 
-1.4 0.4 3.304051 
-1.4 0.5 5.356585 
-1.4 0.6 8.393382 
-1.4 0.7 13.040946 
-1.4 0.8 21.703956 
-1.4 0.9 36.950886 
-1.3 -2 0.000000 
-1.3 -1.9 0.000000 
-1.3 -1.8 0.000000 
-1.3 -1.7 0.000000 
-1.3 -1.6 0.000001 
-1.3 -1.5 0.000001 
-1.3 -1.4 0.000004 
-1.3 -1.3 0.000007 
-1.3 -1.2 0.000016 
-1.3 -1.1 0.000053 
-1.3 -1 0.000169 
-1.3 -0.9 0.000233 
-1.3 -0.8 0.000762 
-1.3 -0.7 0.001739 
-1.3 -0.6 0.003841 
-1.3 -0.5 0.011264 
-1.3 -0.4 0.033142 
-1.3 -0.3 0.126984 
-1.3 -0.2 0.360330 
-1.3 -0.1 0.822878 
-1.3 0 1.741565 
-1.3 0.1 2.539872 
-1.3 0.2 3.423588 
-1.3 0.3 5.199064 
-1.3 0.4 8.352608 
-1.3 0.5 301.807301 
-1.3 0.6 38.231062 
-1.3 0.7 33.126112 
-1.3 0.8 55.428300 
-1.2 -2 3.988680 
-1.2 -1.9 0.000031 
-1.2 -1.8 0.000000 
-1.2 -1.7 0.000001 
-1.2 -1.6 0.000002 
-1.2 -1.5 0.000002 
-1.2 -1.4 0.000010 
-1.2 -1.3 0.000017 
-1.2 -1.2 0.000041 
-1.2 -1.1 0.000134 
-1.2 -1 0.000426 
-1.2 -0.9 0.000585 
-1.2 -0.8 0.001914 
-1.2 -0.7 0.004373 
-1.2 -0.6 0.009669 
-1.2 -0.5 0.028316 
-1.2 -0.4 0.083258 
-1.2 -0.3 0.318818 
-1.2 -0.2 0.907392 
-1.2 -0.1 2.076125 
-1.2 0 4.388023 
-1.2 0.1 6.402168 
-1.2 0.2 8.643307 
-1.2 0.3 13.161045 
-1.2 0.4 21.192765 
-1.2 0.5 34.468455 
-1.2 0.6 54.351364 
-1.2 0.7 85.117421 
-1.2 0.8 142.850850 
-1.1 -2 0.000000 
-1.1 -1.9 0.000000 
-1.1 -1.8 0.000001 
-1.1 -1.7 0.000002 
-1.1 -1.6 0.000005 
-1.1 -1.5 0.000005 
-1.1 -1.4 0.000024 
-1.1 -1.3 0.000043 
-1.1 -1.2 0.000104 
-1.1 -1.1 0.000669 
-1.1 -1 13.987834 
-1.1 -0.9 940.247180 
-1.1 -0.8 0.174527 
-1.1 -0.7 0.011029 
-1.1 -0.6 0.024377 
-1.1 -0.5 0.071213 
-1.1 -0.4 0.209165 
-1.1 -0.3 0.800199 
-1.1 -0.2 2.288327 
-1.1 -0.1 5.251310 
-1.1 0 11.074744 
-1.1 0.1 16.169139 
-1.1 0.2 21.884354 
-1.1 0.3 33.462870 
-1.1 0.4 54.078671 
-1.1 0.5 88.226521 
-1.1 0.6 139.929733 
-1.1 0.7 220.764727 
-1.1 0.8 373.151997 
-1 -2 0.000000 
-1 -1.9 0.000000 
-1 -1.8 0.000001 
-1 -1.7 0.000004 
-1 -1.6 0.000012 
-1 -1.5 0.000012 
-1 -1.4 0.000060 
-1 -1.3 0.000107 
-1 -1.2 0.000263 
-1 -1.1 0.000838 
-1 -1 0.002694 
-1 -0.9 0.003705 
-1 -0.8 0.012072 
-1 -0.7 0.027707 
-1 -0.6 0.061588 
-1 -0.5 0.179223 
-1 -0.4 0.525531 
-1 -0.3 2.007313 
-1 -0.2 5.783858 
-1 -0.1 13.334769 
-1 0 28.022271 
-1 0.1 40.956652 
-1 0.2 210.769169 
-1 0.3 362.881777 
-1 0.4 139.592871 
-1 0.5 228.210367 
-1 0.6 365.046984 
-1 0.7 582.328735 
-0.9 -2 0.000001 
-0.9 -1.9 0.000001 
-0.9 -1.8 0.000003 
-0.9 -1.7 0.000011 
-0.9 -1.6 0.000029 
-0.9 -1.5 0.000031 
-0.9 -1.4 0.000151 
-0.9 -1.3 0.000269 
-0.9 -1.2 0.000666 
-0.9 -1.1 0.002096 
-0.9 -1 0.006779 
-0.9 -0.9 0.009340 
-0.9 -0.8 0.030300 
-0.9 -0.7 0.069879 
-0.9 -0.6 0.156167 
-0.9 -0.5 0.451578 
-0.9 -0.4 1.320653 
-0.9 -0.3 5.030495 
-0.9 -0.2 14.669544 
-0.9 -0.1 34.065541 
-0.9 0 71.166052 
-0.9 0.1 104.193162 
-0.9 0.2 142.534520 
-0.9 0.3 221.514827 
-0.9 0.4 363.079039 
-0.9 0.5 599.610139 
-0.9 0.6 970.516039 
-0.9 0.7 1572.132181 
-0.8 -2 0.000001 
-0.8 -1.9 0.000003 
-0.8 -1.8 0.000009 
-0.8 -1.7 0.000027 
-0.8 -1.6 0.000073 
-0.8 -1.5 0.000077 
-0.8 -1.4 0.000379 
-0.8 -1.3 0.000679 
-0.8 -1.2 0.002559 
-0.8 -1.1 20.732454 
-0.8 -1 466.876196 
-0.8 -0.9 0.048688 
-0.8 -0.8 0.076035 
-0.8 -0.7 0.176618 
-0.8 -0.6 0.398327 
-0.8 -0.5 1.139996 
-0.8 -0.4 3.320022 
-0.8 -0.3 12.584131 
-0.8 -0.2 37.399907 
-0.8 -0.1 87.812652 
-0.8 0 181.637917 
-0.8 0.1 266.669198 
-0.8 0.2 368.777062 
-0.8 0.3 581.369060 
-0.8 0.4 964.856213 
-0.8 0.5 1610.402174 
-0.8 0.6 2641.781043 
-0.8 0.7 4351.343950 
-0.7 -2 0.000003 
-0.7 -1.9 0.000007 
-0.7 -1.8 0.000022 
-0.7 -1.7 0.000068 
-0.7 -1.6 0.000184 
-0.7 -1.5 0.000194 
-0.7 -1.4 0.000946 
-0.7 -1.3 0.001711 
-0.7 -1.2 0.004327 
-0.7 -1.1 0.012977 
-0.7 -1 0.042985 
-0.7 -0.9 0.060015 
-0.7 -0.8 0.190311 
-0.7 -0.7 0.447569 
-0.7 -0.6 1.025949 
-0.7 -0.5 2.887012 
-0.7 -0.4 8.353229 
-0.7 -0.3 31.370208 
-0.7 -0.2 96.070588 
-0.7 -0.1 229.302815 
-0.7 0 466.300053 
-0.7 0.1 687.693624 
-0.7 0.2 3163.186460 
-0.7 0.3 1595.365071 
-0.7 0.4 2623.230248 
-0.7 0.5 4431.097468 
-0.7 0.6 7309.789883 
-0.6 -2 0.000118 
-0.6 -1.9 0.000016 
-0.6 -1.8 0.000057 
-0.6 -1.7 0.000172 
-0.6 -1.6 0.000461 
-0.6 -1.5 0.000487 
-0.6 -1.4 0.002356 
-0.6 -1.3 0.004318 
-0.6 -1.2 0.011170 
-0.6 -1.1 0.031971 
-0.6 -1 0.108208 
-0.6 -0.9 0.154049 
-0.6 -0.8 0.475210 
-0.6 -0.7 1.137283 
-0.6 -0.6 2.685438 
-0.6 -0.5 7.349670 
-0.6 -0.4 21.061045 
-0.6 -0.3 77.655620 
-0.6 -0.2 249.291375 
-0.6 -0.1 609.006655 
-0.6 0 1202.124208 
-0.6 0.1 1785.960514 
-0.6 0.2 2585.253528 
-0.6 0.3 4239.708781 
-0.6 0.4 7235.069491 
-0.6 0.5 12242.311526 
-0.6 0.6 19640.435712 
-0.5 -2 0.000021 
-0.5 -1.9 0.000041 
-0.5 -1.8 0.000148 
-0.5 -1.7 0.000430 
-0.5 -1.6 0.001152 
-0.5 -1.5 0.001222 
-0.5 -1.4 0.005829 
-0.5 -1.3 0.010893 
-0.5 -1.2 0.029218 
-0.5 -1.1 0.077829 
-0.5 -1 2.376061 
-0.5 -0.9 18.262486 
-0.5 -0.8 2693.709369 
-0.5 -0.7 3.301684 
-0.5 -0.6 7.214302 
-0.5 -0.5 18.869500 
-0.5 -0.4 53.415158 
-0.5 -0.3 189.579991 
-0.5 -0.2 654.372885 
-0.5 -0.1 1646.499167 
-0.5 0 3083.168470 
-0.5 0.1 4628.583114 
-0.5 0.2 6955.643110 
-0.5 0.3 11457.256358 
-0.5 0.4 19252.967625 
-0.5 0.5 31671.868974 
-0.4 -2 0.000051 
-0.4 -1.9 0.000101 
-0.4 -1.8 0.000393 
-0.4 -1.7 0.001059 
-0.4 -1.6 0.002855 
-0.4 -1.5 0.003094 
-0.4 -1.4 0.014264 
-0.4 -1.3 0.027321 
-0.4 -1.2 0.077931 
-0.4 -1.1 0.186459 
-0.4 -1 0.673853 
-0.4 -0.9 1.092709 
-0.4 -0.8 2.888814 
-0.4 -0.7 7.198903 
-0.4 -0.6 20.035921 
-0.4 -0.5 49.063557 
-0.4 -0.4 137.790901 
-0.4 -0.3 451.690602 
-0.4 -0.2 1729.368139 
-0.4 -0.1 4476.621985 
-0.4 0 7646.552812 
-0.4 0.1 11549.383811 
-0.4 0.2 17977.237804 
-0.4 0.3 28344.591280 
-0.4 0.4 44631.501098 
-0.4 0.5 69790.498628 
-0.3 -2 0.000193 
-0.3 -1.9 0.016213 
-0.3 -1.8 31.039736 
-0.3 -1.7 101.738962 
-0.3 -1.6 0.010995 
-0.3 -1.5 0.008023 
-0.3 -1.4 0.034286 
-0.3 -1.3 0.067271 
-0.3 -1.2 0.214667 
-0.3 -1.1 0.444146 
-0.3 -1 1.633009 
-0.3 -0.9 3.099761 
-0.3 -0.8 6.903349 
-0.3 -0.7 16.766188 
-0.3 -0.6 56.614864 
-0.3 -0.5 129.721517 
-0.3 -0.4 370.108793 
-0.3 -0.3 1051.333839 
-0.3 -0.2 4485.409054 
-0.3 -0.1 11644.444505 
-0.3 0 17297.994028 
-0.3 0.1 25427.645206 
-0.3 0.2 40759.110566 
-0.3 0.3 57711.799625 
-0.3 0.4 83163.245662 
-0.2 -2 0.000320 
-0.2 -1.9 0.000685 
-0.2 -1.8 0.002652 
-0.2 -1.7 0.005370 
-0.2 -1.6 0.015643 
-0.2 -1.5 0.021056 
-0.2 -1.4 0.079794 
-0.2 -1.3 0.161602 
-0.2 -1.2 0.628573 
-0.2 -1.1 1.123944 
-0.2 -1 3.700056 
-0.2 -0.9 8.797101 
-0.2 -0.8 16.062903 
-0.2 -0.7 35.158783 
-0.2 -0.6 144.516202 
-0.2 -0.5 348.014849 
-0.2 -0.4 1025.058439 
-0.2 -0.3 8931.278610 
-0.2 -0.2 8975.600312 
-0.2 -0.1 25992.516275 
-0.2 0 33656.394681 
-0.2 0.1 45273.837894 
-0.2 0.2 76080.653924 
-0.2 0.3 92969.182754 
-0.2 0.4 126788.619409 
-0.1 -2 0.001123 
-0.1 -1.9 0.002080 
-0.1 -1.8 0.005529 
-0.1 -1.7 0.012494 
-0.1 -1.6 0.039305 
-0.1 -1.5 0.051207 
-0.1 -1.4 0.174349 
-0.1 -1.3 0.388608 
-0.1 -1.2 1.915582 
-0.1 -1.1 3.317044 
-0.1 -1 6.305628 
-0.1 -0.9 22.064539 
-0.1 -0.8 40.590411 
-0.1 -0.7 99.347183 
-0.1 -0.6 274.987054 
-0.1 -0.5 881.433868 
-0.1 -0.4 2438.121438 
-0.1 -0.3 5930.307983 
-0.1 -0.2 20374.366800 
-0.1 -0.1 42491.789001 
-0.1 0 55912.687899 
-0.1 0.1 66929.337963 
-0.1 0.2 114397.912877 
-0.1 0.3 127374.614074 
0 -2 0.002830 
0 -1.9 0.005430 
0 -1.8 0.013052 
0 -1.7 0.029693 
0 -1.6 0.121747 
0 -1.5 0.156812 
0 -1.4 0.473506 
0 -1.3 0.774265 
0 -1.2 5.171780 
0 -1.1 9.381341 
0 -1 157.254053 
0 -0.9 89.085098 
0 -0.8 2969.345553 
0 -0.7 344.367715 
0 -0.6 744.094031 
0 -0.5 2014.646039 
0 -0.4 5427.418881 
0 -0.3 13631.191363 
0 -0.2 30411.988519 
0 -0.1 49064.321549 
0 0 81188.375044 
0 0.1 90533.061667 
0 0.2 146077.418191 
0 0.3 170603.817570 
0.1 -2 0.004508 
0.1 -1.9 0.014474 
0.1 -1.8 0.034240 
0.1 -1.7 0.078735 
0.1 -1.6 0.202742 
0.1 -1.5 0.613661 
0.1 -1.4 1.654967 
0.1 -1.3 2.366962 
0.1 -1.2 10.309043 
0.1 -1.1 24.860360 
0.1 -1 56.942039 
0.1 -0.9 169.906640 
0.1 -0.8 432.141868 
0.1 -0.7 1116.603749 
0.1 -0.6 3079.520941 
0.1 -0.5 5166.103318 
0.1 -0.4 12190.650302 
0.1 -0.3 19237.610046 
0.1 -0.2 37953.824020 
0.1 -0.1 56022.386637 
0.1 0 95754.745025 
0.1 0.1 122515.002211 
0.1 0.2 178414.663793 
0.2 -2 0.010771 
0.2 -1.9 0.023015 
0.2 -1.8 0.096222 
0.2 -1.7 0.158436 
0.2 -1.6 0.430821 
0.2 -1.5 7.055807 
0.2 -1.4 3.112879 
0.2 -1.3 942.931910 
0.2 -1.2 21.150023 
0.2 -1.1 44.964218 
0.2 -1 144.345349 
0.2 -0.9 357.847066 
0.2 -0.8 654.586764 
0.2 -0.7 1569.750292 
0.2 -0.6 3725.721796 
0.2 -0.5 15723.177269 
0.2 -0.4 19375.980689 
0.2 -0.3 29743.748040 
0.2 -0.2 62057.507468 
0.2 -0.1 80937.300678 
0.2 0 106318.434400 
0.2 0.1 173586.998827 
0.2 0.2 205722.754791 
0.3 -2 0.033378 
0.3 -1.9 0.049264 
0.3 -1.8 0.171846 
0.3 -1.7 0.400225 
0.3 -1.6 0.944955 
0.3 -1.5 3.521925 
0.3 -1.4 9.979410 
0.3 -1.3 18.127026 
0.3 -1.2 57.351952 
0.3 -1.1 130.058908 
0.3 -1 258.321829 
0.3 -0.9 749.490024 
0.3 -0.8 1568.150822 
0.3 -0.7 7172.085907 
0.3 -0.6 15450.415789 
0.3 -0.5 22112.136468 
0.3 -0.4 42222.882827 
0.3 -0.3 73619.751362 
0.3 -0.2 74556.316777 
0.3 -0.1 144385.985297 
0.3 0 159002.384623 
0.3 0.1 208038.514321 
0.4 -2 0.068684 
0.4 -1.9 0.161782 
0.4 -1.8 2.662247 
0.4 -1.7 1.003208 
0.4 -1.6 37.735973 
0.4 -1.5 128.889455 
0.4 -1.4 27.025987 
0.4 -1.3 44.172237 
0.4 -1.2 131.702397 
0.4 -1.1 449.147683 
0.4 -1 792.968163 
0.4 -0.9 2620.175719 
0.4 -0.8 2686.450542 
0.4 -0.7 10490.938115 
0.4 -0.6 17729.820420 
0.4 -0.5 34331.552307 
0.4 -0.4 49976.523558 
0.4 -0.3 66729.346451 
0.4 -0.2 116520.121819 
0.4 -0.1 175064.178505 
0.4 0 186323.608903 
0.4 0.1 271243.319148 
0.5 -2 0.174587 
0.5 -1.9 0.310320 
0.5 -1.8 1.084745 
0.5 -1.7 4.034281 
0.5 -1.6 9.885007 
0.5 -1.5 16.679414 
0.5 -1.4 49.541158 
0.5 -1.3 110.303140 
0.5 -1.2 425.232164 
0.5 -1.1 1450.298051 
0.5 -1 3042.750287 
0.5 -0.9 5834.649503 
0.5 -0.8 13385.028001 
0.5 -0.7 10435.710273 
0.5 -0.6 40904.249130 
0.5 -0.5 50851.271377 
0.5 -0.4 83243.830669 
0.5 -0.3 130557.221675 
0.5 -0.2 142600.296222 
0.5 -0.1 196661.169035 
0.5 0 262227.945779 
0.6 -2 0.448757 
0.6 -1.9 4.733164 
0.6 -1.8 3.509638 
0.6 -1.7 15.527911 
0.6 -1.6 854.489955 
0.6 -1.5 50.494624 
0.6 -1.4 162.793911 
0.6 -1.3 452.945967 
0.6 -1.2 1032.746088 
0.6 -1.1 2122.809017 
0.6 -1 3932.763172 
0.6 -0.9 23691.745252 
0.6 -0.8 22221.092408 
0.6 -0.7 34912.935939 
0.6 -0.6 88141.308284 
0.6 -0.5 91541.485081 
0.6 -0.4 123273.443181 
0.6 -0.3 174390.115824 
0.6 -0.2 197000.118710 
0.6 -0.1 256558.879424 
0.6 0 334269.730468 
0.7 -2 1.606814 
0.7 -1.9 4.015642 
0.7 -1.8 8.985892 
0.7 -1.7 16.161083 
0.7 -1.6 54.283133 
0.7 -1.5 125.739043 
0.7 -1.4 233.490735 
0.7 -1.3 1381.735411 
0.7 -1.2 2382.019652 
0.7 -1.1 4212.303395 
0.7 -1 13504.063007 
0.7 -0.9 17279.406130 
0.7 -0.8 30522.456267 
0.7 -0.7 50039.497554 
0.7 -0.6 67542.695468 
0.7 -0.5 130553.827722 
0.7 -0.4 145735.168025 
0.7 -0.3 218065.541863 
0.7 -0.2 300054.934661 
0.7 -0.1 314634.059267 
0.8 -2 3.253856 
0.8 -1.9 9.390671 
0.8 -1.8 124.866399 
0.8 -1.7 50.660608 
0.8 -1.6 199.234573 
0.8 -1.5 444.243429 
0.8 -1.4 974.261154 
0.8 -1.3 1270.787945 
0.8 -1.2 6390.474084 
0.8 -1.1 10455.666242 
0.8 -1 18539.593551 
0.8 -0.9 33520.033677 
0.8 -0.8 41628.094467 
0.8 -0.7 71630.276249 
0.8 -0.6 100974.320039 
0.8 -0.5 136471.842447 
0.8 -0.4 200898.899720 
0.8 -0.3 274278.566201 
0.8 -0.2 327570.803936 
0.8 -0.1 363359.088492 
0.9 -2 9.486599 
0.9 -1.9 24.226197 
0.9 -1.8 46.167175 
0.9 -1.7 195.336004 
0.9 -1.6 558.225734 
0.9 -1.5 1316.742854 
0.9 -1.4 1683.281151 
0.9 -1.3 5101.479774 
0.9 -1.2 15661.541123 
0.9 -1.1 21552.268312 
0.9 -1 36767.883684 
0.9 -0.9 50923.850635 
0.9 -0.8 96774.956429 
0.9 -0.7 104612.199569 
0.9 -0.6 159352.729003 
0.9 -0.5 195114.780249 
0.9 -0.4 265362.759326 
0.9 -0.3 304530.429223 
0.9 -0.2 396003.250527 
1 -2 21.308260 
1 -1.9 25.712856 
1 -1.8 196.757255 
1 -1.7 301.840828 
1 -1.6 795.091576 
1 -1.5 5176.878043 
1 -1.4 4428.104554 
1 -1.3 15115.178173 
1 -1.2 30551.078031 
1 -1.1 39295.277291 
1 -1 62742.991872 
1 -0.9 85513.759523 
1 -0.8 105151.793894 
1 -0.7 133756.476804 
1 -0.6 176603.408238 
1 -0.5 258709.593083 
1 -0.4 340911.141229 
1 -0.3 396955.016314 
1 -0.2 452845.974518 
1.1 -2 37.314063 
1.1 -1.9 116.117625 
1.1 -1.8 420.945504 
1.1 -1.7 418.827779 
1.1 -1.6 1860.854987 
1.1 -1.5 3694.822423 
1.1 -1.4 22409.869813 
1.1 -1.3 27315.001451 
1.1 -1.2 33103.893275 
1.1 -1.1 54348.586116 
1.1 -1 84996.677497 
1.1 -0.9 140625.586917 
1.1 -0.8 155711.796531 
1.1 -0.7 211062.251106 
1.1 -0.6 290048.416616 
1.1 -0.5 339489.805539 
1.1 -0.4 373758.500753 
1.1 -0.3 482366.086753 
1.2 -2 159.426922 
1.2 -1.9 263.232357 
1.2 -1.8 1038.813058 
1.2 -1.7 2168.917071 
1.2 -1.6 4186.880759 
1.2 -1.5 11241.065659 
1.2 -1.4 33562.143675 
1.2 -1.3 31609.874616 
1.2 -1.2 58295.393094 
1.2 -1.1 85797.181918 
1.2 -1 109859.552944 
1.2 -0.9 116784.092407 
1.2 -0.8 157322.136104 
1.2 -0.7 243937.805834 
1.2 -0.6 313227.376014 
1.2 -0.5 382650.010481 
1.2 -0.4 477507.244566 
1.2 -0.3 512638.279581 
1.3 -2 393.090375 
1.3 -1.9 755.541983 
1.3 -1.8 1886.315889 
1.3 -1.7 5930.534148 
1.3 -1.6 11148.433927 
1.3 -1.5 11240.507192 
1.3 -1.4 34481.782204 
1.3 -1.3 50873.794401 
1.3 -1.2 66968.406731 
1.3 -1.1 125511.009611 
1.3 -1 180565.492361 
1.3 -0.9 206685.469673 
1.3 -0.8 228596.220756 
1.3 -0.7 289161.914284 
1.3 -0.6 385155.677006 
1.3 -0.5 403725.366339 
1.3 -0.4 567888.279568 
1.4 -2 1194.324374 
1.4 -1.9 3123.983664 
1.4 -1.8 3992.903423 
1.4 -1.7 9377.586561 
1.4 -1.6 11818.919346 
1.4 -1.5 29334.400924 
1.4 -1.4 82953.105642 
1.4 -1.3 70783.536514 
1.4 -1.2 104876.857939 
1.4 -1.1 161443.743224 
1.4 -1 203666.361980 
1.4 -0.9 284293.636793 
1.4 -0.8 303946.008560 
1.4 -0.7 415679.174242 
1.4 -0.6 476495.889629 
1.4 -0.5 530507.450411 
1.4 -0.4 608755.267995 
1.5 -2 1827.570627 
1.5 -1.9 5105.825635 
1.5 -1.8 14321.376512 
1.5 -1.7 28347.317922 
1.5 -1.6 31636.103912 
1.5 -1.5 39476.805787 
1.5 -1.4 77376.314692 
1.5 -1.3 108048.920948 
1.5 -1.2 148541.688792 
1.5 -1.1 180525.367529 
1.5 -1 242279.400812 
1.5 -0.9 331307.450850 
1.5 -0.8 351731.800743 
1.5 -0.7 428990.474734 
1.5 -0.6 528169.029136 
1.5 -0.5 623497.115908 
1.6 -2 3923.447497 
1.6 -1.9 10770.374212 
1.6 -1.8 15595.477952 
1.6 -1.7 36162.420236 
1.6 -1.6 42230.098068 
1.6 -1.5 70373.659533 
1.6 -1.4 94438.231306 
1.6 -1.3 175666.384696 
1.6 -1.2 189012.700105 
1.6 -1.1 230371.442034 
1.6 -1 286981.778269 
1.6 -0.9 408309.255081 
1.6 -0.8 497407.626314 
1.6 -0.7 530383.361975 
1.6 -0.6 553553.328600 
1.6 -0.5 686888.211493 
1.7 -2 8248.573071 
1.7 -1.9 23149.832688 
1.7 -1.8 45098.263289 
1.7 -1.7 51897.271365 
1.7 -1.6 71654.971661 
1.7 -1.5 131906.246700 
1.7 -1.4 146178.384442 
1.7 -1.3 194929.582255 
1.7 -1.2 277071.939314 
1.7 -1.1 325700.349907 
1.7 -1 381994.436955 
1.7 -0.9 253974.712713 
1.7 -0.8 393728.633605 
1.7 -0.7 580797.106669 
1.7 -0.6 631280.253367 
1.8 -2 14032.208091 
1.8 -1.9 37026.913859 
1.8 -1.8 58890.014402 
1.8 -1.7 77791.505014 
1.8 -1.6 118881.756686 
1.8 -1.5 168270.920443 
1.8 -1.4 211760.365089 
1.8 -1.3 255699.320182 
1.8 -1.2 317803.261938 
1.8 -1.1 353610.197765 
1.8 -1 440085.860807 
1.8 -0.9 513455.484244 
1.8 -0.8 598974.158916 
1.8 -0.7 635497.700202 
1.8 -0.6 718917.217951 
1.9 -2 62820.961776 
1.9 -1.9 67568.873358 
1.9 -1.8 74589.792165 
1.9 -1.7 132296.486832 
1.9 -1.6 112673.265634 
1.9 -1.5 171921.215508 
1.9 -1.4 265907.296817 
1.9 -1.3 322714.979679 
1.9 -1.2 411327.229354 
1.9 -1.1 445804.750038 
1.9 -1 472083.694996 
1.9 -0.9 595694.492323 
1.9 -0.8 634120.102755 
1.9 -0.7 736743.560425 
2 -2 46883.816022 
2 -1.9 63403.501308 
2 -1.8 116851.594327 
2 -1.7 130598.259960 
2 -1.6 192037.870434 
2 -1.5 279174.167312 
2 -1.4 303857.815383 
2 -1.3 385895.718776 
2 -1.2 438827.115980 
2 -1.1 489992.295242 
2 -1 588000.003445 
2 -0.9 649255.006526 
2 -0.8 724607.073658 
2 -0.7 789803.402793 
