-3 -2 0.001155 
-3 -1.95 0.001154 
-3 -1.9 0.001154 
-3 -1.85 0.001155 
-3 -1.8 0.001155 
-3 -1.75 0.001155 
-3 -1.7 0.001155 
-3 -1.65 0.001155 
-3 -1.6 0.001154 
-3 -1.55 0.001155 
-3 -1.5 0.001155 
-3 -1.45 0.001155 
-3 -1.4 0.001155 
-3 -1.35 0.001156 
-3 -1.3 0.001156 
-3 -1.25 0.001156 
-3 -1.2 0.001155 
-3 -1.15 0.001157 
-3 -1.1 0.001157 
-3 -1.05 0.001158 
-3 -1 0.001152 
-3 -0.95 0.001158 
-3 -0.9 0.001151 
-3 -0.85 0.001120 
-3 -0.8 0.001208 
-3 -0.75 0.001212 
-3 -0.7 0.001161 
-3 -0.65 0.000499 
-3 -0.6 0.003433 
-3 -0.55 0.007144 
-3 -0.5 0.021203 
-3 -0.45 0.040937 
-3 -0.4 0.107253 
-3 -0.35 0.213650 
-3 -0.3 0.419781 
-3 -0.25 0.761179 
-3 -0.2 1.191383 
-3 -0.15 1.624201 
-3 -0.1 2.440471 
-3 -0.05 4.071049 
-3 0 6.262405 
-3 0.05 8.573086 
-3 0.1 10.713855 
-3 0.15 12.562496 
-3 0.2 14.211432 
-3 0.25 16.466717 
-3 0.3 20.109390 
-3 0.35 25.733241 
-3 0.4 33.410149 
-3 0.45 43.365755 
-3 0.5 56.562884 
-3 0.55 74.619319 
-3 0.6 99.866383 
-3 0.65 136.379479 
-3 0.7 191.538227 
-3 0.75 280.296971 
-3 0.8 436.869831 
-2.95 -2 0.001155 
-2.95 -1.95 0.001154 
-2.95 -1.9 0.001154 
-2.95 -1.85 0.001155 
-2.95 -1.8 0.001155 
-2.95 -1.75 0.001155 
-2.95 -1.7 0.001155 
-2.95 -1.65 0.001155 
-2.95 -1.6 0.001154 
-2.95 -1.55 0.001155 
-2.95 -1.5 0.001155 
-2.95 -1.45 0.001155 
-2.95 -1.4 0.001155 
-2.95 -1.35 0.001155 
-2.95 -1.3 0.001156 
-2.95 -1.25 0.001156 
-2.95 -1.2 0.001156 
-2.95 -1.15 0.001157 
-2.95 -1.1 0.001157 
-2.95 -1.05 0.001157 
-2.95 -1 0.001152 
-2.95 -0.95 0.001159 
-2.95 -0.9 0.001152 
-2.95 -0.85 0.001120 
-2.95 -0.8 0.001208 
-2.95 -0.75 0.001212 
-2.95 -0.7 0.001161 
-2.95 -0.65 0.000498 
-2.95 -0.6 0.003434 
-2.95 -0.55 0.007145 
-2.95 -0.5 0.021207 
-2.95 -0.45 0.040949 
-2.95 -0.4 0.107280 
-2.95 -0.35 0.213709 
-2.95 -0.3 0.419890 
-2.95 -0.25 0.761384 
-2.95 -0.2 1.191720 
-2.95 -0.15 1.624631 
-2.95 -0.1 2.441130 
-2.95 -0.05 4.072147 
-2.95 0 6.264109 
-2.95 0.05 8.575437 
-2.95 0.1 10.716720 
-2.95 0.15 12.565821 
-2.95 0.2 14.215239 
-2.95 0.25 16.471128 
-2.95 0.3 20.114870 
-2.95 0.35 25.740151 
-2.95 0.4 33.419215 
-2.95 0.45 43.377704 
-2.95 0.5 56.578731 
-2.95 0.55 74.640494 
-2.95 0.6 99.895445 
-2.95 0.65 136.420014 
-2.95 0.7 191.597968 
-2.95 0.75 280.387246 
-2.95 0.8 437.025649 
-2.9 -2 0.001155 
-2.9 -1.95 0.001154 
-2.9 -1.9 0.001154 
-2.9 -1.85 0.001155 
-2.9 -1.8 0.001155 
-2.9 -1.75 0.001155 
-2.9 -1.7 0.001155 
-2.9 -1.65 0.001155 
-2.9 -1.6 0.001154 
-2.9 -1.55 0.001155 
-2.9 -1.5 0.001155 
-2.9 -1.45 0.001156 
-2.9 -1.4 0.001155 
-2.9 -1.35 0.001155 
-2.9 -1.3 0.001156 
-2.9 -1.25 0.001156 
-2.9 -1.2 0.001155 
-2.9 -1.15 0.001157 
-2.9 -1.1 0.001157 
-2.9 -1.05 0.001157 
-2.9 -1 0.001152 
-2.9 -0.95 0.001158 
-2.9 -0.9 0.001151 
-2.9 -0.85 0.001120 
-2.9 -0.8 0.001208 
-2.9 -0.75 0.001213 
-2.9 -0.7 0.001160 
-2.9 -0.65 0.000498 
-2.9 -0.6 0.003433 
-2.9 -0.55 0.007147 
-2.9 -0.5 0.021213 
-2.9 -0.45 0.040964 
-2.9 -0.4 0.107317 
-2.9 -0.35 0.213779 
-2.9 -0.3 0.420027 
-2.9 -0.25 0.761642 
-2.9 -0.2 1.192114 
-2.9 -0.15 1.625192 
-2.9 -0.1 2.441936 
-2.9 -0.05 4.073495 
-2.9 0 6.266205 
-2.9 0.05 8.578316 
-2.9 0.1 10.720309 
-2.9 0.15 12.570130 
-2.9 0.2 14.220070 
-2.9 0.25 16.476764 
-2.9 0.3 20.121704 
-2.9 0.35 25.748944 
-2.9 0.4 33.430811 
-2.9 0.45 43.392600 
-2.9 0.5 56.598429 
-2.9 0.55 74.666758 
-2.9 0.6 99.931418 
-2.9 0.65 136.470340 
-2.9 0.7 191.671622 
-2.9 0.75 280.502650 
-2.9 0.8 437.221129 
-2.85 -2 0.001155 
-2.85 -1.95 0.001154 
-2.85 -1.9 0.001154 
-2.85 -1.85 0.001155 
-2.85 -1.8 0.001155 
-2.85 -1.75 0.001155 
-2.85 -1.7 0.001155 
-2.85 -1.65 0.001155 
-2.85 -1.6 0.001154 
-2.85 -1.55 0.001155 
-2.85 -1.5 0.001155 
-2.85 -1.45 0.001156 
-2.85 -1.4 0.001155 
-2.85 -1.35 0.001155 
-2.85 -1.3 0.001156 
-2.85 -1.25 0.001156 
-2.85 -1.2 0.001156 
-2.85 -1.15 0.001156 
-2.85 -1.1 0.001157 
-2.85 -1.05 0.001158 
-2.85 -1 0.001152 
-2.85 -0.95 0.001159 
-2.85 -0.9 0.001151 
-2.85 -0.85 0.001120 
-2.85 -0.8 0.001208 
-2.85 -0.75 0.001212 
-2.85 -0.7 0.001160 
-2.85 -0.65 0.000497 
-2.85 -0.6 0.003434 
-2.85 -0.55 0.007149 
-2.85 -0.5 0.021222 
-2.85 -0.45 0.040982 
-2.85 -0.4 0.107364 
-2.85 -0.35 0.213867 
-2.85 -0.3 0.420205 
-2.85 -0.25 0.761970 
-2.85 -0.2 1.192618 
-2.85 -0.15 1.625888 
-2.85 -0.1 2.442980 
-2.85 -0.05 4.075210 
-2.85 0 6.268818 
-2.85 0.05 8.581955 
-2.85 0.1 10.724909 
-2.85 0.15 12.575486 
-2.85 0.2 14.226071 
-2.85 0.25 16.483820 
-2.85 0.3 20.130377 
-2.85 0.35 25.759924 
-2.85 0.4 33.445213 
-2.85 0.45 43.411459 
-2.85 0.5 56.623263 
-2.85 0.55 74.700199 
-2.85 0.6 99.976859 
-2.85 0.65 136.533750 
-2.85 0.7 191.765005 
-2.85 0.75 280.646469 
-2.85 0.8 437.466838 
-2.8 -2 0.001155 
-2.8 -1.95 0.001154 
-2.8 -1.9 0.001154 
-2.8 -1.85 0.001155 
-2.8 -1.8 0.001155 
-2.8 -1.75 0.001155 
-2.8 -1.7 0.001154 
-2.8 -1.65 0.001155 
-2.8 -1.6 0.001154 
-2.8 -1.55 0.001155 
-2.8 -1.5 0.001155 
-2.8 -1.45 0.001155 
-2.8 -1.4 0.001155 
-2.8 -1.35 0.001155 
-2.8 -1.3 0.001156 
-2.8 -1.25 0.001157 
-2.8 -1.2 0.001156 
-2.8 -1.15 0.001156 
-2.8 -1.1 0.001157 
-2.8 -1.05 0.001157 
-2.8 -1 0.001151 
-2.8 -0.95 0.001158 
-2.8 -0.9 0.001151 
-2.8 -0.85 0.001121 
-2.8 -0.8 0.001207 
-2.8 -0.75 0.001212 
-2.8 -0.7 0.001159 
-2.8 -0.65 0.000497 
-2.8 -0.6 0.003435 
-2.8 -0.55 0.007152 
-2.8 -0.5 0.021234 
-2.8 -0.45 0.041006 
-2.8 -0.4 0.107419 
-2.8 -0.35 0.213977 
-2.8 -0.3 0.420427 
-2.8 -0.25 0.762370 
-2.8 -0.2 1.193245 
-2.8 -0.15 1.626756 
-2.8 -0.1 2.444274 
-2.8 -0.05 4.077384 
-2.8 0 6.272202 
-2.8 0.05 8.586513 
-2.8 0.1 10.730614 
-2.8 0.15 12.582146 
-2.8 0.2 14.233697 
-2.8 0.25 16.492669 
-2.8 0.3 20.141239 
-2.8 0.35 25.773881 
-2.8 0.4 33.463450 
-2.8 0.45 43.435221 
-2.8 0.5 56.654605 
-2.8 0.55 74.742419 
-2.8 0.6 100.033947 
-2.8 0.65 136.614792 
-2.8 0.7 191.881845 
-2.8 0.75 280.827913 
-2.8 0.8 437.777484 
-2.75 -2 0.001155 
-2.75 -1.95 0.001154 
-2.75 -1.9 0.001154 
-2.75 -1.85 0.001155 
-2.75 -1.8 0.001155 
-2.75 -1.75 0.001155 
-2.75 -1.7 0.001154 
-2.75 -1.65 0.001155 
-2.75 -1.6 0.001154 
-2.75 -1.55 0.001154 
-2.75 -1.5 0.001156 
-2.75 -1.45 0.001155 
-2.75 -1.4 0.001155 
-2.75 -1.35 0.001155 
-2.75 -1.3 0.001156 
-2.75 -1.25 0.001156 
-2.75 -1.2 0.001155 
-2.75 -1.15 0.001157 
-2.75 -1.1 0.001157 
-2.75 -1.05 0.001158 
-2.75 -1 0.001152 
-2.75 -0.95 0.001158 
-2.75 -0.9 0.001151 
-2.75 -0.85 0.001120 
-2.75 -0.8 0.001208 
-2.75 -0.75 0.001213 
-2.75 -0.7 0.001159 
-2.75 -0.65 0.000497 
-2.75 -0.6 0.003436 
-2.75 -0.55 0.007157 
-2.75 -0.5 0.021247 
-2.75 -0.45 0.041034 
-2.75 -0.4 0.107490 
-2.75 -0.35 0.214122 
-2.75 -0.3 0.420714 
-2.75 -0.25 0.762878 
-2.75 -0.2 1.194050 
-2.75 -0.15 1.627845 
-2.75 -0.1 2.445929 
-2.75 -0.05 4.080087 
-2.75 0 6.276434 
-2.75 0.05 8.592259 
-2.75 0.1 10.737835 
-2.75 0.15 12.590679 
-2.75 0.2 14.243265 
-2.75 0.25 16.503779 
-2.75 0.3 20.154889 
-2.75 0.35 25.791559 
-2.75 0.4 33.486411 
-2.75 0.45 43.465214 
-2.75 0.5 56.694247 
-2.75 0.55 74.794983 
-2.75 0.6 100.106396 
-2.75 0.65 136.716188 
-2.75 0.7 192.029974 
-2.75 0.75 281.056878 
-2.75 0.8 438.167309 
-2.7 -2 0.001155 
-2.7 -1.95 0.001154 
-2.7 -1.9 0.001154 
-2.7 -1.85 0.001155 
-2.7 -1.8 0.001155 
-2.7 -1.75 0.001155 
-2.7 -1.7 0.001154 
-2.7 -1.65 0.001155 
-2.7 -1.6 0.001154 
-2.7 -1.55 0.001155 
-2.7 -1.5 0.001155 
-2.7 -1.45 0.001155 
-2.7 -1.4 0.001155 
-2.7 -1.35 0.001155 
-2.7 -1.3 0.001156 
-2.7 -1.25 0.001156 
-2.7 -1.2 0.001155 
-2.7 -1.15 0.001156 
-2.7 -1.1 0.001157 
-2.7 -1.05 0.001157 
-2.7 -1 0.001152 
-2.7 -0.95 0.001158 
-2.7 -0.9 0.001151 
-2.7 -0.85 0.001120 
-2.7 -0.8 0.001207 
-2.7 -0.75 0.001212 
-2.7 -0.7 0.001160 
-2.7 -0.65 0.000496 
-2.7 -0.6 0.003437 
-2.7 -0.55 0.007161 
-2.7 -0.5 0.021264 
-2.7 -0.45 0.041070 
-2.7 -0.4 0.107581 
-2.7 -0.35 0.214301 
-2.7 -0.3 0.421057 
-2.7 -0.25 0.763525 
-2.7 -0.2 1.195063 
-2.7 -0.15 1.629209 
-2.7 -0.1 2.447975 
-2.7 -0.05 4.083570 
-2.7 0 6.281728 
-2.7 0.05 8.599595 
-2.7 0.1 10.746946 
-2.7 0.15 12.601300 
-2.7 0.2 14.255319 
-2.7 0.25 16.517835 
-2.7 0.3 20.171973 
-2.7 0.35 25.813606 
-2.7 0.4 33.515168 
-2.7 0.45 43.503185 
-2.7 0.5 56.743973 
-2.7 0.55 74.861541 
-2.7 0.6 100.197266 
-2.7 0.65 136.843669 
-2.7 0.7 192.216075 
-2.7 0.75 281.345122 
-2.7 0.8 438.656005 
-2.65 -2 0.001155 
-2.65 -1.95 0.001154 
-2.65 -1.9 0.001154 
-2.65 -1.85 0.001155 
-2.65 -1.8 0.001155 
-2.65 -1.75 0.001155 
-2.65 -1.7 0.001154 
-2.65 -1.65 0.001155 
-2.65 -1.6 0.001155 
-2.65 -1.55 0.001154 
-2.65 -1.5 0.001156 
-2.65 -1.45 0.001155 
-2.65 -1.4 0.001155 
-2.65 -1.35 0.001155 
-2.65 -1.3 0.001156 
-2.65 -1.25 0.001156 
-2.65 -1.2 0.001156 
-2.65 -1.15 0.001157 
-2.65 -1.1 0.001157 
-2.65 -1.05 0.001157 
-2.65 -1 0.001152 
-2.65 -0.95 0.001159 
-2.65 -0.9 0.001151 
-2.65 -0.85 0.001120 
-2.65 -0.8 0.001208 
-2.65 -0.75 0.001212 
-2.65 -0.7 0.001158 
-2.65 -0.65 0.000495 
-2.65 -0.6 0.003438 
-2.65 -0.55 0.007168 
-2.65 -0.5 0.021284 
-2.65 -0.45 0.041115 
-2.65 -0.4 0.107694 
-2.65 -0.35 0.214526 
-2.65 -0.3 0.421516 
-2.65 -0.25 0.764339 
-2.65 -0.2 1.196336 
-2.65 -0.15 1.630951 
-2.65 -0.1 2.450598 
-2.65 -0.05 4.087927 
-2.65 0 6.288432 
-2.65 0.05 8.608746 
-2.65 0.1 10.758367 
-2.65 0.15 12.614685 
-2.65 0.2 14.270472 
-2.65 0.25 16.535508 
-2.65 0.3 20.193682 
-2.65 0.35 25.841569 
-2.65 0.4 33.551519 
-2.65 0.45 43.550472 
-2.65 0.5 56.806601 
-2.65 0.55 74.945441 
-2.65 0.6 100.311621 
-2.65 0.65 137.003929 
-2.65 0.7 192.450532 
-2.65 0.75 281.709603 
-2.65 0.8 439.276124 
-2.6 -2 0.001155 
-2.6 -1.95 0.001155 
-2.6 -1.9 0.001154 
-2.6 -1.85 0.001155 
-2.6 -1.8 0.001155 
-2.6 -1.75 0.001155 
-2.6 -1.7 0.001155 
-2.6 -1.65 0.001155 
-2.6 -1.6 0.001155 
-2.6 -1.55 0.001155 
-2.6 -1.5 0.001156 
-2.6 -1.45 0.001155 
-2.6 -1.4 0.001154 
-2.6 -1.35 0.001155 
-2.6 -1.3 0.001156 
-2.6 -1.25 0.001156 
-2.6 -1.2 0.001155 
-2.6 -1.15 0.001156 
-2.6 -1.1 0.001157 
-2.6 -1.05 0.001157 
-2.6 -1 0.001152 
-2.6 -0.95 0.001159 
-2.6 -0.9 0.001151 
-2.6 -0.85 0.001120 
-2.6 -0.8 0.001208 
-2.6 -0.75 0.001212 
-2.6 -0.7 0.001159 
-2.6 -0.65 0.000494 
-2.6 -0.6 0.003440 
-2.6 -0.55 0.007175 
-2.6 -0.5 0.021311 
-2.6 -0.45 0.041175 
-2.6 -0.4 0.107838 
-2.6 -0.35 0.214810 
-2.6 -0.3 0.422072 
-2.6 -0.25 0.765351 
-2.6 -0.2 1.197936 
-2.6 -0.15 1.633150 
-2.6 -0.1 2.453882 
-2.6 -0.05 4.093380 
-2.6 0 6.296903 
-2.6 0.05 8.620292 
-2.6 0.1 10.772732 
-2.6 0.15 12.631638 
-2.6 0.2 14.289668 
-2.6 0.25 16.557847 
-2.6 0.3 20.221033 
-2.6 0.35 25.876660 
-2.6 0.4 33.597430 
-2.6 0.45 43.610323 
-2.6 0.5 56.885635 
-2.6 0.55 75.050995 
-2.6 0.6 100.455748 
-2.6 0.65 137.206084 
-2.6 0.7 192.745658 
-2.6 0.75 282.166403 
-2.6 0.8 440.053508 
-2.55 -2 0.001154 
-2.55 -1.95 0.001155 
-2.55 -1.9 0.001154 
-2.55 -1.85 0.001155 
-2.55 -1.8 0.001155 
-2.55 -1.75 0.001155 
-2.55 -1.7 0.001155 
-2.55 -1.65 0.001155 
-2.55 -1.6 0.001155 
-2.55 -1.55 0.001155 
-2.55 -1.5 0.001156 
-2.55 -1.45 0.001155 
-2.55 -1.4 0.001155 
-2.55 -1.35 0.001155 
-2.55 -1.3 0.001156 
-2.55 -1.25 0.001156 
-2.55 -1.2 0.001155 
-2.55 -1.15 0.001156 
-2.55 -1.1 0.001157 
-2.55 -1.05 0.001158 
-2.55 -1 0.001151 
-2.55 -0.95 0.001159 
-2.55 -0.9 0.001150 
-2.55 -0.85 0.001120 
-2.55 -0.8 0.001208 
-2.55 -0.75 0.001212 
-2.55 -0.7 0.001158 
-2.55 -0.65 0.000492 
-2.55 -0.6 0.003443 
-2.55 -0.55 0.007186 
-2.55 -0.5 0.021345 
-2.55 -0.45 0.041247 
-2.55 -0.4 0.108018 
-2.55 -0.35 0.215166 
-2.55 -0.3 0.422780 
-2.55 -0.25 0.766643 
-2.55 -0.2 1.199962 
-2.55 -0.15 1.635889 
-2.55 -0.1 2.458021 
-2.55 -0.05 4.100296 
-2.55 0 6.307467 
-2.55 0.05 8.634832 
-2.55 0.1 10.790890 
-2.55 0.15 12.652926 
-2.55 0.2 14.313773 
-2.55 0.25 16.585837 
-2.55 0.3 20.255403 
-2.55 0.35 25.920694 
-2.55 0.4 33.655212 
-2.55 0.45 43.685798 
-2.55 0.5 56.984717 
-2.55 0.55 75.184430 
-2.55 0.6 100.637897 
-2.55 0.65 137.461564 
-2.55 0.7 193.117225 
-2.55 0.75 282.744340 
-2.55 0.8 441.036614 
-2.5 -2 0.001154 
-2.5 -1.95 0.001154 
-2.5 -1.9 0.001154 
-2.5 -1.85 0.001155 
-2.5 -1.8 0.001155 
-2.5 -1.75 0.001155 
-2.5 -1.7 0.001155 
-2.5 -1.65 0.001155 
-2.5 -1.6 0.001155 
-2.5 -1.55 0.001155 
-2.5 -1.5 0.001156 
-2.5 -1.45 0.001155 
-2.5 -1.4 0.001155 
-2.5 -1.35 0.001156 
-2.5 -1.3 0.001156 
-2.5 -1.25 0.001156 
-2.5 -1.2 0.001155 
-2.5 -1.15 0.001157 
-2.5 -1.1 0.001157 
-2.5 -1.05 0.001158 
-2.5 -1 0.001152 
-2.5 -0.95 0.001159 
-2.5 -0.9 0.001151 
-2.5 -0.85 0.001119 
-2.5 -0.8 0.001209 
-2.5 -0.75 0.001212 
-2.5 -0.7 0.001157 
-2.5 -0.65 0.000491 
-2.5 -0.6 0.003446 
-2.5 -0.55 0.007198 
-2.5 -0.5 0.021387 
-2.5 -0.45 0.041339 
-2.5 -0.4 0.108245 
-2.5 -0.35 0.215618 
-2.5 -0.3 0.423673 
-2.5 -0.25 0.768271 
-2.5 -0.2 1.202485 
-2.5 -0.15 1.639364 
-2.5 -0.1 2.463253 
-2.5 -0.05 4.109040 
-2.5 0 6.320892 
-2.5 0.05 8.653179 
-2.5 0.1 10.813801 
-2.5 0.15 12.679802 
-2.5 0.2 14.344232 
-2.5 0.25 16.621172 
-2.5 0.3 20.298668 
-2.5 0.35 25.976292 
-2.5 0.4 33.727791 
-2.5 0.45 43.781047 
-2.5 0.5 57.110361 
-2.5 0.55 75.351839 
-2.5 0.6 100.865959 
-2.5 0.65 137.782578 
-2.5 0.7 193.586707 
-2.5 0.75 283.471265 
-2.5 0.8 442.275207 
-2.45 -2 0.001155 
-2.45 -1.95 0.001155 
-2.45 -1.9 0.001155 
-2.45 -1.85 0.001155 
-2.45 -1.8 0.001155 
-2.45 -1.75 0.001155 
-2.45 -1.7 0.001155 
-2.45 -1.65 0.001155 
-2.45 -1.6 0.001155 
-2.45 -1.55 0.001155 
-2.45 -1.5 0.001156 
-2.45 -1.45 0.001155 
-2.45 -1.4 0.001155 
-2.45 -1.35 0.001155 
-2.45 -1.3 0.001156 
-2.45 -1.25 0.001156 
-2.45 -1.2 0.001155 
-2.45 -1.15 0.001157 
-2.45 -1.1 0.001156 
-2.45 -1.05 0.001157 
-2.45 -1 0.001152 
-2.45 -0.95 0.001158 
-2.45 -0.9 0.001150 
-2.45 -0.85 0.001120 
-2.45 -0.8 0.001208 
-2.45 -0.75 0.001212 
-2.45 -0.7 0.001158 
-2.45 -0.65 0.000490 
-2.45 -0.6 0.003450 
-2.45 -0.55 0.007213 
-2.45 -0.5 0.021440 
-2.45 -0.45 0.041455 
-2.45 -0.4 0.108529 
-2.45 -0.35 0.216190 
-2.45 -0.3 0.424796 
-2.45 -0.25 0.770314 
-2.45 -0.2 1.205692 
-2.45 -0.15 1.643740 
-2.45 -0.1 2.469826 
-2.45 -0.05 4.119974 
-2.45 0 6.337707 
-2.45 0.05 8.676246 
-2.45 0.1 10.842623 
-2.45 0.15 12.713642 
-2.45 0.2 14.382598 
-2.45 0.25 16.665742 
-2.45 0.3 20.353297 
-2.45 0.35 26.046508 
-2.45 0.4 33.819470 
-2.45 0.45 43.901009 
-2.45 0.5 57.268608 
-2.45 0.55 75.563418 
-2.45 0.6 101.154988 
-2.45 0.65 138.187538 
-2.45 0.7 194.178692 
-2.45 0.75 284.388024 
-2.45 0.8 443.836408 
-2.4 -2 0.001155 
-2.4 -1.95 0.001154 
-2.4 -1.9 0.001155 
-2.4 -1.85 0.001155 
-2.4 -1.8 0.001155 
-2.4 -1.75 0.001155 
-2.4 -1.7 0.001155 
-2.4 -1.65 0.001155 
-2.4 -1.6 0.001154 
-2.4 -1.55 0.001154 
-2.4 -1.5 0.001156 
-2.4 -1.45 0.001155 
-2.4 -1.4 0.001155 
-2.4 -1.35 0.001155 
-2.4 -1.3 0.001156 
-2.4 -1.25 0.001156 
-2.4 -1.2 0.001155 
-2.4 -1.15 0.001157 
-2.4 -1.1 0.001157 
-2.4 -1.05 0.001158 
-2.4 -1 0.001152 
-2.4 -0.95 0.001158 
-2.4 -0.9 0.001151 
-2.4 -0.85 0.001120 
-2.4 -0.8 0.001208 
-2.4 -0.75 0.001212 
-2.4 -0.7 0.001156 
-2.4 -0.65 0.000487 
-2.4 -0.6 0.003453 
-2.4 -0.55 0.007234 
-2.4 -0.5 0.021506 
-2.4 -0.45 0.041603 
-2.4 -0.4 0.108890 
-2.4 -0.35 0.216902 
-2.4 -0.3 0.426210 
-2.4 -0.25 0.772892 
-2.4 -0.2 1.209744 
-2.4 -0.15 1.649285 
-2.4 -0.1 2.478115 
-2.4 -0.05 4.133782 
-2.4 0 6.358974 
-2.4 0.05 8.705375 
-2.4 0.1 10.878957 
-2.4 0.15 12.756262 
-2.4 0.2 14.430905 
-2.4 0.25 16.721889 
-2.4 0.3 20.422112 
-2.4 0.35 26.135032 
-2.4 0.4 33.935175 
-2.4 0.45 44.052208 
-2.4 0.5 57.467792 
-2.4 0.55 75.830447 
-2.4 0.6 101.518654 
-2.4 0.65 138.698689 
-2.4 0.7 194.923329 
-2.4 0.75 285.544318 
-2.4 0.8 445.810176 
-2.35 -2 0.001154 
-2.35 -1.95 0.001154 
-2.35 -1.9 0.001155 
-2.35 -1.85 0.001155 
-2.35 -1.8 0.001155 
-2.35 -1.75 0.001155 
-2.35 -1.7 0.001155 
-2.35 -1.65 0.001155 
-2.35 -1.6 0.001155 
-2.35 -1.55 0.001155 
-2.35 -1.5 0.001156 
-2.35 -1.45 0.001155 
-2.35 -1.4 0.001154 
-2.35 -1.35 0.001155 
-2.35 -1.3 0.001156 
-2.35 -1.25 0.001156 
-2.35 -1.2 0.001155 
-2.35 -1.15 0.001156 
-2.35 -1.1 0.001156 
-2.35 -1.05 0.001157 
-2.35 -1 0.001151 
-2.35 -0.95 0.001158 
-2.35 -0.9 0.001150 
-2.35 -0.85 0.001119 
-2.35 -0.8 0.001209 
-2.35 -0.75 0.001212 
-2.35 -0.7 0.001155 
-2.35 -0.65 0.000483 
-2.35 -0.6 0.003459 
-2.35 -0.55 0.007259 
-2.35 -0.5 0.021591 
-2.35 -0.45 0.041785 
-2.35 -0.4 0.109343 
-2.35 -0.35 0.217807 
-2.35 -0.3 0.427998 
-2.35 -0.25 0.776143 
-2.35 -0.2 1.214827 
-2.35 -0.15 1.656246 
-2.35 -0.1 2.488597 
-2.35 -0.05 4.151212 
-2.35 0 6.385824 
-2.35 0.05 8.742119 
-2.35 0.1 10.924844 
-2.35 0.15 12.810077 
-2.35 0.2 14.491879 
-2.35 0.25 16.792659 
-2.35 0.3 20.508966 
-2.35 0.35 26.246813 
-2.35 0.4 34.081015 
-2.35 0.45 44.242964 
-2.35 0.5 57.719193 
-2.35 0.55 76.166314 
-2.35 0.6 101.977717 
-2.35 0.65 139.342760 
-2.35 0.7 195.866032 
-2.35 0.75 287.005277 
-2.35 0.8 448.298421 
-2.3 -2 0.001154 
-2.3 -1.95 0.001154 
-2.3 -1.9 0.001155 
-2.3 -1.85 0.001155 
-2.3 -1.8 0.001155 
-2.3 -1.75 0.001155 
-2.3 -1.7 0.001154 
-2.3 -1.65 0.001155 
-2.3 -1.6 0.001155 
-2.3 -1.55 0.001155 
-2.3 -1.5 0.001156 
-2.3 -1.45 0.001155 
-2.3 -1.4 0.001155 
-2.3 -1.35 0.001155 
-2.3 -1.3 0.001156 
-2.3 -1.25 0.001156 
-2.3 -1.2 0.001156 
-2.3 -1.15 0.001157 
-2.3 -1.1 0.001157 
-2.3 -1.05 0.001157 
-2.3 -1 0.001151 
-2.3 -0.95 0.001158 
-2.3 -0.9 0.001149 
-2.3 -0.85 0.001119 
-2.3 -0.8 0.001209 
-2.3 -0.75 0.001211 
-2.3 -0.7 0.001153 
-2.3 -0.65 0.000479 
-2.3 -0.6 0.003466 
-2.3 -0.55 0.007289 
-2.3 -0.5 0.021697 
-2.3 -0.45 0.042017 
-2.3 -0.4 0.109915 
-2.3 -0.35 0.218950 
-2.3 -0.3 0.430259 
-2.3 -0.25 0.780253 
-2.3 -0.2 1.221256 
-2.3 -0.15 1.665030 
-2.3 -0.1 2.501773 
-2.3 -0.05 4.173197 
-2.3 0 6.419733 
-2.3 0.05 8.788451 
-2.3 0.1 10.982793 
-2.3 0.15 12.878103 
-2.3 0.2 14.568883 
-2.3 0.25 16.881945 
-2.3 0.3 20.618506 
-2.3 0.35 26.387612 
-2.3 0.4 34.264998 
-2.3 0.45 44.483484 
-2.3 0.5 58.036623 
-2.3 0.55 76.591067 
-2.3 0.6 102.556990 
-2.3 0.65 140.156270 
-2.3 0.7 197.054232 
-2.3 0.75 288.850263 
-2.3 0.8 451.447178 
-2.25 -2 0.001154 
-2.25 -1.95 0.001154 
-2.25 -1.9 0.001155 
-2.25 -1.85 0.001154 
-2.25 -1.8 0.001155 
-2.25 -1.75 0.001155 
-2.25 -1.7 0.001155 
-2.25 -1.65 0.001155 
-2.25 -1.6 0.001154 
-2.25 -1.55 0.001155 
-2.25 -1.5 0.001155 
-2.25 -1.45 0.001155 
-2.25 -1.4 0.001155 
-2.25 -1.35 0.001155 
-2.25 -1.3 0.001156 
-2.25 -1.25 0.001156 
-2.25 -1.2 0.001155 
-2.25 -1.15 0.001156 
-2.25 -1.1 0.001157 
-2.25 -1.05 0.001157 
-2.25 -1 0.001151 
-2.25 -0.95 0.001158 
-2.25 -0.9 0.001150 
-2.25 -0.85 0.001119 
-2.25 -0.8 0.001209 
-2.25 -0.75 0.001211 
-2.25 -0.7 0.001151 
-2.25 -0.65 0.000474 
-2.25 -0.6 0.003475 
-2.25 -0.55 0.007330 
-2.25 -0.5 0.021832 
-2.25 -0.45 0.042309 
-2.25 -0.4 0.110636 
-2.25 -0.35 0.220391 
-2.25 -0.3 0.433115 
-2.25 -0.25 0.785435 
-2.25 -0.2 1.229376 
-2.25 -0.15 1.676145 
-2.25 -0.1 2.518430 
-2.25 -0.05 4.200985 
-2.25 0 6.462514 
-2.25 0.05 8.846989 
-2.25 0.1 11.055791 
-2.25 0.15 12.963803 
-2.25 0.2 14.666014 
-2.25 0.25 16.994896 
-2.25 0.3 20.756924 
-2.25 0.35 26.565723 
-2.25 0.4 34.497423 
-2.25 0.45 44.787649 
-2.25 0.5 58.437569 
-2.25 0.55 77.127732 
-2.25 0.6 103.288711 
-2.25 0.65 141.184389 
-2.25 0.7 198.556464 
-2.25 0.75 291.182503 
-2.25 0.8 455.429430 
-2.2 -2 0.001154 
-2.2 -1.95 0.001155 
-2.2 -1.9 0.001155 
-2.2 -1.85 0.001155 
-2.2 -1.8 0.001154 
-2.2 -1.75 0.001155 
-2.2 -1.7 0.001155 
-2.2 -1.65 0.001155 
-2.2 -1.6 0.001155 
-2.2 -1.55 0.001154 
-2.2 -1.5 0.001156 
-2.2 -1.45 0.001155 
-2.2 -1.4 0.001155 
-2.2 -1.35 0.001155 
-2.2 -1.3 0.001156 
-2.2 -1.25 0.001156 
-2.2 -1.2 0.001155 
-2.2 -1.15 0.001156 
-2.2 -1.1 0.001156 
-2.2 -1.05 0.001157 
-2.2 -1 0.001151 
-2.2 -0.95 0.001157 
-2.2 -0.9 0.001149 
-2.2 -0.85 0.001119 
-2.2 -0.8 0.001209 
-2.2 -0.75 0.001211 
-2.2 -0.7 0.001149 
-2.2 -0.65 0.000468 
-2.2 -0.6 0.003487 
-2.2 -0.55 0.007381 
-2.2 -0.5 0.022001 
-2.2 -0.45 0.042684 
-2.2 -0.4 0.111551 
-2.2 -0.35 0.222215 
-2.2 -0.3 0.436705 
-2.2 -0.25 0.791978 
-2.2 -0.2 1.239638 
-2.2 -0.15 1.690157 
-2.2 -0.1 2.539498 
-2.2 -0.05 4.236093 
-2.2 0 6.516513 
-2.2 0.05 8.920944 
-2.2 0.1 11.148217 
-2.2 0.15 13.072179 
-2.2 0.2 14.788797 
-2.2 0.25 17.137639 
-2.2 0.3 20.931915 
-2.2 0.35 26.790595 
-2.2 0.4 34.791092 
-2.2 0.45 45.171819 
-2.2 0.5 58.943742 
-2.2 0.55 77.805505 
-2.2 0.6 104.214477 
-2.2 0.65 142.483732 
-2.2 0.7 200.455090 
-2.2 0.75 294.132127 
-2.2 0.8 460.473674 
-2.15 -2 0.001154 
-2.15 -1.95 0.001155 
-2.15 -1.9 0.001154 
-2.15 -1.85 0.001155 
-2.15 -1.8 0.001155 
-2.15 -1.75 0.001155 
-2.15 -1.7 0.001154 
-2.15 -1.65 0.001155 
-2.15 -1.6 0.001155 
-2.15 -1.55 0.001154 
-2.15 -1.5 0.001156 
-2.15 -1.45 0.001155 
-2.15 -1.4 0.001155 
-2.15 -1.35 0.001155 
-2.15 -1.3 0.001155 
-2.15 -1.25 0.001156 
-2.15 -1.2 0.001156 
-2.15 -1.15 0.001157 
-2.15 -1.1 0.001156 
-2.15 -1.05 0.001157 
-2.15 -1 0.001150 
-2.15 -0.95 0.001156 
-2.15 -0.9 0.001149 
-2.15 -0.85 0.001117 
-2.15 -0.8 0.001208 
-2.15 -0.75 0.001210 
-2.15 -0.7 0.001145 
-2.15 -0.65 0.000460 
-2.15 -0.6 0.003501 
-2.15 -0.55 0.007445 
-2.15 -0.5 0.022217 
-2.15 -0.45 0.043151 
-2.15 -0.4 0.112707 
-2.15 -0.35 0.224514 
-2.15 -0.3 0.441262 
-2.15 -0.25 0.800270 
-2.15 -0.2 1.252612 
-2.15 -0.15 1.707908 
-2.15 -0.1 2.566147 
-2.15 -0.05 4.280471 
-2.15 0 6.584854 
-2.15 0.05 9.014454 
-2.15 0.1 11.265018 
-2.15 0.15 13.209311 
-2.15 0.2 14.944246 
-2.15 0.25 17.318112 
-2.15 0.3 21.153071 
-2.15 0.35 27.075022 
-2.15 0.4 35.162485 
-2.15 0.45 45.657797 
-2.15 0.5 59.584603 
-2.15 0.55 78.663063 
-2.15 0.6 105.385448 
-2.15 0.65 144.129355 
-2.15 0.7 202.861750 
-2.15 0.75 297.871866 
-2.15 0.8 466.872904 
-2.1 -2 0.001155 
-2.1 -1.95 0.001155 
-2.1 -1.9 0.001154 
-2.1 -1.85 0.001155 
-2.1 -1.8 0.001155 
-2.1 -1.75 0.001155 
-2.1 -1.7 0.001155 
-2.1 -1.65 0.001155 
-2.1 -1.6 0.001155 
-2.1 -1.55 0.001155 
-2.1 -1.5 0.001156 
-2.1 -1.45 0.001155 
-2.1 -1.4 0.001154 
-2.1 -1.35 0.001155 
-2.1 -1.3 0.001156 
-2.1 -1.25 0.001156 
-2.1 -1.2 0.001154 
-2.1 -1.15 0.001156 
-2.1 -1.1 0.001155 
-2.1 -1.05 0.001155 
-2.1 -1 0.001149 
-2.1 -0.95 0.001157 
-2.1 -0.9 0.001148 
-2.1 -0.85 0.001118 
-2.1 -0.8 0.001209 
-2.1 -0.75 0.001211 
-2.1 -0.7 0.001142 
-2.1 -0.65 0.000449 
-2.1 -0.6 0.003521 
-2.1 -0.55 0.007526 
-2.1 -0.5 0.022489 
-2.1 -0.45 0.043747 
-2.1 -0.4 0.114171 
-2.1 -0.35 0.227432 
-2.1 -0.3 0.447025 
-2.1 -0.25 0.810764 
-2.1 -0.2 1.269045 
-2.1 -0.15 1.730384 
-2.1 -0.1 2.599906 
-2.1 -0.05 4.336704 
-2.1 0 6.671388 
-2.1 0.05 9.132907 
-2.1 0.1 11.412979 
-2.1 0.15 13.382889 
-2.1 0.2 15.140791 
-2.1 0.25 17.546557 
-2.1 0.3 21.433464 
-2.1 0.35 27.435315 
-2.1 0.4 35.633228 
-2.1 0.45 46.273640 
-2.1 0.5 60.396195 
-2.1 0.55 79.749621 
-2.1 0.6 106.869169 
-2.1 0.65 146.214450 
-2.1 0.7 205.913031 
-2.1 0.75 302.619234 
-2.1 0.8 475.008684 
-2.05 -2 0.001155 
-2.05 -1.95 0.001155 
-2.05 -1.9 0.001155 
-2.05 -1.85 0.001154 
-2.05 -1.8 0.001155 
-2.05 -1.75 0.001155 
-2.05 -1.7 0.001155 
-2.05 -1.65 0.001155 
-2.05 -1.6 0.001155 
-2.05 -1.55 0.001154 
-2.05 -1.5 0.001155 
-2.05 -1.45 0.001154 
-2.05 -1.4 0.001155 
-2.05 -1.35 0.001154 
-2.05 -1.3 0.001156 
-2.05 -1.25 0.001156 
-2.05 -1.2 0.001154 
-2.05 -1.15 0.001156 
-2.05 -1.1 0.001156 
-2.05 -1.05 0.001156 
-2.05 -1 0.001148 
-2.05 -0.95 0.001155 
-2.05 -0.9 0.001146 
-2.05 -0.85 0.001117 
-2.05 -0.8 0.001209 
-2.05 -0.75 0.001210 
-2.05 -0.7 0.001137 
-2.05 -0.65 0.000438 
-2.05 -0.6 0.003545 
-2.05 -0.55 0.007630 
-2.05 -0.5 0.022839 
-2.05 -0.45 0.044503 
-2.05 -0.4 0.116028 
-2.05 -0.35 0.231130 
-2.05 -0.3 0.454346 
-2.05 -0.25 0.824066 
-2.05 -0.2 1.289879 
-2.05 -0.15 1.758905 
-2.05 -0.1 2.642704 
-2.05 -0.05 4.408050 
-2.05 0 6.781182 
-2.05 0.05 9.283258 
-2.05 0.1 11.600611 
-2.05 0.15 13.602989 
-2.05 0.2 15.390180 
-2.05 0.25 17.836391 
-2.05 0.3 21.788836 
-2.05 0.35 27.892381 
-2.05 0.4 36.230297 
-2.05 0.45 47.054668 
-2.05 0.5 61.426021 
-2.05 0.55 81.128404 
-2.05 0.6 108.753092 
-2.05 0.65 148.862040 
-2.05 0.7 209.789687 
-2.05 0.75 308.653525 
-2.05 0.8 485.375586 
-2 -2 0.001155 
-2 -1.95 0.001154 
-2 -1.9 0.001155 
-2 -1.85 0.001155 
-2 -1.8 0.001155 
-2 -1.75 0.001155 
-2 -1.7 0.001155 
-2 -1.65 0.001155 
-2 -1.6 0.001154 
-2 -1.55 0.001154 
-2 -1.5 0.001156 
-2 -1.45 0.001155 
-2 -1.4 0.001154 
-2 -1.35 0.001155 
-2 -1.3 0.001156 
-2 -1.25 0.001156 
-2 -1.2 0.001154 
-2 -1.15 0.001155 
-2 -1.1 0.001155 
-2 -1.05 0.001156 
-2 -1 0.001148 
-2 -0.95 0.001155 
-2 -0.9 0.001145 
-2 -0.85 0.001116 
-2 -0.8 0.001209 
-2 -0.75 0.001210 
-2 -0.7 0.001132 
-2 -0.65 0.000423 
-2 -0.6 0.003575 
-2 -0.55 0.007762 
-2 -0.5 0.023277 
-2 -0.45 0.045463 
-2 -0.4 0.118389 
-2 -0.35 0.235829 
-2 -0.3 0.463649 
-2 -0.25 0.840975 
-2 -0.2 1.316391 
-2 -0.15 1.795142 
-2 -0.1 2.697112 
-2 -0.05 4.498694 
-2 0 6.920718 
-2 0.05 9.474193 
-2 0.1 11.839024 
-2 0.15 13.882793 
-2 0.2 15.707150 
-2 0.25 18.204749 
-2 0.3 22.240465 
-2 0.35 28.473346 
-2 0.4 36.989295 
-2 0.45 48.047618 
-2 0.5 62.735192 
-2 0.55 82.881775 
-2 0.6 111.148241 
-2 0.65 152.230974 
-2 0.7 214.725204 
-2 0.75 316.353073 
-2 0.8 498.629828 
-1.95 -2 0.001154 
-1.95 -1.95 0.001155 
-1.95 -1.9 0.001154 
-1.95 -1.85 0.001154 
-1.95 -1.8 0.001155 
-1.95 -1.75 0.001155 
-1.95 -1.7 0.001155 
-1.95 -1.65 0.001155 
-1.95 -1.6 0.001155 
-1.95 -1.55 0.001155 
-1.95 -1.5 0.001156 
-1.95 -1.45 0.001155 
-1.95 -1.4 0.001154 
-1.95 -1.35 0.001154 
-1.95 -1.3 0.001155 
-1.95 -1.25 0.001156 
-1.95 -1.2 0.001154 
-1.95 -1.15 0.001156 
-1.95 -1.1 0.001155 
-1.95 -1.05 0.001154 
-1.95 -1 0.001147 
-1.95 -0.95 0.001154 
-1.95 -0.9 0.001145 
-1.95 -0.85 0.001115 
-1.95 -0.8 0.001210 
-1.95 -0.75 0.001209 
-1.95 -0.7 0.001125 
-1.95 -0.65 0.000404 
-1.95 -0.6 0.003615 
-1.95 -0.55 0.007930 
-1.95 -0.5 0.023838 
-1.95 -0.45 0.046690 
-1.95 -0.4 0.121399 
-1.95 -0.35 0.241816 
-1.95 -0.3 0.475490 
-1.95 -0.25 0.862529 
-1.95 -0.2 1.350137 
-1.95 -0.15 1.841298 
-1.95 -0.1 2.766371 
-1.95 -0.05 4.614169 
-1.95 0 7.098382 
-1.95 0.05 9.717371 
-1.95 0.1 12.142728 
-1.95 0.15 14.239204 
-1.95 0.2 16.110839 
-1.95 0.25 18.673862 
-1.95 0.3 22.815723 
-1.95 0.35 29.213034 
-1.95 0.4 37.955630 
-1.95 0.45 49.312514 
-1.95 0.5 64.403460 
-1.95 0.55 85.116220 
-1.95 0.6 114.201990 
-1.95 0.65 156.528669 
-1.95 0.7 221.027766 
-1.95 0.75 326.197067 
-1.95 0.8 515.637444 
-1.9 -2 0.001155 
-1.9 -1.95 0.001154 
-1.9 -1.9 0.001155 
-1.9 -1.85 0.001155 
-1.9 -1.8 0.001155 
-1.9 -1.75 0.001155 
-1.9 -1.7 0.001155 
-1.9 -1.65 0.001155 
-1.9 -1.6 0.001154 
-1.9 -1.55 0.001154 
-1.9 -1.5 0.001155 
-1.9 -1.45 0.001154 
-1.9 -1.4 0.001155 
-1.9 -1.35 0.001154 
-1.9 -1.3 0.001155 
-1.9 -1.25 0.001155 
-1.9 -1.2 0.001153 
-1.9 -1.15 0.001155 
-1.9 -1.1 0.001154 
-1.9 -1.05 0.001154 
-1.9 -1 0.001146 
-1.9 -0.95 0.001152 
-1.9 -0.9 0.001143 
-1.9 -0.85 0.001113 
-1.9 -0.8 0.001212 
-1.9 -0.75 0.001209 
-1.9 -0.7 0.001117 
-1.9 -0.65 0.000381 
-1.9 -0.6 0.003665 
-1.9 -0.55 0.008146 
-1.9 -0.5 0.024554 
-1.9 -0.45 0.048258 
-1.9 -0.4 0.125236 
-1.9 -0.35 0.249464 
-1.9 -0.3 0.490620 
-1.9 -0.25 0.890053 
-1.9 -0.2 1.393226 
-1.9 -0.15 1.900262 
-1.9 -0.1 2.854926 
-1.9 -0.05 4.761639 
-1.9 0 7.325321 
-1.9 0.05 10.027920 
-1.9 0.1 12.530433 
-1.9 0.15 14.694211 
-1.9 0.2 16.626391 
-1.9 0.25 19.273071 
-1.9 0.3 23.550472 
-1.9 0.35 30.158126 
-1.9 0.4 39.190613 
-1.9 0.45 50.928552 
-1.9 0.5 66.535489 
-1.9 0.55 87.972760 
-1.9 0.6 118.108559 
-1.9 0.65 162.029129 
-1.9 0.7 229.105613 
-1.9 0.75 338.840711 
-1.9 0.8 537.560932 
-1.85 -2 0.001154 
-1.85 -1.95 0.001155 
-1.85 -1.9 0.001155 
-1.85 -1.85 0.001155 
-1.85 -1.8 0.001155 
-1.85 -1.75 0.001155 
-1.85 -1.7 0.001155 
-1.85 -1.65 0.001155 
-1.85 -1.6 0.001154 
-1.85 -1.55 0.001154 
-1.85 -1.5 0.001156 
-1.85 -1.45 0.001154 
-1.85 -1.4 0.001154 
-1.85 -1.35 0.001154 
-1.85 -1.3 0.001155 
-1.85 -1.25 0.001154 
-1.85 -1.2 0.001153 
-1.85 -1.15 0.001154 
-1.85 -1.1 0.001154 
-1.85 -1.05 0.001153 
-1.85 -1 0.001144 
-1.85 -0.95 0.001150 
-1.85 -0.9 0.001140 
-1.85 -0.85 0.001112 
-1.85 -0.8 0.001213 
-1.85 -0.75 0.001208 
-1.85 -0.7 0.001107 
-1.85 -0.65 0.000353 
-1.85 -0.6 0.003732 
-1.85 -0.55 0.008422 
-1.85 -0.5 0.025473 
-1.85 -0.45 0.050267 
-1.85 -0.4 0.130160 
-1.85 -0.35 0.259278 
-1.85 -0.3 0.510007 
-1.85 -0.25 0.925328 
-1.85 -0.2 1.448473 
-1.85 -0.15 1.975833 
-1.85 -0.1 2.968389 
-1.85 -0.05 4.950649 
-1.85 0 7.616221 
-1.85 0.05 10.425975 
-1.85 0.1 13.027410 
-1.85 0.15 15.277362 
-1.85 0.2 17.286918 
-1.85 0.25 20.040935 
-1.85 0.3 24.492456 
-1.85 0.35 31.369514 
-1.85 0.4 40.773542 
-1.85 0.45 53.001145 
-1.85 0.5 69.270498 
-1.85 0.55 91.637513 
-1.85 0.6 123.123896 
-1.85 0.65 169.097670 
-1.85 0.7 239.499007 
-1.85 0.75 355.157444 
-1.85 0.8 565.996575 
-1.8 -2 0.001155 
-1.8 -1.95 0.001155 
-1.8 -1.9 0.001155 
-1.8 -1.85 0.001155 
-1.8 -1.8 0.001154 
-1.8 -1.75 0.001155 
-1.8 -1.7 0.001155 
-1.8 -1.65 0.001155 
-1.8 -1.6 0.001155 
-1.8 -1.55 0.001154 
-1.8 -1.5 0.001156 
-1.8 -1.45 0.001154 
-1.8 -1.4 0.001154 
-1.8 -1.35 0.001154 
-1.8 -1.3 0.001155 
-1.8 -1.25 0.001154 
-1.8 -1.2 0.001152 
-1.8 -1.15 0.001154 
-1.8 -1.1 0.001152 
-1.8 -1.05 0.001151 
-1.8 -1 0.001143 
-1.8 -0.95 0.001147 
-1.8 -0.9 0.001137 
-1.8 -0.85 0.001110 
-1.8 -0.8 0.001215 
-1.8 -0.75 0.001208 
-1.8 -0.7 0.001095 
-1.8 -0.65 0.000320 
-1.8 -0.6 0.003818 
-1.8 -0.55 0.008783 
-1.8 -0.5 0.026657 
-1.8 -0.45 0.052865 
-1.8 -0.4 0.136498 
-1.8 -0.35 0.271901 
-1.8 -0.3 0.534960 
-1.8 -0.25 0.970739 
-1.8 -0.2 1.519568 
-1.8 -0.15 2.073140 
-1.8 -0.1 3.114483 
-1.8 -0.05 5.193935 
-1.8 0 7.990622 
-1.8 0.05 10.938174 
-1.8 0.1 13.666855 
-1.8 0.15 16.027729 
-1.8 0.2 18.137229 
-1.8 0.25 21.029178 
-1.8 0.3 25.704707 
-1.8 0.35 32.929070 
-1.8 0.4 42.811818 
-1.8 0.45 55.669802 
-1.8 0.5 72.792137 
-1.8 0.55 96.360645 
-1.8 0.6 129.589703 
-1.8 0.65 178.222544 
-1.8 0.7 252.944164 
-1.8 0.75 376.330278 
-1.8 0.8 603.127280 
-1.75 -2 0.001154 
-1.75 -1.95 0.001154 
-1.75 -1.9 0.001155 
-1.75 -1.85 0.001155 
-1.75 -1.8 0.001155 
-1.75 -1.75 0.001155 
-1.75 -1.7 0.001155 
-1.75 -1.65 0.001155 
-1.75 -1.6 0.001154 
-1.75 -1.55 0.001154 
-1.75 -1.5 0.001155 
-1.75 -1.45 0.001154 
-1.75 -1.4 0.001153 
-1.75 -1.35 0.001153 
-1.75 -1.3 0.001155 
-1.75 -1.25 0.001154 
-1.75 -1.2 0.001151 
-1.75 -1.15 0.001153 
-1.75 -1.1 0.001152 
-1.75 -1.05 0.001150 
-1.75 -1 0.001140 
-1.75 -0.95 0.001145 
-1.75 -0.9 0.001134 
-1.75 -0.85 0.001108 
-1.75 -0.8 0.001217 
-1.75 -0.75 0.001208 
-1.75 -0.7 0.001081 
-1.75 -0.65 0.000280 
-1.75 -0.6 0.003932 
-1.75 -0.55 0.009250 
-1.75 -0.5 0.028190 
-1.75 -0.45 0.056227 
-1.75 -0.4 0.144700 
-1.75 -0.35 0.288229 
-1.75 -0.3 0.567256 
-1.75 -0.25 1.029476 
-1.75 -0.2 1.611577 
-1.75 -0.15 2.199083 
-1.75 -0.1 3.303447 
-1.75 -0.05 5.508666 
-1.75 0 8.474877 
-1.75 0.05 11.600599 
-1.75 0.1 14.493837 
-1.75 0.15 16.998027 
-1.75 0.2 19.236764 
-1.75 0.25 22.307561 
-1.75 0.3 27.273021 
-1.75 0.35 34.947284 
-1.75 0.4 45.449338 
-1.75 0.45 59.123636 
-1.75 0.5 77.352595 
-1.75 0.55 102.479880 
-1.75 0.6 137.976124 
-1.75 0.65 190.073430 
-1.75 0.7 270.445798 
-1.75 0.75 404.005435 
-1.75 0.8 652.048132 
-1.7 -2 0.001154 
-1.7 -1.95 0.001155 
-1.7 -1.9 0.001154 
-1.7 -1.85 0.001154 
-1.7 -1.8 0.001154 
-1.7 -1.75 0.001154 
-1.7 -1.7 0.001155 
-1.7 -1.65 0.001155 
-1.7 -1.6 0.001154 
-1.7 -1.55 0.001153 
-1.7 -1.5 0.001156 
-1.7 -1.45 0.001154 
-1.7 -1.4 0.001153 
-1.7 -1.35 0.001153 
-1.7 -1.3 0.001154 
-1.7 -1.25 0.001154 
-1.7 -1.2 0.001150 
-1.7 -1.15 0.001152 
-1.7 -1.1 0.001150 
-1.7 -1.05 0.001148 
-1.7 -1 0.001137 
-1.7 -0.95 0.001142 
-1.7 -0.9 0.001129 
-1.7 -0.85 0.001105 
-1.7 -0.8 0.001220 
-1.7 -0.75 0.001209 
-1.7 -0.7 0.001065 
-1.7 -0.65 0.000233 
-1.7 -0.6 0.004084 
-1.7 -0.55 0.009862 
-1.7 -0.5 0.030189 
-1.7 -0.45 0.060612 
-1.7 -0.4 0.155377 
-1.7 -0.35 0.309492 
-1.7 -0.3 0.609283 
-1.7 -0.25 1.105932 
-1.7 -0.2 1.731330 
-1.7 -0.15 2.363000 
-1.7 -0.1 3.549497 
-1.7 -0.05 5.918343 
-1.7 0 9.105108 
-1.7 0.05 12.462620 
-1.7 0.1 15.569617 
-1.7 0.15 18.260528 
-1.7 0.2 20.667280 
-1.7 0.25 23.971047 
-1.7 0.3 29.314416 
-1.7 0.35 37.573894 
-1.7 0.4 48.883150 
-1.7 0.45 63.622013 
-1.7 0.5 83.295233 
-1.7 0.55 110.457313 
-1.7 0.6 148.920627 
-1.7 0.65 205.564726 
-1.7 0.7 293.394158 
-1.7 0.75 440.486942 
-1.7 0.8 717.171985 
-1.65 -2 0.001154 
-1.65 -1.95 0.001155 
-1.65 -1.9 0.001155 
-1.65 -1.85 0.001155 
-1.65 -1.8 0.001154 
-1.65 -1.75 0.001155 
-1.65 -1.7 0.001154 
-1.65 -1.65 0.001155 
-1.65 -1.6 0.001154 
-1.65 -1.55 0.001153 
-1.65 -1.5 0.001155 
-1.65 -1.45 0.001153 
-1.65 -1.4 0.001153 
-1.65 -1.35 0.001152 
-1.65 -1.3 0.001153 
-1.65 -1.25 0.001153 
-1.65 -1.2 0.001149 
-1.65 -1.15 0.001150 
-1.65 -1.1 0.001148 
-1.65 -1.05 0.001146 
-1.65 -1 0.001132 
-1.65 -0.95 0.001138 
-1.65 -0.9 0.001124 
-1.65 -0.85 0.001102 
-1.65 -0.8 0.001225 
-1.65 -0.75 0.001212 
-1.65 -0.7 0.001049 
-1.65 -0.65 0.000181 
-1.65 -0.6 0.004288 
-1.65 -0.55 0.010671 
-1.65 -0.5 0.032808 
-1.65 -0.45 0.066381 
-1.65 -0.4 0.169379 
-1.65 -0.35 0.337349 
-1.65 -0.3 0.664383 
-1.65 -0.25 1.206137 
-1.65 -0.2 1.888292 
-1.65 -0.15 2.577912 
-1.65 -0.1 3.872057 
-1.65 -0.05 6.455322 
-1.65 0 9.930887 
-1.65 0.05 13.592122 
-1.65 0.1 16.978970 
-1.65 0.15 19.914241 
-1.65 0.2 22.541293 
-1.65 0.25 26.150736 
-1.65 0.3 31.989664 
-1.65 0.35 41.017351 
-1.65 0.4 53.385651 
-1.65 0.45 69.522042 
-1.65 0.5 91.092945 
-1.65 0.55 120.936132 
-1.65 0.6 163.315097 
-1.65 0.65 225.984012 
-1.65 0.7 323.748506 
-1.65 0.75 489.066513 
-1.65 0.8 804.998945 
-1.6 -2 0.001155 
-1.6 -1.95 0.001155 
-1.6 -1.9 0.001154 
-1.6 -1.85 0.001155 
-1.6 -1.8 0.001154 
-1.6 -1.75 0.001155 
-1.6 -1.7 0.001155 
-1.6 -1.65 0.001155 
-1.6 -1.6 0.001153 
-1.6 -1.55 0.001153 
-1.6 -1.5 0.001156 
-1.6 -1.45 0.001153 
-1.6 -1.4 0.001151 
-1.6 -1.35 0.001151 
-1.6 -1.3 0.001153 
-1.6 -1.25 0.001152 
-1.6 -1.2 0.001147 
-1.6 -1.15 0.001148 
-1.6 -1.1 0.001146 
-1.6 -1.05 0.001142 
-1.6 -1 0.001128 
-1.6 -0.95 0.001134 
-1.6 -0.9 0.001117 
-1.6 -0.85 0.001099 
-1.6 -0.8 0.001231 
-1.6 -0.75 0.001219 
-1.6 -0.7 0.001034 
-1.6 -0.65 0.000124 
-1.6 -0.6 0.004565 
-1.6 -0.55 0.011750 
-1.6 -0.5 0.036277 
-1.6 -0.45 0.074028 
-1.6 -0.4 0.187890 
-1.6 -0.35 0.374185 
-1.6 -0.3 0.737221 
-1.6 -0.25 1.338605 
-1.6 -0.2 2.095750 
-1.6 -0.15 2.862050 
-1.6 -0.1 4.298546 
-1.6 -0.05 7.164949 
-1.6 0 11.022184 
-1.6 0.05 15.084225 
-1.6 0.1 18.840605 
-1.6 0.15 22.098313 
-1.6 0.2 25.016581 
-1.6 0.25 29.029969 
-1.6 0.3 35.524849 
-1.6 0.35 45.568605 
-1.6 0.4 59.338608 
-1.6 0.45 77.326029 
-1.6 0.5 101.413974 
-1.6 0.55 134.817381 
-1.6 0.6 182.415105 
-1.6 0.65 253.149369 
-1.6 0.7 364.322399 
-1.6 0.75 554.529351 
-1.55 -2 0.001155 
-1.55 -1.95 0.001154 
-1.55 -1.9 0.001154 
-1.55 -1.85 0.001155 
-1.55 -1.8 0.001154 
-1.55 -1.75 0.001154 
-1.55 -1.7 0.001154 
-1.55 -1.65 0.001155 
-1.55 -1.6 0.001152 
-1.55 -1.55 0.001152 
-1.55 -1.5 0.001155 
-1.55 -1.45 0.001152 
-1.55 -1.4 0.001151 
-1.55 -1.35 0.001150 
-1.55 -1.3 0.001152 
-1.55 -1.25 0.001151 
-1.55 -1.2 0.001146 
-1.55 -1.15 0.001147 
-1.55 -1.1 0.001144 
-1.55 -1.05 0.001139 
-1.55 -1 0.001122 
-1.55 -0.95 0.001127 
-1.55 -0.9 0.001110 
-1.55 -0.85 0.001094 
-1.55 -0.8 0.001240 
-1.55 -0.75 0.001229 
-1.55 -0.7 0.001022 
-1.55 -0.65 0.000068 
-1.55 -0.6 0.004947 
-1.55 -0.55 0.013205 
-1.55 -0.5 0.040909 
-1.55 -0.45 0.084266 
-1.55 -0.4 0.212592 
-1.55 -0.35 0.423333 
-1.55 -0.3 0.834379 
-1.55 -0.25 1.515316 
-1.55 -0.2 2.372594 
-1.55 -0.15 3.241396 
-1.55 -0.1 4.867731 
-1.55 -0.05 8.111776 
-1.55 0 12.477761 
-1.55 0.05 17.073669 
-1.55 0.1 21.321996 
-1.55 0.15 25.009358 
-1.55 0.2 28.316033 
-1.55 0.25 32.868993 
-1.55 0.3 40.239297 
-1.55 0.35 51.640308 
-1.55 0.4 67.282898 
-1.55 0.45 87.745977 
-1.55 0.5 115.203371 
-1.55 0.55 153.388327 
-1.55 0.6 208.016838 
-1.55 0.65 289.680358 
-1.55 0.7 419.194314 
-1.55 0.75 643.986243 
-1.5 -2 0.001155 
-1.5 -1.95 0.001155 
-1.5 -1.9 0.001154 
-1.5 -1.85 0.001155 
-1.5 -1.8 0.001154 
-1.5 -1.75 0.001154 
-1.5 -1.7 0.001154 
-1.5 -1.65 0.001155 
-1.5 -1.6 0.001153 
-1.5 -1.55 0.001152 
-1.5 -1.5 0.001156 
-1.5 -1.45 0.001151 
-1.5 -1.4 0.001150 
-1.5 -1.35 0.001149 
-1.5 -1.3 0.001151 
-1.5 -1.25 0.001150 
-1.5 -1.2 0.001142 
-1.5 -1.15 0.001144 
-1.5 -1.1 0.001140 
-1.5 -1.05 0.001135 
-1.5 -1 0.001114 
-1.5 -0.95 0.001120 
-1.5 -0.9 0.001100 
-1.5 -0.85 0.001091 
-1.5 -0.8 0.001253 
-1.5 -0.75 0.001248 
-1.5 -0.7 0.001020 
-1.5 -0.65 0.000021 
-1.5 -0.6 0.005478 
-1.5 -0.55 0.015190 
-1.5 -0.5 0.047168 
-1.5 -0.45 0.098131 
-1.5 -0.4 0.245911 
-1.5 -0.35 0.489583 
-1.5 -0.3 0.965412 
-1.5 -0.25 1.753606 
-1.5 -0.2 2.745931 
-1.5 -0.15 3.753170 
-1.5 -0.1 5.635523 
-1.5 -0.05 9.388365 
-1.5 0 14.439871 
-1.5 0.05 19.754194 
-1.5 0.1 24.663878 
-1.5 0.15 28.929744 
-1.5 0.2 32.759770 
-1.5 0.25 38.040793 
-1.5 0.3 46.593665 
-1.5 0.35 59.824701 
-1.5 0.4 77.995983 
-1.5 0.45 101.805991 
-1.5 0.5 133.827789 
-1.5 0.55 178.504907 
-1.5 0.6 242.723262 
-1.5 0.65 339.407471 
-1.5 0.7 494.407441 
-1.5 0.75 768.211583 
-1.45 -2 0.001155 
-1.45 -1.95 0.001155 
-1.45 -1.9 0.001154 
-1.45 -1.85 0.001154 
-1.45 -1.8 0.001154 
-1.45 -1.75 0.001155 
-1.45 -1.7 0.001155 
-1.45 -1.65 0.001154 
-1.45 -1.6 0.001152 
-1.45 -1.55 0.001151 
-1.45 -1.5 0.001155 
-1.45 -1.45 0.001150 
-1.45 -1.4 0.001148 
-1.45 -1.35 0.001147 
-1.45 -1.3 0.001150 
-1.45 -1.25 0.001148 
-1.45 -1.2 0.001139 
-1.45 -1.15 0.001141 
-1.45 -1.1 0.001135 
-1.45 -1.05 0.001130 
-1.45 -1 0.001104 
-1.45 -0.95 0.001111 
-1.45 -0.9 0.001089 
-1.45 -0.85 0.001089 
-1.45 -0.8 0.001273 
-1.45 -0.75 0.001281 
-1.45 -0.7 0.001037 
-1.45 -0.65 0.000000 
-1.45 -0.6 0.006229 
-1.45 -0.55 0.017925 
-1.45 -0.5 0.055715 
-1.45 -0.45 0.117124 
-1.45 -0.4 0.291375 
-1.45 -0.35 0.579974 
-1.45 -0.3 1.144126 
-1.45 -0.25 2.078674 
-1.45 -0.2 3.255315 
-1.45 -0.15 4.451642 
-1.45 -0.1 6.683445 
-1.45 -0.05 11.129823 
-1.45 0 17.115181 
-1.45 0.05 23.407459 
-1.45 0.1 29.216515 
-1.45 0.15 34.268714 
-1.45 0.2 38.811894 
-1.45 0.25 45.087238 
-1.45 0.3 55.254196 
-1.45 0.35 70.985129 
-1.45 0.4 92.609438 
-1.45 0.45 120.995339 
-1.45 0.5 159.275977 
-1.45 0.55 212.882384 
-1.45 0.6 290.364719 
-1.45 0.65 407.995133 
-1.45 0.7 599.069888 
-1.45 0.75 943.930353 
-1.4 -2 0.001154 
-1.4 -1.95 0.001154 
-1.4 -1.9 0.001154 
-1.4 -1.85 0.001155 
-1.4 -1.8 0.001153 
-1.4 -1.75 0.001154 
-1.4 -1.7 0.001155 
-1.4 -1.65 0.001154 
-1.4 -1.6 0.001151 
-1.4 -1.55 0.001150 
-1.4 -1.5 0.001155 
-1.4 -1.45 0.001150 
-1.4 -1.4 0.001147 
-1.4 -1.35 0.001145 
-1.4 -1.3 0.001149 
-1.4 -1.25 0.001146 
-1.4 -1.2 0.001135 
-1.4 -1.15 0.001138 
-1.4 -1.1 0.001131 
-1.4 -1.05 0.001123 
-1.4 -1 0.001093 
-1.4 -0.95 0.001100 
-1.4 -0.9 0.001076 
-1.4 -0.85 0.001088 
-1.4 -0.8 0.001301 
-1.4 -0.75 0.001335 
-1.4 -0.7 0.001089 
-1.4 -0.65 0.000034 
-1.4 -0.6 0.007304 
-1.4 -0.55 0.021754 
-1.4 -0.5 0.067542 
-1.4 -0.45 0.143471 
-1.4 -0.4 0.354183 
-1.4 -0.35 0.704806 
-1.4 -0.3 1.390978 
-1.4 -0.25 2.527643 
-1.4 -0.2 3.958993 
-1.4 -0.15 5.417197 
-1.4 -0.1 8.131803 
-1.4 -0.05 13.535277 
-1.4 0 20.808407 
-1.4 0.05 28.447506 
-1.4 0.1 35.493171 
-1.4 0.15 41.627560 
-1.4 0.2 47.154171 
-1.4 0.25 54.803494 
-1.4 0.3 67.201853 
-1.4 0.35 86.386718 
-1.4 0.4 112.786636 
-1.4 0.45 147.510967 
-1.4 0.5 194.481864 
-1.4 0.55 260.538668 
-1.4 0.6 356.638048 
-1.4 0.65 503.985782 
-1.4 0.7 747.138832 
-1.35 -2 0.001154 
-1.35 -1.95 0.001155 
-1.35 -1.9 0.001154 
-1.35 -1.85 0.001155 
-1.35 -1.8 0.001153 
-1.35 -1.75 0.001154 
-1.35 -1.7 0.001155 
-1.35 -1.65 0.001154 
-1.35 -1.6 0.001150 
-1.35 -1.55 0.001149 
-1.35 -1.5 0.001155 
-1.35 -1.45 0.001148 
-1.35 -1.4 0.001144 
-1.35 -1.35 0.001142 
-1.35 -1.3 0.001146 
-1.35 -1.25 0.001143 
-1.35 -1.2 0.001130 
-1.35 -1.15 0.001134 
-1.35 -1.1 0.001125 
-1.35 -1.05 0.001114 
-1.35 -1 0.001079 
-1.35 -0.95 0.001090 
-1.35 -0.9 0.001062 
-1.35 -0.85 0.001094 
-1.35 -0.8 0.001344 
-1.35 -0.75 0.001426 
-1.35 -0.7 0.001205 
-1.35 -0.65 0.000172 
-1.35 -0.6 0.008861 
-1.35 -0.55 0.027175 
-1.35 -0.5 0.084116 
-1.35 -0.45 0.180502 
-1.35 -0.4 0.442094 
-1.35 -0.35 0.879432 
-1.35 -0.3 1.736340 
-1.35 -0.25 3.155789 
-1.35 -0.2 4.943985 
-1.35 -0.15 6.769682 
-1.35 -0.1 10.160110 
-1.35 -0.05 16.901484 
-1.35 0 25.973033 
-1.35 0.05 35.489994 
-1.35 0.1 44.256662 
-1.35 0.15 51.897782 
-1.35 0.2 58.796827 
-1.35 0.25 68.369090 
-1.35 0.3 83.892039 
-1.35 0.35 107.911904 
-1.35 0.4 140.999639 
-1.35 0.45 184.616486 
-1.35 0.5 243.818981 
-1.35 0.55 327.485726 
-1.35 0.6 450.128670 
-1.35 0.65 640.399221 
-1.35 0.7 960.443672 
-1.3 -2 0.001154 
-1.3 -1.95 0.001155 
-1.3 -1.9 0.001154 
-1.3 -1.85 0.001154 
-1.3 -1.8 0.001153 
-1.3 -1.75 0.001154 
-1.3 -1.7 0.001154 
-1.3 -1.65 0.001154 
-1.3 -1.6 0.001148 
-1.3 -1.55 0.001147 
-1.3 -1.5 0.001155 
-1.3 -1.45 0.001146 
-1.3 -1.4 0.001142 
-1.3 -1.35 0.001140 
-1.3 -1.3 0.001144 
-1.3 -1.25 0.001141 
-1.3 -1.2 0.001124 
-1.3 -1.15 0.001128 
-1.3 -1.1 0.001117 
-1.3 -1.05 0.001104 
-1.3 -1 0.001063 
-1.3 -0.95 0.001076 
-1.3 -0.9 0.001047 
-1.3 -0.85 0.001108 
-1.3 -0.8 0.001411 
-1.3 -0.75 0.001572 
-1.3 -0.7 0.001428 
-1.3 -0.65 0.000497 
-1.3 -0.6 0.011147 
-1.3 -0.55 0.034966 
-1.3 -0.5 0.107656 
-1.3 -0.45 0.233259 
-1.3 -0.4 0.566776 
-1.3 -0.35 1.127011 
-1.3 -0.3 2.225986 
-1.3 -0.25 4.046496 
-1.3 -0.2 6.341373 
-1.3 -0.15 8.689790 
-1.3 -0.1 13.039134 
-1.3 -0.05 21.675585 
-1.3 0 33.291371 
-1.3 0.05 45.458720 
-1.3 0.1 56.648628 
-1.3 0.15 66.412590 
-1.3 0.2 75.249509 
-1.3 0.25 87.548530 
-1.3 0.3 107.503154 
-1.3 0.35 138.376009 
-1.3 0.4 180.952305 
-1.3 0.45 237.208976 
-1.3 0.5 313.863775 
-1.3 0.55 422.808860 
-1.3 0.6 583.920803 
-1.3 0.65 837.393083 
-1.3 0.7 1273.730131 
-1.25 -2 0.001154 
-1.25 -1.95 0.001155 
-1.25 -1.9 0.001154 
-1.25 -1.85 0.001154 
-1.25 -1.8 0.001152 
-1.25 -1.75 0.001154 
-1.25 -1.7 0.001153 
-1.25 -1.65 0.001153 
-1.25 -1.6 0.001147 
-1.25 -1.55 0.001145 
-1.25 -1.5 0.001155 
-1.25 -1.45 0.001143 
-1.25 -1.4 0.001139 
-1.25 -1.35 0.001135 
-1.25 -1.3 0.001141 
-1.25 -1.25 0.001137 
-1.25 -1.2 0.001116 
-1.25 -1.15 0.001120 
-1.25 -1.1 0.001108 
-1.25 -1.05 0.001092 
-1.25 -1 0.001043 
-1.25 -0.95 0.001063 
-1.25 -0.9 0.001032 
-1.25 -0.85 0.001136 
-1.25 -0.8 0.001510 
-1.25 -0.75 0.001811 
-1.25 -0.7 0.001832 
-1.25 -0.65 0.001144 
-1.25 -0.6 0.014540 
-1.25 -0.55 0.046284 
-1.25 -0.5 0.141519 
-1.25 -0.45 0.309377 
-1.25 -0.4 0.745924 
-1.25 -0.35 1.482589 
-1.25 -0.3 2.929321 
-1.25 -0.25 5.326210 
-1.25 -0.2 8.350365 
-1.25 -0.15 11.452782 
-1.25 -0.1 17.181295 
-1.25 -0.05 28.537097 
-1.25 0 43.797988 
-1.25 0.05 59.750635 
-1.25 0.1 74.391547 
-1.25 0.15 87.179121 
-1.25 0.2 98.785721 
-1.25 0.25 114.999342 
-1.25 0.3 141.318788 
-1.25 0.35 182.030139 
-1.25 0.4 238.232106 
-1.25 0.45 312.689139 
-1.25 0.5 414.582771 
-1.25 0.55 560.344138 
-1.25 0.6 778.138934 
-1.25 0.65 1126.581225 
-1.2 -2 0.001154 
-1.2 -1.95 0.001154 
-1.2 -1.9 0.001154 
-1.2 -1.85 0.001153 
-1.2 -1.8 0.001151 
-1.2 -1.75 0.001154 
-1.2 -1.7 0.001153 
-1.2 -1.65 0.001153 
-1.2 -1.6 0.001145 
-1.2 -1.55 0.001144 
-1.2 -1.5 0.001155 
-1.2 -1.45 0.001141 
-1.2 -1.4 0.001135 
-1.2 -1.35 0.001131 
-1.2 -1.3 0.001138 
-1.2 -1.25 0.001133 
-1.2 -1.2 0.001106 
-1.2 -1.15 0.001112 
-1.2 -1.1 0.001098 
-1.2 -1.05 0.001078 
-1.2 -1 0.001021 
-1.2 -0.95 0.001052 
-1.2 -0.9 0.001023 
-1.2 -0.85 0.001191 
-1.2 -0.8 0.001663 
-1.2 -0.75 0.002198 
-1.2 -0.7 0.002540 
-1.2 -0.65 0.002342 
-1.2 -0.6 0.019633 
-1.2 -0.55 0.062943 
-1.2 -0.5 0.190870 
-1.2 -0.45 0.420563 
-1.2 -0.4 1.006623 
-1.2 -0.35 1.999787 
-1.2 -0.3 3.952449 
-1.2 -0.25 7.188423 
-1.2 -0.2 11.276675 
-1.2 -0.15 15.481486 
-1.2 -0.1 23.219198 
-1.2 -0.05 38.527350 
-1.2 0 59.073340 
-1.2 0.05 80.493492 
-1.2 0.1 100.099215 
-1.2 0.15 117.236611 
-1.2 0.2 132.844111 
-1.2 0.25 154.743127 
-1.2 0.3 190.316174 
-1.2 0.35 245.313256 
-1.2 0.4 321.318773 
-1.2 0.45 422.298670 
-1.2 0.5 561.167204 
-1.2 0.55 761.322025 
-1.2 0.6 1064.062113 
-1.2 0.65 1558.188298 
-1.15 -2 0.001153 
-1.15 -1.95 0.001155 
-1.15 -1.9 0.001153 
-1.15 -1.85 0.001153 
-1.15 -1.8 0.001150 
-1.15 -1.75 0.001154 
-1.15 -1.7 0.001153 
-1.15 -1.65 0.001153 
-1.15 -1.6 0.001143 
-1.15 -1.55 0.001140 
-1.15 -1.5 0.001155 
-1.15 -1.45 0.001136 
-1.15 -1.4 0.001131 
-1.15 -1.35 0.001124 
-1.15 -1.3 0.001134 
-1.15 -1.25 0.001127 
-1.15 -1.2 0.001095 
-1.15 -1.15 0.001104 
-1.15 -1.1 0.001085 
-1.15 -1.05 0.001063 
-1.15 -1 0.000995 
-1.15 -0.95 0.001045 
-1.15 -0.9 0.001022 
-1.15 -0.85 0.001290 
-1.15 -0.8 0.001902 
-1.15 -0.75 0.002819 
-1.15 -0.7 0.003742 
-1.15 -0.65 0.004455 
-1.15 -0.6 0.027337 
-1.15 -0.55 0.087749 
-1.15 -0.5 0.263611 
-1.15 -0.45 0.584927 
-1.15 -0.4 1.390565 
-1.15 -0.35 2.761107 
-1.15 -0.3 5.458742 
-1.15 -0.25 9.931304 
-1.15 -0.2 15.591768 
-1.15 -0.15 21.429828 
-1.15 -0.1 32.131374 
-1.15 -0.05 53.251632 
-1.15 0 81.546497 
-1.15 0.05 110.943038 
-1.15 0.1 137.755492 
-1.15 0.15 161.204355 
-1.15 0.2 182.644071 
-1.15 0.25 212.894825 
-1.15 0.3 262.065257 
-1.15 0.35 338.030784 
-1.15 0.4 443.118732 
-1.15 0.45 583.178348 
-1.15 0.5 776.863547 
-1.15 0.55 1058.471363 
-1.15 0.6 1490.587939 
-1.1 -2 0.001152 
-1.1 -1.95 0.001154 
-1.1 -1.9 0.001153 
-1.1 -1.85 0.001153 
-1.1 -1.8 0.001149 
-1.1 -1.75 0.001153 
-1.1 -1.7 0.001153 
-1.1 -1.65 0.001152 
-1.1 -1.6 0.001140 
-1.1 -1.55 0.001137 
-1.1 -1.5 0.001155 
-1.1 -1.45 0.001132 
-1.1 -1.4 0.001125 
-1.1 -1.35 0.001118 
-1.1 -1.3 0.001129 
-1.1 -1.25 0.001122 
-1.1 -1.2 0.001081 
-1.1 -1.15 0.001092 
-1.1 -1.1 0.001071 
-1.1 -1.05 0.001045 
-1.1 -1 0.000969 
-1.1 -0.95 0.001050 
-1.1 -0.9 0.001040 
-1.1 -0.85 0.001462 
-1.1 -0.8 0.002274 
-1.1 -0.75 0.003816 
-1.1 -0.7 0.005752 
-1.1 -0.65 0.008061 
-1.1 -0.6 0.039098 
-1.1 -0.55 0.125014 
-1.1 -0.5 0.372032 
-1.1 -0.45 0.830449 
-1.1 -0.4 1.962187 
-1.1 -0.35 3.894003 
-1.1 -0.3 7.700711 
-1.1 -0.25 14.016744 
-1.1 -0.2 22.028901 
-1.1 -0.15 30.315802 
-1.1 -0.1 45.441070 
-1.1 -0.05 75.202087 
-1.1 0 114.970211 
-1.1 0.05 156.101460 
-1.1 0.1 193.444775 
-1.1 0.15 226.111791 
-1.1 0.2 256.122319 
-1.1 0.25 298.752685 
-1.1 0.3 368.094590 
-1.1 0.35 475.117895 
-1.1 0.4 623.304873 
-1.1 0.45 821.485963 
-1.1 0.5 1097.292661 
-1.1 0.55 1502.400760 
-1.1 0.6 2134.626396 
-1.05 -2 0.001152 
-1.05 -1.95 0.001153 
-1.05 -1.9 0.001152 
-1.05 -1.85 0.001153 
-1.05 -1.8 0.001148 
-1.05 -1.75 0.001152 
-1.05 -1.7 0.001152 
-1.05 -1.65 0.001151 
-1.05 -1.6 0.001136 
-1.05 -1.55 0.001132 
-1.05 -1.5 0.001155 
-1.05 -1.45 0.001126 
-1.05 -1.4 0.001119 
-1.05 -1.35 0.001109 
-1.05 -1.3 0.001124 
-1.05 -1.25 0.001115 
-1.05 -1.2 0.001065 
-1.05 -1.15 0.001080 
-1.05 -1.1 0.001057 
-1.05 -1.05 0.001029 
-1.05 -1 0.000945 
-1.05 -0.95 0.001075 
-1.05 -0.9 0.001093 
-1.05 -0.85 0.001751 
-1.05 -0.8 0.002850 
-1.05 -0.75 0.005409 
-1.05 -0.7 0.009062 
-1.05 -0.65 0.014126 
-1.05 -0.6 0.057173 
-1.05 -0.55 0.181509 
-1.05 -0.5 0.535179 
-1.05 -0.45 1.200666 
-1.05 -0.4 2.821700 
-1.05 -0.35 5.596499 
-1.05 -0.3 11.071015 
-1.05 -0.25 20.163176 
-1.05 -0.2 31.732681 
-1.05 -0.15 43.735199 
-1.05 -0.1 65.532111 
-1.05 -0.05 108.263375 
-1.05 0 165.161424 
-1.05 0.05 223.668230 
-1.05 0.1 276.468052 
-1.05 0.15 322.651996 
-1.05 0.2 365.323811 
-1.05 0.25 426.454575 
-1.05 0.3 525.958006 
-1.05 0.35 679.311492 
-1.05 0.4 891.806881 
-1.05 0.45 1177.084899 
-1.05 0.5 1576.986686 
-1.05 0.55 2171.298644 
-1 -2 0.001151 
-1 -1.95 0.001154 
-1 -1.9 0.001151 
-1 -1.85 0.001152 
-1 -1.8 0.001146 
-1 -1.75 0.001152 
-1 -1.7 0.001151 
-1 -1.65 0.001150 
-1 -1.6 0.001132 
-1 -1.55 0.001126 
-1 -1.5 0.001156 
-1 -1.45 0.001120 
-1 -1.4 0.001110 
-1 -1.35 0.001099 
-1 -1.3 0.001118 
-1 -1.25 0.001109 
-1 -1.2 0.001048 
-1 -1.15 0.001069 
-1 -1.1 0.001044 
-1 -1.05 0.001015 
-1 -1 0.000926 
-1 -0.95 0.001137 
-1 -0.9 0.001209 
-1 -0.85 0.002236 
-1 -0.8 0.003753 
-1 -0.75 0.007953 
-1 -0.7 0.014471 
-1 -0.65 0.024166 
-1 -0.6 0.085109 
-1 -0.55 0.267849 
-1 -0.5 0.782756 
-1 -0.45 1.763577 
-1 -0.4 4.125329 
-1 -0.35 8.177045 
-1 -0.3 16.181324 
-1 -0.25 29.493650 
-1 -0.2 46.500500 
-1 -0.15 64.201511 
-1 -0.1 96.157625 
-1 -0.05 158.520879 
-1 0 241.162988 
-1 0.05 325.502176 
-1 0.1 401.018837 
-1 0.15 467.035105 
-1 0.2 528.471850 
-1 0.25 617.407637 
-1 0.3 762.261593 
-1 0.35 985.073186 
-1 0.4 1293.960145 
-1 0.45 1710.390414 
-1 0.5 2298.942094 
-1 0.55 3185.403441 
-0.95 -2 0.001151 
-0.95 -1.95 0.001154 
-0.95 -1.9 0.001151 
-0.95 -1.85 0.001151 
-0.95 -1.8 0.001144 
-0.95 -1.75 0.001151 
-0.95 -1.7 0.001151 
-0.95 -1.65 0.001149 
-0.95 -1.6 0.001126 
-0.95 -1.55 0.001119 
-0.95 -1.5 0.001158 
-0.95 -1.45 0.001111 
-0.95 -1.4 0.001101 
-0.95 -1.35 0.001087 
-0.95 -1.3 0.001110 
-0.95 -1.25 0.001102 
-0.95 -1.2 0.001027 
-0.95 -1.15 0.001059 
-0.95 -1.1 0.001035 
-0.95 -1.05 0.001008 
-0.95 -1 0.000924 
-0.95 -0.95 0.001264 
-0.95 -0.9 0.001431 
-0.95 -0.85 0.003032 
-0.95 -0.8 0.005171 
-0.95 -0.75 0.012009 
-0.95 -0.7 0.023253 
-0.95 -0.65 0.040629 
-0.95 -0.6 0.128539 
-0.95 -0.55 0.400634 
-0.95 -0.5 1.161313 
-0.95 -0.45 2.625575 
-0.95 -0.4 6.117483 
-0.95 -0.35 12.117609 
-0.95 -0.3 23.988427 
-0.95 -0.25 43.768725 
-0.95 -0.2 69.166615 
-0.95 -0.15 95.696043 
-0.95 -0.1 143.254679 
-0.95 -0.05 235.534401 
-0.95 0 357.049436 
-0.95 0.05 479.834303 
-0.95 0.1 588.644733 
-0.95 0.15 683.683519 
-0.95 0.2 772.920740 
-0.95 0.25 903.811659 
-0.95 0.3 1117.074768 
-0.95 0.35 1444.195179 
-0.95 0.4 1897.768695 
-0.95 0.45 2512.015274 
-0.95 0.5 3388.058571 
-0.9 -2 0.001150 
-0.9 -1.95 0.001153 
-0.9 -1.9 0.001150 
-0.9 -1.85 0.001151 
-0.9 -1.8 0.001142 
-0.9 -1.75 0.001150 
-0.9 -1.7 0.001150 
-0.9 -1.65 0.001147 
-0.9 -1.6 0.001119 
-0.9 -1.55 0.001111 
-0.9 -1.5 0.001159 
-0.9 -1.45 0.001101 
-0.9 -1.4 0.001091 
-0.9 -1.35 0.001074 
-0.9 -1.3 0.001104 
-0.9 -1.25 0.001096 
-0.9 -1.2 0.001007 
-0.9 -1.15 0.001053 
-0.9 -1.1 0.001034 
-0.9 -1.05 0.001017 
-0.9 -1 0.000954 
-0.9 -0.95 0.001503 
-0.9 -0.9 0.001829 
-0.9 -0.85 0.004336 
-0.9 -0.8 0.007395 
-0.9 -0.75 0.018460 
-0.9 -0.7 0.037443 
-0.9 -0.65 0.067455 
-0.9 -0.6 0.196303 
-0.9 -0.55 0.605961 
-0.9 -0.5 1.743533 
-0.9 -0.45 3.953387 
-0.9 -0.4 9.181100 
-0.9 -0.35 18.172284 
-0.9 -0.3 35.991550 
-0.9 -0.25 65.755667 
-0.9 -0.2 104.217594 
-0.9 -0.15 144.556808 
-0.9 -0.1 216.257876 
-0.9 -0.05 354.371784 
-0.9 0 534.709682 
-0.9 0.05 714.574796 
-0.9 0.1 871.810424 
-0.9 0.15 1008.959945 
-0.9 0.2 1139.268557 
-0.9 0.25 1333.512966 
-0.9 0.3 1649.971315 
-0.9 0.35 2133.469866 
-0.9 0.4 2803.615988 
-0.9 0.45 3715.416761 
-0.85 -2 0.001147 
-0.85 -1.95 0.001152 
-0.85 -1.9 0.001148 
-0.85 -1.85 0.001150 
-0.85 -1.8 0.001138 
-0.85 -1.75 0.001149 
-0.85 -1.7 0.001149 
-0.85 -1.65 0.001146 
-0.85 -1.6 0.001111 
-0.85 -1.55 0.001101 
-0.85 -1.5 0.001163 
-0.85 -1.45 0.001089 
-0.85 -1.4 0.001081 
-0.85 -1.35 0.001060 
-0.85 -1.3 0.001098 
-0.85 -1.25 0.001096 
-0.85 -1.2 0.000989 
-0.85 -1.15 0.001059 
-0.85 -1.1 0.001052 
-0.85 -1.05 0.001055 
-0.85 -1 0.001044 
-0.85 -0.95 0.001925 
-0.85 -0.9 0.002521 
-0.85 -0.85 0.006449 
-0.85 -0.8 0.010900 
-0.85 -0.75 0.028723 
-0.85 -0.7 0.060231 
-0.85 -0.65 0.110830 
-0.85 -0.6 0.302535 
-0.85 -0.55 0.925065 
-0.85 -0.5 2.643868 
-0.85 -0.45 6.009169 
-0.85 -0.4 13.918019 
-0.85 -0.35 27.523946 
-0.85 -0.3 54.542590 
-0.85 -0.25 99.814520 
-0.85 -0.2 158.785800 
-0.85 -0.15 220.925786 
-0.85 -0.1 330.225929 
-0.85 -0.05 538.807984 
-0.85 0 808.115418 
-0.85 0.05 1072.122387 
-0.85 0.1 1298.760883 
-0.85 0.15 1496.144348 
-0.85 0.2 1686.640129 
-0.85 0.25 1976.353995 
-0.85 0.3 2447.855189 
-0.85 0.35 3164.267628 
-0.85 0.4 4155.959057 
-0.8 -2 0.001146 
-0.8 -1.95 0.001151 
-0.8 -1.9 0.001147 
-0.8 -1.85 0.001148 
-0.8 -1.8 0.001134 
-0.8 -1.75 0.001147 
-0.8 -1.7 0.001148 
-0.8 -1.65 0.001144 
-0.8 -1.6 0.001099 
-0.8 -1.55 0.001088 
-0.8 -1.5 0.001168 
-0.8 -1.45 0.001075 
-0.8 -1.4 0.001070 
-0.8 -1.35 0.001046 
-0.8 -1.3 0.001096 
-0.8 -1.25 0.001103 
-0.8 -1.2 0.000977 
-0.8 -1.15 0.001083 
-0.8 -1.1 0.001104 
-0.8 -1.05 0.001148 
-0.8 -1 0.001243 
-0.8 -0.95 0.002654 
-0.8 -0.9 0.003691 
-0.8 -0.85 0.009856 
-0.8 -0.8 0.016421 
-0.8 -0.75 0.045010 
-0.8 -0.7 0.096789 
-0.8 -0.65 0.180810 
-0.8 -0.6 0.469541 
-0.8 -0.55 1.422673 
-0.8 -0.5 4.041709 
-0.8 -0.45 9.205060 
-0.8 -0.4 21.273413 
-0.8 -0.35 42.026377 
-0.8 -0.3 83.335119 
-0.8 -0.25 152.823414 
-0.8 -0.2 244.244856 
-0.8 -0.15 341.110732 
-0.8 -0.1 509.303861 
-0.8 -0.05 826.391184 
-0.8 0 1229.702476 
-0.8 0.05 1616.043805 
-0.8 0.1 1939.724274 
-0.8 0.15 2221.274223 
-0.8 0.2 2498.841127 
-0.8 0.25 2931.490042 
-0.8 0.3 3633.735158 
-0.8 0.35 4692.540028 
-0.8 0.4 6154.275950 
-0.75 -2 0.001144 
-0.75 -1.95 0.001151 
-0.75 -1.9 0.001145 
-0.75 -1.85 0.001147 
-0.75 -1.8 0.001128 
-0.75 -1.75 0.001145 
-0.75 -1.7 0.001146 
-0.75 -1.65 0.001142 
-0.75 -1.6 0.001086 
-0.75 -1.55 0.001073 
-0.75 -1.5 0.001177 
-0.75 -1.45 0.001059 
-0.75 -1.4 0.001065 
-0.75 -1.35 0.001035 
-0.75 -1.3 0.001101 
-0.75 -1.25 0.001126 
-0.75 -1.2 0.000982 
-0.75 -1.15 0.001142 
-0.75 -1.1 0.001215 
-0.75 -1.05 0.001334 
-0.75 -1 0.001624 
-0.75 -0.95 0.003883 
-0.75 -0.9 0.005640 
-0.75 -0.85 0.015329 
-0.75 -0.8 0.025131 
-0.75 -0.75 0.070879 
-0.75 -0.7 0.155272 
-0.75 -0.65 0.293270 
-0.75 -0.6 0.732900 
-0.75 -0.55 2.201406 
-0.75 -0.5 6.219668 
-0.75 -0.45 14.188953 
-0.75 -0.4 32.735230 
-0.75 -0.35 64.588190 
-0.75 -0.3 128.169550 
-0.75 -0.25 235.644441 
-0.75 -0.2 378.796929 
-0.75 -0.15 531.466009 
-0.75 -0.1 792.323747 
-0.75 -0.05 1276.307498 
-0.75 0 1879.630229 
-0.75 0.05 2439.758575 
-0.75 0.1 2893.762188 
-0.75 0.15 3288.735981 
-0.75 0.2 3689.844013 
-0.75 0.25 4333.905936 
-0.75 0.3 5373.790605 
-0.75 0.35 6924.932164 
-0.7 -2 0.001140 
-0.7 -1.95 0.001150 
-0.7 -1.9 0.001142 
-0.7 -1.85 0.001144 
-0.7 -1.8 0.001122 
-0.7 -1.75 0.001144 
-0.7 -1.7 0.001145 
-0.7 -1.65 0.001140 
-0.7 -1.6 0.001071 
-0.7 -1.55 0.001057 
-0.7 -1.5 0.001192 
-0.7 -1.45 0.001041 
-0.7 -1.4 0.001065 
-0.7 -1.35 0.001032 
-0.7 -1.3 0.001118 
-0.7 -1.25 0.001175 
-0.7 -1.2 0.001019 
-0.7 -1.15 0.001266 
-0.7 -1.1 0.001429 
-0.7 -1.05 0.001681 
-0.7 -1 0.002314 
-0.7 -0.95 0.005921 
-0.7 -0.9 0.008842 
-0.7 -0.85 0.024108 
-0.7 -0.8 0.038881 
-0.7 -0.75 0.111902 
-0.7 -0.7 0.248666 
-0.7 -0.65 0.473845 
-0.7 -0.6 1.149380 
-0.7 -0.55 3.423302 
-0.7 -0.5 9.621223 
-0.7 -0.45 21.981466 
-0.7 -0.4 50.644984 
-0.7 -0.35 99.765604 
-0.7 -0.3 198.147441 
-0.7 -0.25 365.428519 
-0.7 -0.2 591.638592 
-0.7 -0.15 834.767100 
-0.7 -0.1 1241.917728 
-0.7 -0.05 1981.428807 
-0.7 0 2878.506626 
-0.7 0.05 3676.237480 
-0.7 0.1 4293.870723 
-0.7 0.15 4833.441653 
-0.7 0.2 5404.953477 
-0.7 0.25 6355.451223 
-0.7 0.3 7875.797162 
-0.65 -2 0.001137 
-0.65 -1.95 0.001150 
-0.65 -1.9 0.001140 
-0.65 -1.85 0.001142 
-0.65 -1.8 0.001114 
-0.65 -1.75 0.001141 
-0.65 -1.7 0.001144 
-0.65 -1.65 0.001139 
-0.65 -1.6 0.001052 
-0.65 -1.55 0.001038 
-0.65 -1.5 0.001216 
-0.65 -1.45 0.001024 
-0.65 -1.4 0.001079 
-0.65 -1.35 0.001043 
-0.65 -1.3 0.001160 
-0.65 -1.25 0.001268 
-0.65 -1.2 0.001112 
-0.65 -1.15 0.001494 
-0.65 -1.1 0.001813 
-0.65 -1.05 0.002296 
-0.65 -1 0.003520 
-0.65 -0.95 0.009265 
-0.65 -0.9 0.014054 
-0.65 -0.85 0.038145 
-0.65 -0.8 0.060594 
-0.65 -0.75 0.176940 
-0.65 -0.7 0.397627 
-0.65 -0.65 0.763155 
-0.65 -0.6 1.809964 
-0.65 -0.55 5.345170 
-0.65 -0.5 14.944570 
-0.65 -0.45 34.187527 
-0.65 -0.4 78.684396 
-0.65 -0.35 154.685575 
-0.65 -0.3 307.518133 
-0.65 -0.25 569.213349 
-0.65 -0.2 929.666642 
-0.65 -0.15 1320.675122 
-0.65 -0.1 1959.150129 
-0.65 -0.05 3086.080757 
-0.65 0 4403.097657 
-0.65 0.05 5505.406812 
-0.65 0.1 6304.966514 
-0.65 0.15 7013.352846 
-0.65 0.2 7810.612671 
-0.65 0.25 9190.889449 
-0.6 -2 0.001133 
-0.6 -1.95 0.001149 
-0.6 -1.9 0.001135 
-0.6 -1.85 0.001139 
-0.6 -1.8 0.001105 
-0.6 -1.75 0.001140 
-0.6 -1.7 0.001144 
-0.6 -1.65 0.001139 
-0.6 -1.6 0.001030 
-0.6 -1.55 0.001018 
-0.6 -1.5 0.001255 
-0.6 -1.45 0.001009 
-0.6 -1.4 0.001119 
-0.6 -1.35 0.001084 
-0.6 -1.3 0.001243 
-0.6 -1.25 0.001439 
-0.6 -1.2 0.001306 
-0.6 -1.15 0.001901 
-0.6 -1.1 0.002480 
-0.6 -1.05 0.003349 
-0.6 -1 0.005570 
-0.6 -0.95 0.014709 
-0.6 -0.9 0.022479 
-0.6 -0.85 0.060564 
-0.6 -0.8 0.094890 
-0.6 -0.75 0.279971 
-0.6 -0.7 0.634970 
-0.6 -0.65 1.226722 
-0.6 -0.6 2.861008 
-0.6 -0.55 8.374323 
-0.6 -0.5 23.286414 
-0.6 -0.45 53.332766 
-0.6 -0.4 122.638507 
-0.6 -0.35 240.457682 
-0.6 -0.3 478.505631 
-0.6 -0.25 889.459691 
-0.6 -0.2 1468.132974 
-0.6 -0.15 2102.723164 
-0.6 -0.1 3106.544565 
-0.6 -0.05 4810.533694 
-0.6 0 6701.695124 
-0.6 0.05 8151.187903 
-0.6 0.1 9104.559536 
-0.6 0.15 9981.920376 
-0.6 0.2 11060.670010 
-0.55 -2 0.001129 
-0.55 -1.95 0.001147 
-0.55 -1.9 0.001132 
-0.55 -1.85 0.001136 
-0.55 -1.8 0.001093 
-0.55 -1.75 0.001138 
-0.55 -1.7 0.001145 
-0.55 -1.65 0.001139 
-0.55 -1.6 0.001007 
-0.55 -1.55 0.000999 
-0.55 -1.5 0.001318 
-0.55 -1.45 0.001003 
-0.55 -1.4 0.001204 
-0.55 -1.35 0.001173 
-0.55 -1.3 0.001396 
-0.55 -1.25 0.001732 
-0.55 -1.2 0.001670 
-0.55 -1.15 0.002608 
-0.55 -1.1 0.003606 
-0.55 -1.05 0.005125 
-0.55 -1 0.009002 
-0.55 -0.95 0.023525 
-0.55 -0.9 0.036007 
-0.55 -0.85 0.096345 
-0.55 -0.8 0.149080 
-0.55 -0.75 0.443059 
-0.55 -0.7 1.013060 
-0.55 -0.65 1.969386 
-0.55 -0.6 4.538872 
-0.55 -0.55 13.157991 
-0.55 -0.5 36.368635 
-0.55 -0.45 83.382241 
-0.55 -0.4 191.574831 
-0.55 -0.35 374.315328 
-0.55 -0.3 745.553125 
-0.55 -0.25 1392.357606 
-0.55 -0.2 2327.157685 
-0.55 -0.15 3365.194738 
-0.55 -0.1 4942.732346 
-0.55 -0.05 7480.253171 
-0.55 0 10098.907109 
-0.55 0.05 11852.551477 
-0.55 0.1 12831.589635 
-0.55 0.15 13827.490669 
-0.5 -2 0.001123 
-0.5 -1.95 0.001146 
-0.5 -1.9 0.001126 
-0.5 -1.85 0.001133 
-0.5 -1.8 0.001079 
-0.5 -1.75 0.001138 
-0.5 -1.7 0.001149 
-0.5 -1.65 0.001144 
-0.5 -1.6 0.000983 
-0.5 -1.55 0.000986 
-0.5 -1.5 0.001420 
-0.5 -1.45 0.001011 
-0.5 -1.4 0.001363 
-0.5 -1.35 0.001348 
-0.5 -1.3 0.001671 
-0.5 -1.25 0.002232 
-0.5 -1.2 0.002322 
-0.5 -1.15 0.003802 
-0.5 -1.1 0.005473 
-0.5 -1.05 0.008080 
-0.5 -1 0.014677 
-0.5 -0.95 0.037745 
-0.5 -0.9 0.057637 
-0.5 -0.85 0.153393 
-0.5 -0.8 0.234625 
-0.5 -0.75 0.700962 
-0.5 -0.7 1.614913 
-0.5 -0.65 3.160731 
-0.5 -0.6 7.228583 
-0.5 -0.55 20.729832 
-0.5 -0.5 56.892195 
-0.5 -0.45 130.558170 
-0.5 -0.4 299.652805 
-0.5 -0.35 582.778299 
-0.5 -0.3 1161.477743 
-0.5 -0.25 2179.704934 
-0.5 -0.2 3696.066358 
-0.5 -0.15 5403.244197 
-0.5 -0.1 7869.541444 
-0.5 -0.05 11549.090488 
-0.5 0 14967.967444 
-0.5 0.05 16786.559393 
-0.5 0.1 17490.335523 
-0.45 -2 0.001115 
-0.45 -1.95 0.001144 
-0.45 -1.9 0.001120 
-0.45 -1.85 0.001130 
-0.45 -1.8 0.001064 
-0.45 -1.75 0.001139 
-0.45 -1.7 0.001159 
-0.45 -1.65 0.001155 
-0.45 -1.6 0.000959 
-0.45 -1.55 0.000984 
-0.45 -1.5 0.001581 
-0.45 -1.45 0.001053 
-0.45 -1.4 0.001646 
-0.45 -1.35 0.001665 
-0.45 -1.3 0.002146 
-0.45 -1.25 0.003063 
-0.45 -1.2 0.003451 
-0.45 -1.15 0.005800 
-0.45 -1.1 0.008539 
-0.45 -1.05 0.012939 
-0.45 -1 0.023988 
-0.45 -0.95 0.060613 
-0.45 -0.9 0.092047 
-0.45 -0.85 0.244379 
-0.45 -0.8 0.369685 
-0.45 -0.75 1.108478 
-0.45 -0.7 2.573002 
-0.45 -0.65 5.074648 
-0.45 -0.6 11.563008 
-0.45 -0.55 32.746083 
-0.45 -0.5 89.085233 
-0.45 -0.45 204.590178 
-0.45 -0.4 468.849298 
-0.45 -0.35 906.179489 
-0.45 -0.3 1805.947712 
-0.45 -0.25 3404.467195 
-0.45 -0.2 5865.458006 
-0.45 -0.15 8675.127153 
-0.45 -0.1 12481.358016 
-0.45 -0.05 17585.192978 
-0.45 0 21633.733317 
-0.45 0.05 22926.459066 
-0.4 -2 0.001105 
-0.4 -1.95 0.001143 
-0.4 -1.9 0.001114 
-0.4 -1.85 0.001126 
-0.4 -1.8 0.001046 
-0.4 -1.75 0.001144 
-0.4 -1.7 0.001177 
-0.4 -1.65 0.001178 
-0.4 -1.6 0.000943 
-0.4 -1.55 0.001008 
-0.4 -1.5 0.001839 
-0.4 -1.45 0.001149 
-0.4 -1.4 0.002136 
-0.4 -1.35 0.002217 
-0.4 -1.3 0.002959 
-0.4 -1.25 0.004421 
-0.4 -1.2 0.005367 
-0.4 -1.15 0.009112 
-0.4 -1.1 0.013502 
-0.4 -1.05 0.020881 
-0.4 -1 0.039183 
-0.4 -0.95 0.097365 
-0.4 -0.9 0.146573 
-0.4 -0.85 0.389555 
-0.4 -0.8 0.582529 
-0.4 -0.75 1.751554 
-0.4 -0.7 4.098708 
-0.4 -0.65 8.157707 
-0.4 -0.6 18.591971 
-0.4 -0.55 51.881660 
-0.4 -0.5 139.556913 
-0.4 -0.45 320.651127 
-0.4 -0.4 732.931072 
-0.4 -0.35 1404.779268 
-0.4 -0.3 2795.995914 
-0.4 -0.25 5287.530090 
-0.4 -0.2 9259.222063 
-0.4 -0.15 13847.883723 
-0.4 -0.1 19573.697643 
-0.4 -0.05 26153.627459 
-0.4 0 30170.796523 
-0.4 0.05 29858.275284 
-0.35 -2 0.001095 
-0.35 -1.95 0.001143 
-0.35 -1.9 0.001107 
-0.35 -1.85 0.001125 
-0.35 -1.8 0.001026 
-0.35 -1.75 0.001156 
-0.35 -1.7 0.001209 
-0.35 -1.65 0.001220 
-0.35 -1.6 0.000943 
-0.35 -1.55 0.001077 
-0.35 -1.5 0.002249 
-0.35 -1.45 0.001343 
-0.35 -1.4 0.002951 
-0.35 -1.35 0.003145 
-0.35 -1.3 0.004335 
-0.35 -1.25 0.006628 
-0.35 -1.2 0.008567 
-0.35 -1.15 0.014585 
-0.35 -1.1 0.021491 
-0.35 -1.05 0.033810 
-0.35 -1 0.063864 
-0.35 -0.95 0.156392 
-0.35 -0.9 0.232677 
-0.35 -0.85 0.621459 
-0.35 -0.8 0.917459 
-0.35 -0.75 2.765193 
-0.35 -0.7 6.528233 
-0.35 -0.65 13.141956 
-0.35 -0.6 30.086268 
-0.35 -0.55 82.499870 
-0.35 -0.5 218.633299 
-0.35 -0.45 502.283354 
-0.35 -0.4 1142.975416 
-0.35 -0.35 2166.228336 
-0.35 -0.3 4296.472027 
-0.35 -0.25 8126.640514 
-0.35 -0.2 14437.368822 
-0.35 -0.15 21770.307269 
-0.35 -0.1 29999.053514 
-0.35 -0.05 37504.246566 
-0.35 0 40114.858035 
-0.3 -2 0.001084 
-0.3 -1.95 0.001144 
-0.3 -1.9 0.001100 
-0.3 -1.85 0.001126 
-0.3 -1.8 0.001008 
-0.3 -1.75 0.001178 
-0.3 -1.7 0.001266 
-0.3 -1.65 0.001293 
-0.3 -1.6 0.000976 
-0.3 -1.55 0.001228 
-0.3 -1.5 0.002899 
-0.3 -1.45 0.001704 
-0.3 -1.4 0.004297 
-0.3 -1.35 0.004682 
-0.3 -1.3 0.006664 
-0.3 -1.25 0.010180 
-0.3 -1.2 0.013861 
-0.3 -1.15 0.023589 
-0.3 -1.1 0.034268 
-0.3 -1.05 0.054760 
-0.3 -1 0.103848 
-0.3 -0.95 0.251339 
-0.3 -0.9 0.368107 
-0.3 -0.85 0.992589 
-0.3 -0.8 1.442958 
-0.3 -0.75 4.361530 
-0.3 -0.7 10.400677 
-0.3 -0.65 21.240967 
-0.3 -0.6 49.075361 
-0.3 -0.55 131.824433 
-0.3 -0.5 342.438832 
-0.3 -0.45 785.760687 
-0.3 -0.4 1774.255229 
-0.3 -0.35 3312.960105 
-0.3 -0.3 6524.005860 
-0.3 -0.25 12276.193966 
-0.3 -0.2 22000.865306 
-0.3 -0.15 33225.447599 
-0.3 -0.1 44185.520890 
-0.3 -0.05 51043.451102 
-0.25 -2 0.001072 
-0.25 -1.95 0.001148 
-0.25 -1.9 0.001097 
-0.25 -1.85 0.001132 
-0.25 -1.8 0.000993 
-0.25 -1.75 0.001220 
-0.25 -1.7 0.001360 
-0.25 -1.65 0.001421 
-0.25 -1.6 0.001068 
-0.25 -1.55 0.001522 
-0.25 -1.5 0.003940 
-0.25 -1.45 0.002340 
-0.25 -1.4 0.006471 
-0.25 -1.35 0.007178 
-0.25 -1.3 0.010615 
-0.25 -1.25 0.015861 
-0.25 -1.2 0.022539 
-0.25 -1.15 0.038390 
-0.25 -1.1 0.054705 
-0.25 -1.05 0.088602 
-0.25 -1 0.168479 
-0.25 -0.95 0.404148 
-0.25 -0.9 0.580201 
-0.25 -0.85 1.587660 
-0.25 -0.8 2.264772 
-0.25 -0.75 6.875290 
-0.25 -0.7 16.578828 
-0.25 -0.65 34.490232 
-0.25 -0.6 80.836204 
-0.25 -0.55 212.021724 
-0.25 -0.5 536.183844 
-0.25 -0.45 1226.322349 
-0.25 -0.4 2732.960742 
-0.25 -0.35 5005.827374 
-0.25 -0.3 9731.134255 
-0.25 -0.25 18061.821805 
-0.25 -0.2 32293.329254 
-0.25 -0.15 48288.585269 
-0.25 -0.1 61254.642465 
-0.2 -2 0.001061 
-0.2 -1.95 0.001158 
-0.2 -1.9 0.001097 
-0.2 -1.85 0.001148 
-0.2 -1.8 0.000989 
-0.2 -1.75 0.001289 
-0.2 -1.7 0.001516 
-0.2 -1.65 0.001635 
-0.2 -1.6 0.001262 
-0.2 -1.55 0.002067 
-0.2 -1.5 0.005597 
-0.2 -1.45 0.003438 
-0.2 -1.4 0.009930 
-0.2 -1.35 0.011144 
-0.2 -1.3 0.017304 
-0.2 -1.25 0.024894 
-0.2 -1.2 0.036657 
-0.2 -1.15 0.062687 
-0.2 -1.1 0.087551 
-0.2 -1.05 0.143017 
-0.2 -1 0.272648 
-0.2 -0.95 0.649308 
-0.2 -0.9 0.911207 
-0.2 -0.85 2.542099 
-0.2 -0.8 3.544973 
-0.2 -0.75 10.843164 
-0.2 -0.7 26.459883 
-0.2 -0.65 56.348089 
-0.2 -0.6 134.660325 
-0.2 -0.55 343.931072 
-0.2 -0.5 839.337138 
-0.2 -0.45 1906.284941 
-0.2 -0.4 4157.878171 
-0.2 -0.35 7437.059094 
-0.2 -0.3 14148.992826 
-0.2 -0.25 25597.581986 
-0.2 -0.2 44867.053332 
-0.2 -0.15 65422.695636 
-0.15 -2 0.001052 
-0.15 -1.95 0.001175 
-0.15 -1.9 0.001106 
-0.15 -1.85 0.001177 
-0.15 -1.8 0.001007 
-0.15 -1.75 0.001408 
-0.15 -1.7 0.001772 
-0.15 -1.65 0.001989 
-0.15 -1.6 0.001628 
-0.15 -1.55 0.003038 
-0.15 -1.5 0.008249 
-0.15 -1.45 0.005281 
-0.15 -1.4 0.015328 
-0.15 -1.35 0.017313 
-0.15 -1.3 0.028640 
-0.15 -1.25 0.039184 
-0.15 -1.2 0.059436 
-0.15 -1.15 0.102446 
-0.15 -1.1 0.141182 
-0.15 -1.05 0.229368 
-0.15 -1 0.440106 
-0.15 -0.95 1.038956 
-0.15 -0.9 1.427457 
-0.15 -0.85 4.067857 
-0.15 -0.8 5.528873 
-0.15 -0.75 17.141437 
-0.15 -0.7 42.328817 
-0.15 -0.65 92.788361 
-0.15 -0.6 226.880180 
-0.15 -0.55 563.427732 
-0.15 -0.5 1313.140758 
-0.15 -0.45 2942.819239 
-0.15 -0.4 6205.806532 
-0.15 -0.35 10804.041078 
-0.15 -0.3 19868.726088 
-0.15 -0.25 34536.577226 
-0.15 -0.2 57997.286219 
-0.1 -2 0.001048 
-0.1 -1.95 0.001205 
-0.1 -1.9 0.001133 
-0.1 -1.85 0.001228 
-0.1 -1.8 0.001068 
-0.1 -1.75 0.001604 
-0.1 -1.7 0.002189 
-0.1 -1.65 0.002573 
-0.1 -1.6 0.002274 
-0.1 -1.55 0.004722 
-0.1 -1.5 0.012411 
-0.1 -1.45 0.008343 
-0.1 -1.4 0.023719 
-0.1 -1.35 0.026713 
-0.1 -1.3 0.047794 
-0.1 -1.25 0.061952 
-0.1 -1.2 0.095405 
-0.1 -1.15 0.167368 
-0.1 -1.1 0.230739 
-0.1 -1.05 0.362443 
-0.1 -1 0.708793 
-0.1 -0.95 1.650302 
-0.1 -0.9 2.239066 
-0.1 -0.85 6.488611 
-0.1 -0.8 8.584599 
-0.1 -0.75 27.229616 
-0.1 -0.7 67.914266 
-0.1 -0.65 154.219998 
-0.1 -0.6 385.419795 
-0.1 -0.55 930.479283 
-0.1 -0.5 2048.352014 
-0.1 -0.45 4485.680363 
-0.1 -0.4 9002.494205 
-0.1 -0.35 15257.804666 
-0.1 -0.3 26670.418922 
-0.1 -0.25 43904.683917 
-0.05 -2 0.001052 
-0.05 -1.95 0.001258 
-0.05 -1.9 0.001188 
-0.05 -1.85 0.001317 
-0.05 -1.8 0.001215 
-0.05 -1.75 0.001911 
-0.05 -1.7 0.002891 
-0.05 -1.65 0.003538 
-0.05 -1.6 0.003368 
-0.05 -1.55 0.007548 
-0.05 -1.5 0.018806 
-0.05 -1.45 0.013442 
-0.05 -1.4 0.036986 
-0.05 -1.35 0.041215 
-0.05 -1.3 0.080300 
-0.05 -1.25 0.098328 
-0.05 -1.2 0.150535 
-0.05 -1.15 0.273218 
-0.05 -1.1 0.383831 
-0.05 -1.05 0.562413 
-0.05 -1 1.137882 
-0.05 -0.95 2.607259 
-0.05 -0.9 3.541472 
-0.05 -0.85 10.291718 
-0.05 -0.8 13.286943 
-0.05 -0.75 43.384174 
-0.05 -0.7 109.089377 
-0.05 -0.65 258.744205 
-0.05 -0.6 655.157428 
-0.05 -0.55 1535.106991 
-0.05 -0.5 3159.167068 
-0.05 -0.45 6675.175024 
-0.05 -0.4 12547.424942 
-0.05 -0.35 20818.018117 
-0.05 -0.3 33875.469420 
0 -2 0.001065 
0 -1.95 0.001344 
0 -1.9 0.001289 
0 -1.85 0.001477 
0 -1.8 0.001498 
0 -1.75 0.002374 
0 -1.7 0.004102 
0 -1.65 0.005158 
0 -1.6 0.005178 
0 -1.55 0.012170 
0 -1.5 0.028201 
0 -1.45 0.022056 
0 -1.4 0.057882 
0 -1.35 0.063926 
0 -1.3 0.135159 
0 -1.25 0.155264 
0 -1.2 0.240525 
0 -1.15 0.444784 
0 -1.1 0.651328 
0 -1.05 0.869916 
0 -1 1.819882 
0 -0.95 4.119951 
0 -0.9 5.708045 
0 -0.85 16.082442 
0 -0.8 20.534860 
0 -0.75 68.464616 
0 -0.7 175.088903 
0 -0.65 436.798021 
0 -0.6 1097.662788 
0 -0.55 2472.134603 
0 -0.5 4718.432594 
0 -0.45 9509.239668 
0 -0.4 16620.759770 
0 -0.35 27202.494330 
0.05 -2 0.001099 
0.05 -1.95 0.001482 
0.05 -1.9 0.001444 
0.05 -1.85 0.001778 
0.05 -1.8 0.001975 
0.05 -1.75 0.003153 
0.05 -1.7 0.006214 
0.05 -1.65 0.007831 
0.05 -1.6 0.008243 
0.05 -1.55 0.019661 
0.05 -1.5 0.042634 
0.05 -1.45 0.037310 
0.05 -1.4 0.090541 
0.05 -1.35 0.102110 
0.05 -1.3 0.223504 
0.05 -1.25 0.245895 
0.05 -1.2 0.382045 
0.05 -1.15 0.734838 
0.05 -1.1 1.095629 
0.05 -1.05 1.348022 
0.05 -1 2.942432 
0.05 -0.95 6.458237 
0.05 -0.9 9.462863 
0.05 -0.85 24.778728 
0.05 -0.8 31.739324 
0.05 -0.75 108.155633 
0.05 -0.7 281.156905 
0.05 -0.65 731.917333 
0.05 -0.6 1758.268029 
0.05 -0.55 3706.999134 
0.05 -0.5 6555.295076 
0.05 -0.45 12641.728832 
0.05 -0.4 20894.144128 
0.1 -2 0.001172 
0.1 -1.95 0.001719 
0.1 -1.9 0.001614 
0.1 -1.85 0.002178 
0.1 -1.8 0.002971 
0.1 -1.75 0.004537 
0.1 -1.7 0.010015 
0.1 -1.65 0.011671 
0.1 -1.6 0.013766 
0.1 -1.55 0.031093 
0.1 -1.5 0.070613 
0.1 -1.45 0.063868 
0.1 -1.4 0.144050 
0.1 -1.35 0.173656 
0.1 -1.3 0.359410 
0.1 -1.25 0.399791 
0.1 -1.2 0.615230 
0.1 -1.15 1.221857 
0.1 -1.1 1.770677 
0.1 -1.05 2.168698 
0.1 -1 4.670171 
0.1 -0.95 10.023098 
0.1 -0.9 15.861465 
0.1 -0.85 38.876137 
0.1 -0.8 49.810386 
0.1 -0.75 169.503046 
0.1 -0.7 448.293933 
0.1 -0.65 1188.116606 
0.1 -0.6 2573.261253 
0.1 -0.55 4827.004934 
0.1 -0.5 8060.575650 
0.1 -0.45 15489.184339 
0.15 -2 0.001309 
0.15 -1.95 0.002128 
0.15 -1.9 0.001827 
0.15 -1.85 0.002699 
0.15 -1.8 0.004259 
0.15 -1.75 0.006762 
0.15 -1.7 0.016369 
0.15 -1.65 0.017239 
0.15 -1.6 0.024287 
0.15 -1.55 0.045850 
0.15 -1.5 0.118176 
0.15 -1.45 0.104143 
0.15 -1.4 0.220162 
0.15 -1.35 0.301051 
0.15 -1.3 0.583081 
0.15 -1.25 0.689817 
0.15 -1.2 0.977337 
0.15 -1.15 2.111048 
0.15 -1.1 2.942087 
0.15 -1.05 3.593076 
0.15 -1 6.875779 
0.15 -0.95 15.745310 
0.15 -0.9 25.716674 
0.15 -0.85 59.082453 
0.15 -0.8 78.225550 
0.15 -0.75 260.785027 
0.15 -0.7 695.519134 
0.15 -0.65 1794.904618 
0.15 -0.6 3260.937277 
0.15 -0.55 5061.911425 
0.15 -0.5 8878.354763 
0.2 -2 0.001540 
0.2 -1.95 0.002794 
0.2 -1.9 0.002175 
0.2 -1.85 0.003793 
0.2 -1.8 0.006514 
0.2 -1.75 0.009656 
0.2 -1.7 0.025695 
0.2 -1.65 0.024898 
0.2 -1.6 0.044130 
0.2 -1.55 0.074306 
0.2 -1.5 0.171036 
0.2 -1.45 0.165080 
0.2 -1.4 0.314351 
0.2 -1.35 0.526956 
0.2 -1.3 0.946869 
0.2 -1.25 1.200329 
0.2 -1.2 1.571284 
0.2 -1.15 3.707110 
0.2 -1.1 5.030681 
0.2 -1.05 5.968596 
0.2 -1 9.813966 
0.2 -0.95 25.369709 
0.2 -0.9 39.220468 
0.2 -0.85 91.516079 
0.2 -0.8 122.524819 
0.2 -0.75 391.990296 
0.2 -0.7 1036.523832 
0.2 -0.65 2379.122962 
0.2 -0.6 3457.148265 
0.2 -0.55 4735.152135 
0.25 -2 0.002225 
0.25 -1.95 0.003886 
0.25 -1.9 0.002945 
0.25 -1.85 0.005971 
0.25 -1.8 0.010217 
0.25 -1.75 0.014132 
0.25 -1.7 0.038478 
0.25 -1.65 0.039550 
0.25 -1.6 0.075874 
0.25 -1.55 0.118858 
0.25 -1.5 0.259247 
0.25 -1.45 0.268722 
0.25 -1.4 0.509066 
0.25 -1.35 1.013639 
0.25 -1.3 1.414591 
0.25 -1.25 2.048984 
0.25 -1.2 2.605649 
0.25 -1.15 6.160721 
0.25 -1.1 7.780332 
0.25 -1.05 10.800860 
0.25 -1 16.567208 
0.25 -0.95 40.464554 
0.25 -0.9 61.610475 
0.25 -0.85 139.546056 
0.25 -0.8 191.609237 
0.25 -0.75 547.258975 
0.25 -0.7 1435.896629 
0.25 -0.65 2697.349805 
0.25 -0.6 3431.276186 
0.3 -2 0.003185 
0.3 -1.95 0.005608 
0.3 -1.9 0.005470 
0.3 -1.85 0.010498 
0.3 -1.8 0.018919 
0.3 -1.75 0.021977 
0.3 -1.7 0.044574 
0.3 -1.65 0.071907 
0.3 -1.6 0.124503 
0.3 -1.55 0.211352 
0.3 -1.5 0.368956 
0.3 -1.45 0.480122 
0.3 -1.4 0.867095 
0.3 -1.35 1.757024 
0.3 -1.3 1.975084 
0.3 -1.25 3.293502 
0.3 -1.2 4.222591 
0.3 -1.15 9.811415 
0.3 -1.1 12.316250 
0.3 -1.05 19.436734 
0.3 -1 29.994814 
0.3 -0.95 64.227846 
0.3 -0.9 81.352128 
0.3 -0.85 213.352781 
0.3 -0.8 282.671183 
0.3 -0.75 712.611125 
0.3 -0.7 1768.027568 
0.3 -0.65 2839.554348 
0.35 -2 0.004252 
0.35 -1.95 0.009043 
0.35 -1.9 0.009109 
0.35 -1.85 0.019240 
0.35 -1.8 0.030910 
0.35 -1.75 0.043993 
0.35 -1.7 0.060471 
0.35 -1.65 0.141386 
0.35 -1.6 0.235539 
0.35 -1.55 0.346224 
0.35 -1.5 0.491603 
0.35 -1.45 0.796543 
0.35 -1.4 1.160687 
0.35 -1.35 2.410557 
0.35 -1.3 3.483673 
0.35 -1.25 5.751626 
0.35 -1.2 5.842827 
0.35 -1.15 11.390916 
0.35 -1.1 15.577786 
0.35 -1.05 30.323251 
0.35 -1 50.684949 
0.35 -0.95 99.127534 
0.35 -0.9 124.503588 
0.35 -0.85 313.087582 
0.35 -0.8 401.009429 
0.35 -0.75 822.999661 
0.35 -0.7 1867.357833 
0.4 -2 0.007001 
0.4 -1.95 0.014481 
0.4 -1.9 0.015959 
0.4 -1.85 0.032477 
0.4 -1.8 0.066417 
0.4 -1.75 0.078382 
0.4 -1.7 0.115327 
0.4 -1.65 0.275396 
0.4 -1.6 0.469745 
0.4 -1.55 0.529492 
0.4 -1.5 0.776159 
0.4 -1.45 1.284796 
0.4 -1.4 1.920506 
0.4 -1.35 3.591129 
0.4 -1.3 7.776151 
0.4 -1.25 11.160113 
0.4 -1.2 8.808691 
0.4 -1.15 18.374368 
0.4 -1.1 28.345023 
0.4 -1.05 39.327944 
0.4 -1 64.482306 
0.4 -0.95 153.853019 
0.4 -0.9 222.385812 
0.4 -0.85 477.766132 
0.4 -0.8 574.520265 
0.4 -0.75 1049.751820 
0.45 -2 0.012537 
0.45 -1.95 0.021164 
0.45 -1.9 0.028197 
0.45 -1.85 0.069126 
0.45 -1.8 0.087874 
0.45 -1.75 0.139725 
0.45 -1.7 0.185317 
0.45 -1.65 0.518128 
0.45 -1.6 0.583980 
0.45 -1.55 0.647838 
0.45 -1.5 1.418640 
0.45 -1.45 1.959824 
0.45 -1.4 2.785095 
0.45 -1.35 4.888579 
0.45 -1.3 9.664238 
0.45 -1.25 19.482255 
0.45 -1.2 19.390935 
0.45 -1.15 29.651360 
0.45 -1.1 57.573402 
0.45 -1.05 114.604844 
0.45 -1 102.950064 
0.45 -0.95 208.653972 
0.45 -0.9 359.386467 
0.45 -0.85 762.849602 
0.45 -0.8 863.176174 
0.5 -2 0.021709 
0.5 -1.95 0.029343 
0.5 -1.9 0.044505 
0.5 -1.85 0.106591 
0.5 -1.8 0.183741 
0.5 -1.75 0.202653 
0.5 -1.7 0.242013 
0.5 -1.65 0.838554 
0.5 -1.6 0.810646 
0.5 -1.55 1.362385 
0.5 -1.5 2.876524 
0.5 -1.45 3.310317 
0.5 -1.4 4.127803 
0.5 -1.35 6.348608 
0.5 -1.3 13.673173 
0.5 -1.25 17.502215 
0.5 -1.2 26.979994 
0.5 -1.15 43.513953 
0.5 -1.1 65.814404 
0.5 -1.05 118.446279 
0.5 -1 166.343516 
0.5 -0.95 319.277620 
0.5 -0.9 609.709274 
0.5 -0.85 893.222130 
0.55 -2 0.033304 
0.55 -1.95 0.068208 
0.55 -1.9 0.072093 
0.55 -1.85 0.129210 
0.55 -1.8 0.376378 
0.55 -1.75 0.309263 
0.55 -1.7 0.422401 
0.55 -1.65 1.072171 
0.55 -1.6 1.652460 
0.55 -1.55 2.115642 
0.55 -1.5 3.630065 
0.55 -1.45 5.984814 
0.55 -1.4 10.337022 
0.55 -1.35 12.347771 
0.55 -1.3 16.890979 
0.55 -1.25 35.752570 
0.55 -1.2 51.313421 
0.55 -1.15 66.733159 
0.55 -1.1 121.386030 
0.55 -1.05 175.062331 
0.55 -1 242.730733 
0.55 -0.95 458.648993 
0.55 -0.9 891.813433 
0.6 -2 0.064757 
0.6 -1.95 0.120082 
0.6 -1.9 0.103326 
0.6 -1.85 0.155581 
0.6 -1.8 0.365979 
0.6 -1.75 0.609433 
0.6 -1.7 0.635383 
0.6 -1.65 1.183939 
0.6 -1.6 3.039593 
0.6 -1.55 4.393714 
0.6 -1.5 4.276845 
0.6 -1.45 7.598697 
0.6 -1.4 15.564077 
0.6 -1.35 21.307322 
0.6 -1.3 39.664598 
0.6 -1.25 46.408452 
0.6 -1.2 105.780682 
0.6 -1.15 123.330824 
0.6 -1.1 183.169344 
0.6 -1.05 281.753490 
0.6 -1 407.851161 
0.6 -0.95 712.681817 
0.65 -2 0.084899 
0.65 -1.95 0.175758 
0.65 -1.9 0.226905 
0.65 -1.85 0.255342 
0.65 -1.8 0.422901 
0.65 -1.75 1.212944 
0.65 -1.7 1.107947 
0.65 -1.65 2.784548 
0.65 -1.6 4.546865 
0.65 -1.55 10.477383 
0.65 -1.5 7.707143 
0.65 -1.45 13.642962 
0.65 -1.4 16.758711 
0.65 -1.35 34.936046 
0.65 -1.3 46.857711 
0.65 -1.25 58.223236 
0.65 -1.2 113.136156 
0.65 -1.15 176.489654 
0.65 -1.1 304.002754 
0.65 -1.05 521.872385 
0.65 -1 628.046706 
0.7 -2 0.110498 
0.7 -1.95 0.241727 
0.7 -1.9 0.320362 
0.7 -1.85 0.447227 
0.7 -1.8 0.793019 
0.7 -1.75 1.313220 
0.7 -1.7 1.652686 
0.7 -1.65 2.961441 
0.7 -1.6 5.476378 
0.7 -1.55 7.927541 
0.7 -1.5 21.679477 
0.7 -1.45 18.077196 
0.7 -1.4 40.031886 
0.7 -1.35 69.310424 
0.7 -1.3 105.330935 
0.7 -1.25 112.371009 
0.7 -1.2 174.009414 
0.7 -1.15 325.362867 
0.7 -1.1 447.064180 
0.7 -1.05 790.415763 
0.75 -2 0.135544 
0.75 -1.95 0.397083 
0.75 -1.9 0.740937 
0.75 -1.85 0.665576 
0.75 -1.8 1.149388 
0.75 -1.75 1.551043 
0.75 -1.7 2.478002 
0.75 -1.65 6.380235 
0.75 -1.6 10.716087 
0.75 -1.55 12.080652 
0.75 -1.5 20.337407 
0.75 -1.45 36.217281 
0.75 -1.4 45.276691 
0.75 -1.35 80.081927 
0.75 -1.3 151.507008 
0.75 -1.25 194.744207 
0.75 -1.2 290.125459 
0.75 -1.15 443.521726 
0.75 -1.1 682.952647 
0.8 -2 0.262348 
0.8 -1.95 0.463857 
0.8 -1.9 0.891442 
0.8 -1.85 1.021144 
0.8 -1.8 2.037556 
0.8 -1.75 2.327378 
0.8 -1.7 4.653267 
0.8 -1.65 12.737916 
0.8 -1.6 14.617857 
0.8 -1.55 21.277614 
0.8 -1.5 33.127395 
0.8 -1.45 42.783338 
0.8 -1.4 78.529962 
0.8 -1.35 157.317677 
0.8 -1.3 180.343579 
0.8 -1.25 377.833475 
0.8 -1.2 452.278810 
0.8 -1.15 691.677254 
0.85 -2 0.396818 
0.85 -1.95 0.738071 
0.85 -1.9 0.983850 
0.85 -1.85 2.105067 
0.85 -1.8 6.132225 
0.85 -1.75 6.531744 
0.85 -1.7 10.455626 
0.85 -1.65 20.550062 
0.85 -1.6 27.893229 
0.85 -1.55 37.551508 
0.85 -1.5 55.843332 
0.85 -1.45 77.602939 
0.85 -1.4 154.304192 
0.85 -1.35 248.738148 
0.85 -1.3 306.087298 
0.85 -1.25 472.634857 
0.85 -1.2 623.894636 
0.9 -2 0.704357 
0.9 -1.95 1.934913 
0.9 -1.9 1.579703 
0.9 -1.85 3.164800 
0.9 -1.8 7.650226 
0.9 -1.75 13.344289 
0.9 -1.7 12.308461 
0.9 -1.65 23.971498 
0.9 -1.6 30.998913 
0.9 -1.55 37.357200 
0.9 -1.5 68.776512 
0.9 -1.45 254.338735 
0.9 -1.4 195.514222 
0.9 -1.35 293.956206 
0.9 -1.3 595.295797 
0.9 -1.25 736.354455 
0.95 -2 0.896756 
0.95 -1.95 2.008365 
0.95 -1.9 3.860066 
0.95 -1.85 5.135025 
0.95 -1.8 11.329004 
0.95 -1.75 11.948936 
0.95 -1.7 17.092851 
0.95 -1.65 24.322318 
0.95 -1.6 43.115457 
0.95 -1.55 83.462066 
0.95 -1.5 126.089067 
0.95 -1.45 202.385384 
0.95 -1.4 265.061647 
0.95 -1.35 663.361538 
0.95 -1.3 633.443806 
1 -2 1.565803 
1 -1.95 3.929584 
1 -1.9 5.343747 
1 -1.85 7.574313 
1 -1.8 13.565717 
1 -1.75 18.376503 
1 -1.7 39.308928 
1 -1.65 98.712725 
1 -1.6 76.412975 
1 -1.55 128.354826 
1 -1.5 199.308140 
1 -1.45 425.188800 
1 -1.4 745.963595 
1 -1.35 677.934216 
