-0.45 -0.35 2029.421352 
-0.45 -0.348 1916.044291 
-0.45 -0.346 1801.698488 
-0.45 -0.344 1687.121562 
-0.45 -0.342 1574.174976 
-0.45 -0.34 1462.139870 
-0.45 -0.338 1352.140539 
-0.45 -0.336 1243.836869 
-0.45 -0.334 1138.695565 
-0.45 -0.332 1036.291328 
-0.45 -0.33 937.563422 
-0.45 -0.328 842.423328 
-0.45 -0.326 750.730817 
-0.45 -0.324 663.453380 
-0.45 -0.322 580.825872 
-0.45 -0.32 502.926856 
-0.45 -0.318 430.545057 
-0.45 -0.316 363.862417 
-0.45 -0.314 303.455520 
-0.45 -0.312 249.729007 
-0.45 -0.31 203.471852 
-0.45 -0.308 164.409303 
-0.45 -0.306 133.429327 
-0.45 -0.304 110.730929 
-0.45 -0.302 96.703036 
-0.45 -0.3 91.479655 
-0.45 -0.298 95.688661 
-0.45 -0.296 109.352452 
-0.45 -0.294 132.660940 
-0.45 -0.292 165.583748 
-0.45 -0.29 208.104834 
-0.45 -0.288 260.389073 
-0.45 -0.286 322.022034 
-0.45 -0.284 392.862305 
-0.45 -0.282 472.877206 
-0.45 -0.28 561.069189 
-0.45 -0.278 657.985238 
-0.45 -0.276 762.639770 
-0.45 -0.274 875.442993 
-0.45 -0.272 995.430244 
-0.45 -0.27 1121.629393 
-0.45 -0.268 1254.140505 
-0.45 -0.266 1392.526973 
-0.45 -0.264 1538.482661 
-0.45 -0.262 1689.540935 
-0.45 -0.26 1845.592829 
-0.45 -0.258 2007.873659 
-0.45 -0.256 2175.832000 
-0.45 -0.254 2349.162108 
-0.45 -0.252 2527.758339 
-0.45 -0.25 2711.858794 
-0.448 -0.35 2037.364040 
-0.448 -0.348 1923.184326 
-0.448 -0.346 1808.019404 
-0.448 -0.344 1692.617309 
-0.448 -0.342 1578.854783 
-0.448 -0.34 1466.013905 
-0.448 -0.338 1355.225631 
-0.448 -0.336 1246.150209 
-0.448 -0.334 1140.251152 
-0.448 -0.332 1037.096127 
-0.448 -0.33 937.635607 
-0.448 -0.328 841.792390 
-0.448 -0.326 749.413541 
-0.448 -0.324 661.482398 
-0.448 -0.322 578.230194 
-0.448 -0.32 499.741127 
-0.448 -0.318 426.805619 
-0.448 -0.316 359.603264 
-0.448 -0.314 298.717720 
-0.448 -0.312 244.559599 
-0.448 -0.31 197.921582 
-0.448 -0.308 158.537093 
-0.448 -0.306 127.298847 
-0.448 -0.304 104.415546 
-0.448 -0.302 90.279842 
-0.448 -0.3 85.035405 
-0.448 -0.298 89.306764 
-0.448 -0.296 103.127123 
-0.448 -0.294 126.685174 
-0.448 -0.292 159.960533 
-0.448 -0.29 202.937079 
-0.448 -0.288 255.775035 
-0.448 -0.286 318.071617 
-0.448 -0.284 389.665639 
-0.448 -0.282 470.544547 
-0.448 -0.28 559.701911 
-0.448 -0.278 657.656314 
-0.448 -0.276 763.442828 
-0.448 -0.274 877.456149 
-0.448 -0.272 998.736520 
-0.448 -0.27 1126.309711 
-0.448 -0.268 1260.260564 
-0.448 -0.266 1400.155658 
-0.448 -0.264 1547.681561 
-0.448 -0.262 1700.373403 
-0.448 -0.26 1858.126542 
-0.448 -0.258 2022.172709 
-0.448 -0.256 2191.970779 
-0.448 -0.254 2367.212722 
-0.448 -0.252 2547.798367 
-0.448 -0.25 2733.966949 
-0.446 -0.35 2045.549841 
-0.446 -0.348 1930.566209 
-0.446 -0.346 1814.579274 
-0.446 -0.344 1698.347853 
-0.446 -0.342 1583.767840 
-0.446 -0.34 1470.119010 
-0.446 -0.338 1358.537683 
-0.446 -0.336 1248.686507 
-0.446 -0.334 1142.026491 
-0.446 -0.332 1038.119471 
-0.446 -0.33 937.920582 
-0.446 -0.328 841.373107 
-0.446 -0.326 748.304072 
-0.446 -0.324 659.717075 
-0.446 -0.322 575.835977 
-0.446 -0.32 496.755727 
-0.446 -0.318 423.263499 
-0.446 -0.316 355.538636 
-0.446 -0.314 294.172261 
-0.446 -0.312 239.579620 
-0.446 -0.31 192.557359 
-0.446 -0.308 152.849947 
-0.446 -0.306 121.351894 
-0.446 -0.304 98.281221 
-0.446 -0.302 84.037191 
-0.446 -0.3 78.770841 
-0.446 -0.298 83.106297 
-0.446 -0.296 97.083916 
-0.446 -0.294 120.894420 
-0.446 -0.292 154.526796 
-0.446 -0.29 197.963451 
-0.446 -0.288 251.360101 
-0.446 -0.286 314.326375 
-0.446 -0.284 386.683046 
-0.446 -0.282 468.434496 
-0.446 -0.28 558.567922 
-0.446 -0.278 657.573012 
-0.446 -0.276 764.505142 
-0.446 -0.274 879.742438 
-0.446 -0.272 1002.328299 
-0.446 -0.27 1131.291475 
-0.446 -0.268 1266.698405 
-0.446 -0.266 1408.120417 
-0.446 -0.264 1557.235019 
-0.446 -0.262 1711.578369 
-0.446 -0.26 1871.050659 
-0.446 -0.258 2036.883335 
-0.446 -0.256 2208.543628 
-0.446 -0.254 2385.716696 
-0.446 -0.252 2568.314120 
-0.446 -0.25 2756.575633 
-0.444 -0.35 2053.986294 
-0.444 -0.348 1938.193866 
-0.444 -0.346 1821.381715 
-0.444 -0.344 1704.320609 
-0.444 -0.342 1588.917656 
-0.444 -0.34 1474.458233 
-0.444 -0.338 1362.079867 
-0.444 -0.336 1251.450421 
-0.444 -0.334 1144.027857 
-0.444 -0.332 1039.364680 
-0.444 -0.33 938.426447 
-0.444 -0.328 841.169976 
-0.444 -0.326 747.409174 
-0.444 -0.324 658.161587 
-0.444 -0.322 573.651769 
-0.444 -0.32 493.975371 
-0.444 -0.318 419.924397 
-0.444 -0.316 351.675223 
-0.444 -0.314 289.824547 
-0.444 -0.312 234.795644 
-0.444 -0.31 187.385889 
-0.444 -0.308 147.354123 
-0.444 -0.306 115.592470 
-0.444 -0.304 92.334738 
-0.444 -0.302 77.980365 
-0.444 -0.3 72.692356 
-0.444 -0.298 77.092240 
-0.444 -0.296 91.229768 
-0.444 -0.294 115.294284 
-0.444 -0.292 149.287437 
-0.444 -0.29 193.187921 
-0.444 -0.288 247.150056 
-0.444 -0.286 310.793080 
-0.444 -0.284 383.921348 
-0.444 -0.282 466.554784 
-0.444 -0.28 557.673574 
-0.444 -0.278 657.740822 
-0.444 -0.276 765.832146 
-0.444 -0.274 882.305635 
-0.444 -0.272 1006.213140 
-0.444 -0.27 1136.581635 
-0.444 -0.268 1273.461526 
-0.444 -0.266 1416.426346 
-0.444 -0.264 1567.147707 
-0.444 -0.262 1723.160267 
-0.444 -0.26 1884.374390 
-0.444 -0.258 2052.010768 
-0.444 -0.256 2225.555177 
-0.444 -0.254 2404.681948 
-0.444 -0.252 2589.314051 
-0.444 -0.25 2779.692954 
-0.442 -0.35 2062.678383 
-0.442 -0.348 1946.073723 
-0.442 -0.346 1828.433601 
-0.442 -0.344 1710.538196 
-0.442 -0.342 1594.310695 
-0.442 -0.34 1479.036552 
-0.442 -0.338 1365.859665 
-0.442 -0.336 1254.449831 
-0.442 -0.334 1146.261756 
-0.442 -0.332 1040.837955 
-0.442 -0.33 939.158613 
-0.442 -0.328 841.190401 
-0.442 -0.326 746.734053 
-0.442 -0.324 656.824734 
-0.442 -0.322 571.680915 
-0.442 -0.32 491.407585 
-0.442 -0.318 416.795745 
-0.442 -0.316 348.018516 
-0.442 -0.314 285.681105 
-0.442 -0.312 230.212245 
-0.442 -0.31 182.412881 
-0.442 -0.308 142.054529 
-0.442 -0.306 110.029255 
-0.442 -0.304 86.581912 
-0.442 -0.302 72.116896 
-0.442 -0.3 66.807215 
-0.442 -0.298 71.271505 
-0.442 -0.296 85.568921 
-0.442 -0.294 109.890872 
-0.442 -0.292 144.248981 
-0.442 -0.29 188.618037 
-0.442 -0.288 243.150585 
-0.442 -0.286 307.478639 
-0.442 -0.284 381.385853 
-0.442 -0.282 464.910634 
-0.442 -0.28 557.028551 
-0.442 -0.278 658.168999 
-0.442 -0.276 767.430730 
-0.442 -0.274 885.154054 
-0.442 -0.272 1010.397313 
-0.442 -0.27 1142.187694 
-0.442 -0.268 1280.557208 
-0.442 -0.266 1425.083920 
-0.442 -0.264 1577.429771 
-0.442 -0.262 1735.130911 
-0.442 -0.26 1898.103460 
-0.442 -0.258 2067.566554 
-0.442 -0.256 2243.013262 
-0.442 -0.254 2424.116181 
-0.442 -0.252 2610.806569 
-0.442 -0.25 2803.329920 
-0.44 -0.35 2071.631534 
-0.44 -0.348 1954.212954 
-0.44 -0.346 1835.740819 
-0.44 -0.344 1717.007869 
-0.44 -0.342 1599.951889 
-0.44 -0.34 1483.861311 
-0.44 -0.338 1369.881905 
-0.44 -0.336 1257.688811 
-0.44 -0.334 1148.731649 
-0.44 -0.332 1042.548174 
-0.44 -0.33 940.121332 
-0.44 -0.328 841.439213 
-0.44 -0.326 746.285437 
-0.44 -0.324 655.710759 
-0.44 -0.322 569.931575 
-0.44 -0.32 489.057897 
-0.44 -0.318 413.882453 
-0.44 -0.316 344.574498 
-0.44 -0.314 281.747870 
-0.44 -0.312 225.836605 
-0.44 -0.31 177.646162 
-0.44 -0.308 136.958254 
-0.44 -0.306 104.666286 
-0.44 -0.304 81.027885 
-0.44 -0.302 66.451751 
-0.44 -0.3 61.120280 
-0.44 -0.298 65.650937 
-0.44 -0.296 80.110454 
-0.44 -0.294 104.691542 
-0.44 -0.292 139.416905 
-0.44 -0.29 184.259577 
-0.44 -0.288 239.368414 
-0.44 -0.286 304.387876 
-0.44 -0.284 379.081720 
-0.44 -0.282 463.509089 
-0.44 -0.28 556.635540 
-0.44 -0.278 658.861141 
-0.44 -0.276 769.307771 
-0.44 -0.274 888.296033 
-0.44 -0.272 1014.889369 
-0.44 -0.27 1148.116911 
-0.44 -0.268 1287.993253 
-0.44 -0.266 1434.098153 
-0.44 -0.264 1588.086490 
-0.44 -0.262 1747.496007 
-0.44 -0.26 1912.247271 
-0.44 -0.258 2083.557375 
-0.44 -0.256 2260.929014 
-0.44 -0.254 2444.030829 
-0.44 -0.252 2632.802030 
-0.44 -0.25 2827.491061 
-0.438 -0.35 2080.849639 
-0.438 -0.348 1962.613962 
-0.438 -0.346 1843.307681 
-0.438 -0.344 1723.734039 
-0.438 -0.342 1605.847155 
-0.438 -0.34 1488.936647 
-0.438 -0.338 1374.153256 
-0.438 -0.336 1261.172800 
-0.438 -0.334 1151.446073 
-0.438 -0.332 1044.498102 
-0.438 -0.33 941.321799 
-0.438 -0.328 841.924722 
-0.438 -0.326 746.067846 
-0.438 -0.324 654.826257 
-0.438 -0.322 568.408490 
-0.438 -0.32 486.932706 
-0.438 -0.318 411.190727 
-0.438 -0.316 341.350584 
-0.438 -0.314 278.030846 
-0.438 -0.312 221.675551 
-0.438 -0.31 173.090752 
-0.438 -0.308 132.071563 
-0.438 -0.306 99.510850 
-0.438 -0.304 75.680596 
-0.438 -0.302 60.992554 
-0.438 -0.3 55.638785 
-0.438 -0.298 60.235430 
-0.438 -0.296 74.858788 
-0.438 -0.294 99.701486 
-0.438 -0.292 134.798246 
-0.438 -0.29 180.120100 
-0.438 -0.288 235.810113 
-0.438 -0.286 301.528965 
-0.438 -0.284 377.018220 
-0.438 -0.282 462.356353 
-0.438 -0.28 556.502488 
-0.438 -0.278 659.825525 
-0.438 -0.276 771.469620 
-0.438 -0.274 891.736768 
-0.438 -0.272 1019.694545 
-0.438 -0.27 1154.377006 
-0.438 -0.268 1295.775277 
-0.438 -0.266 1443.478532 
-0.438 -0.264 1599.127238 
-0.438 -0.262 1760.263630 
-0.438 -0.26 1926.812377 
-0.438 -0.258 2099.990279 
-0.438 -0.256 2279.309433 
-0.438 -0.254 2464.432688 
-0.438 -0.252 2655.309770 
-0.438 -0.25 2852.192557 
-0.436 -0.35 2090.338884 
-0.436 -0.348 1971.284795 
-0.436 -0.346 1851.142086 
-0.436 -0.344 1730.724104 
-0.436 -0.342 1612.002142 
-0.436 -0.34 1494.269240 
-0.436 -0.338 1378.678459 
-0.436 -0.336 1264.910119 
-0.436 -0.334 1154.409133 
-0.436 -0.332 1046.695075 
-0.436 -0.33 942.766388 
-0.436 -0.328 842.649337 
-0.436 -0.326 746.089107 
-0.436 -0.324 654.177012 
-0.436 -0.322 567.119086 
-0.436 -0.32 485.038990 
-0.436 -0.318 408.727547 
-0.436 -0.316 338.351933 
-0.436 -0.314 274.537849 
-0.436 -0.312 217.735261 
-0.436 -0.31 168.753122 
-0.436 -0.308 127.400271 
-0.436 -0.306 94.570088 
-0.436 -0.304 70.546000 
-0.436 -0.302 55.744473 
-0.436 -0.3 50.369215 
-0.436 -0.298 55.032565 
-0.436 -0.296 69.820935 
-0.436 -0.294 94.927615 
-0.436 -0.292 130.398595 
-0.436 -0.29 176.203956 
-0.436 -0.288 232.482240 
-0.436 -0.286 298.906550 
-0.436 -0.284 375.200957 
-0.436 -0.282 461.459703 
-0.436 -0.28 556.637515 
-0.436 -0.278 661.068713 
-0.436 -0.276 773.924272 
-0.436 -0.274 895.483235 
-0.436 -0.272 1024.821870 
-0.436 -0.27 1160.974429 
-0.436 -0.268 1303.913378 
-0.436 -0.266 1453.230871 
-0.436 -0.264 1610.558286 
-0.436 -0.262 1773.442596 
-0.436 -0.26 1941.809619 
-0.436 -0.258 2116.876844 
-0.436 -0.256 2298.163242 
-0.436 -0.254 2485.330791 
-0.436 -0.252 2678.337328 
-0.436 -0.25 2877.435632 
-0.434 -0.35 2100.105355 
-0.434 -0.348 1980.229128 
-0.434 -0.346 1859.246526 
-0.434 -0.344 1737.982068 
-0.434 -0.342 1618.422658 
-0.434 -0.34 1499.864848 
-0.434 -0.338 1383.464454 
-0.434 -0.336 1268.905385 
-0.434 -0.334 1157.628590 
-0.434 -0.332 1049.144266 
-0.434 -0.33 944.461443 
-0.434 -0.328 843.622530 
-0.434 -0.326 746.355646 
-0.434 -0.324 653.771381 
-0.434 -0.322 566.068820 
-0.434 -0.32 483.381288 
-0.434 -0.318 406.499995 
-0.434 -0.316 335.585997 
-0.434 -0.314 271.274862 
-0.434 -0.312 214.022195 
-0.434 -0.31 164.641191 
-0.434 -0.308 122.952887 
-0.434 -0.306 89.850159 
-0.434 -0.304 65.630835 
-0.434 -0.302 50.715205 
-0.434 -0.3 45.317685 
-0.434 -0.298 50.048576 
-0.434 -0.296 65.003910 
-0.434 -0.294 90.376961 
-0.434 -0.292 126.226419 
-0.434 -0.29 172.519096 
-0.434 -0.288 229.390797 
-0.434 -0.286 296.529365 
-0.434 -0.284 373.635176 
-0.434 -0.282 460.824659 
-0.434 -0.28 557.046155 
-0.434 -0.278 662.598245 
-0.434 -0.276 776.677845 
-0.434 -0.274 899.544428 
-0.434 -0.272 1030.278943 
-0.434 -0.27 1167.918532 
-0.434 -0.268 1312.415527 
-0.434 -0.266 1463.365647 
-0.434 -0.264 1622.391005 
-0.434 -0.262 1787.039530 
-0.434 -0.26 1957.246420 
-0.434 -0.258 2134.223856 
-0.434 -0.256 2317.499580 
-0.434 -0.254 2506.734322 
-0.434 -0.252 2701.893294 
-0.434 -0.25 2903.235977 
-0.432 -0.35 2110.156743 
-0.432 -0.348 1989.454340 
-0.432 -0.346 1867.628627 
-0.432 -0.344 1745.515406 
-0.432 -0.342 1625.115258 
-0.432 -0.34 1505.729834 
-0.432 -0.338 1388.516323 
-0.432 -0.336 1273.163803 
-0.432 -0.334 1161.109820 
-0.432 -0.332 1051.852954 
-0.432 -0.33 946.411886 
-0.432 -0.328 844.848684 
-0.432 -0.326 746.872992 
-0.432 -0.324 653.614130 
-0.432 -0.322 565.266421 
-0.432 -0.32 481.968361 
-0.432 -0.318 404.513554 
-0.432 -0.316 333.059618 
-0.432 -0.314 268.248274 
-0.432 -0.312 210.543819 
-0.432 -0.31 160.760639 
-0.432 -0.308 118.734504 
-0.432 -0.306 85.357390 
-0.432 -0.304 60.941927 
-0.432 -0.302 45.911228 
-0.432 -0.3 40.491376 
-0.432 -0.298 45.290236 
-0.432 -0.296 60.413468 
-0.432 -0.294 86.055539 
-0.432 -0.292 122.287088 
-0.432 -0.29 169.072688 
-0.432 -0.288 226.544082 
-0.432 -0.286 294.404060 
-0.432 -0.284 372.329482 
-0.432 -0.282 460.460709 
-0.432 -0.28 557.736525 
-0.432 -0.278 664.422189 
-0.432 -0.276 779.739248 
-0.432 -0.274 903.925850 
-0.432 -0.272 1036.072003 
-0.432 -0.27 1175.214853 
-0.432 -0.268 1321.287736 
-0.432 -0.266 1473.890502 
-0.432 -0.264 1634.630644 
-0.432 -0.262 1801.064867 
-0.432 -0.26 1973.132140 
-0.432 -0.258 2152.039258 
-0.432 -0.256 2337.326829 
-0.432 -0.254 2528.653893 
-0.432 -0.252 2725.992204 
-0.432 -0.25 2929.601179 
-0.43 -0.35 2120.494625 
-0.43 -0.348 1998.966119 
-0.43 -0.346 1876.295308 
-0.43 -0.344 1753.329739 
-0.43 -0.342 1632.085184 
-0.43 -0.34 1511.869417 
-0.43 -0.338 1393.840560 
-0.43 -0.336 1277.693502 
-0.43 -0.334 1164.859932 
-0.43 -0.332 1054.827376 
-0.43 -0.33 948.626870 
-0.43 -0.328 846.336745 
-0.43 -0.326 747.649194 
-0.43 -0.324 653.712780 
-0.43 -0.322 564.716579 
-0.43 -0.32 480.806812 
-0.43 -0.318 402.775855 
-0.43 -0.316 330.779129 
-0.43 -0.314 265.466079 
-0.43 -0.312 207.306755 
-0.43 -0.31 157.119201 
-0.43 -0.308 114.752449 
-0.43 -0.306 81.099393 
-0.43 -0.304 56.485960 
-0.43 -0.302 41.339460 
-0.43 -0.3 35.897670 
-0.43 -0.298 40.764436 
-0.43 -0.296 56.057614 
-0.43 -0.294 81.970184 
-0.43 -0.292 118.587823 
-0.43 -0.29 165.870839 
-0.43 -0.288 223.948116 
-0.43 -0.286 292.535487 
-0.43 -0.284 371.291120 
-0.43 -0.282 460.372869 
-0.43 -0.28 558.715345 
-0.43 -0.278 666.545891 
-0.43 -0.276 783.114714 
-0.43 -0.274 908.637342 
-0.43 -0.272 1042.209128 
-0.43 -0.27 1182.872988 
-0.43 -0.268 1330.537830 
-0.43 -0.266 1484.811886 
-0.43 -0.264 1647.287143 
-0.43 -0.262 1815.526400 
-0.43 -0.26 1989.474401 
-0.43 -0.258 2170.332937 
-0.43 -0.256 2357.656914 
-0.43 -0.254 2551.096141 
-0.43 -0.252 2750.637262 
-0.43 -0.25 2956.541496 
-0.428 -0.35 2131.128116 
-0.428 -0.348 2008.770473 
-0.428 -0.346 1885.250044 
-0.428 -0.344 1761.428900 
-0.428 -0.342 1639.339261 
-0.428 -0.34 1518.290073 
-0.428 -0.338 1399.446121 
-0.428 -0.336 1282.501283 
-0.428 -0.334 1168.883765 
-0.428 -0.332 1058.073761 
-0.428 -0.33 951.110896 
-0.428 -0.328 848.092146 
-0.428 -0.326 748.689470 
-0.428 -0.324 654.073270 
-0.428 -0.322 564.426534 
-0.428 -0.32 479.903938 
-0.428 -0.318 401.294228 
-0.428 -0.316 328.752092 
-0.428 -0.314 262.934263 
-0.428 -0.312 204.317944 
-0.428 -0.31 153.723250 
-0.428 -0.308 111.014864 
-0.428 -0.306 77.083397 
-0.428 -0.304 52.270481 
-0.428 -0.302 37.006969 
-0.428 -0.3 31.542805 
-0.428 -0.298 36.478709 
-0.428 -0.296 51.942612 
-0.428 -0.294 78.128954 
-0.428 -0.292 115.135108 
-0.428 -0.29 162.921454 
-0.428 -0.288 221.609334 
-0.428 -0.286 290.933564 
-0.428 -0.284 370.526173 
-0.428 -0.282 460.568923 
-0.428 -0.28 559.988568 
-0.428 -0.278 668.977785 
-0.428 -0.276 786.811755 
-0.428 -0.274 913.683650 
-0.428 -0.272 1048.699199 
-0.428 -0.27 1190.899698 
-0.428 -0.268 1340.176428 
-0.428 -0.266 1496.139626 
-0.428 -0.264 1660.367657 
-0.428 -0.262 1830.431759 
-0.428 -0.26 2006.280699 
-0.428 -0.258 2189.114730 
-0.428 -0.256 2378.494586 
-0.428 -0.254 2574.071692 
-0.428 -0.252 2775.840644 
-0.428 -0.25 2984.067591 
-0.426 -0.35 2142.063201 
-0.426 -0.348 2018.873059 
-0.426 -0.346 1894.502135 
-0.426 -0.344 1769.823023 
-0.426 -0.342 1646.885934 
-0.426 -0.34 1525.000112 
-0.426 -0.338 1405.334973 
-0.426 -0.336 1287.591015 
-0.426 -0.334 1173.189565 
-0.426 -0.332 1061.600411 
-0.426 -0.33 953.872003 
-0.426 -0.328 850.121346 
-0.426 -0.326 750.001776 
-0.426 -0.324 654.704233 
-0.426 -0.322 564.404365 
-0.426 -0.32 479.265638 
-0.426 -0.318 400.075336 
-0.426 -0.316 326.985784 
-0.426 -0.314 260.660413 
-0.426 -0.312 201.584355 
-0.426 -0.31 150.580834 
-0.426 -0.308 107.527753 
-0.426 -0.306 73.316204 
-0.426 -0.304 48.302357 
-0.426 -0.302 32.920974 
-0.426 -0.3 27.434370 
-0.426 -0.298 32.439941 
-0.426 -0.296 48.076149 
-0.426 -0.294 74.537890 
-0.426 -0.292 111.937518 
-0.426 -0.29 160.230889 
-0.426 -0.288 219.535586 
-0.426 -0.286 289.603630 
-0.426 -0.284 370.043108 
-0.426 -0.282 461.056426 
-0.426 -0.28 561.566828 
-0.426 -0.278 671.725400 
-0.426 -0.276 790.838775 
-0.426 -0.274 919.076141 
-0.426 -0.272 1055.548120 
-0.426 -0.27 1199.305184 
-0.426 -0.268 1350.209584 
-0.426 -0.266 1507.880989 
-0.426 -0.264 1673.883026 
-0.426 -0.262 1845.792436 
-0.426 -0.26 2023.563590 
-0.426 -0.258 2208.391061 
-0.426 -0.256 2399.852735 
-0.426 -0.254 2597.591660 
-0.426 -0.252 2801.612768 
-0.426 -0.25 3012.184603 
-0.424 -0.35 2153.302547 
-0.424 -0.348 2029.279888 
-0.424 -0.346 1904.055392 
-0.424 -0.344 1778.515580 
-0.424 -0.342 1654.726997 
-0.424 -0.34 1532.004025 
-0.424 -0.338 1411.516988 
-0.424 -0.336 1292.971590 
-0.424 -0.334 1177.783741 
-0.424 -0.332 1065.412756 
-0.424 -0.33 956.916169 
-0.424 -0.328 852.432504 
-0.424 -0.326 751.593739 
-0.424 -0.324 655.611162 
-0.424 -0.322 564.656603 
-0.424 -0.32 478.898832 
-0.424 -0.318 399.126612 
-0.424 -0.316 325.487496 
-0.424 -0.314 258.652239 
-0.424 -0.312 199.113953 
-0.424 -0.31 147.698886 
-0.424 -0.308 104.299128 
-0.424 -0.306 69.805149 
-0.424 -0.304 44.589132 
-0.424 -0.302 29.089058 
-0.424 -0.3 23.579660 
-0.424 -0.298 28.655114 
-0.424 -0.296 44.465212 
-0.424 -0.294 71.205430 
-0.424 -0.292 109.000941 
-0.424 -0.29 157.806282 
-0.424 -0.288 217.734869 
-0.424 -0.286 288.553661 
-0.424 -0.284 369.848430 
-0.424 -0.282 461.842786 
-0.424 -0.28 563.455008 
-0.424 -0.278 674.797416 
-0.424 -0.276 795.203099 
-0.424 -0.274 924.819038 
-0.424 -0.272 1062.765284 
-0.424 -0.27 1208.094603 
-0.424 -0.268 1360.646501 
-0.424 -0.266 1520.046408 
-0.424 -0.264 1687.841524 
-0.424 -0.262 1861.615620 
-0.424 -0.26 2041.329179 
-0.424 -0.258 2228.172931 
-0.424 -0.256 2421.739054 
-0.424 -0.254 2621.664343 
-0.424 -0.252 2827.962393 
-0.424 -0.25 3040.910146 
-0.422 -0.35 2164.857495 
-0.422 -0.348 2039.998522 
-0.422 -0.346 1913.918278 
-0.422 -0.344 1787.515250 
-0.422 -0.342 1662.872375 
-0.422 -0.34 1539.309710 
-0.422 -0.338 1417.998113 
-0.422 -0.336 1298.648801 
-0.422 -0.334 1182.673533 
-0.422 -0.332 1069.518880 
-0.422 -0.33 960.250880 
-0.422 -0.328 855.031642 
-0.422 -0.326 753.470756 
-0.422 -0.324 656.801596 
-0.422 -0.322 565.190898 
-0.422 -0.32 478.812628 
-0.422 -0.318 398.455858 
-0.422 -0.316 324.263897 
-0.422 -0.314 256.916931 
-0.422 -0.312 196.914514 
-0.422 -0.31 145.084784 
-0.422 -0.308 101.336958 
-0.422 -0.306 66.558277 
-0.422 -0.304 41.137806 
-0.422 -0.302 25.518554 
-0.422 -0.3 19.986235 
-0.422 -0.298 25.132088 
-0.422 -0.296 41.117758 
-0.422 -0.294 68.138254 
-0.422 -0.292 106.333616 
-0.422 -0.29 155.656038 
-0.422 -0.288 216.214085 
-0.422 -0.286 287.791551 
-0.422 -0.284 369.948839 
-0.422 -0.282 462.936065 
-0.422 -0.28 565.662349 
-0.422 -0.278 678.199511 
-0.422 -0.276 799.912633 
-0.422 -0.274 930.923380 
-0.422 -0.272 1070.359828 
-0.422 -0.27 1217.279469 
-0.422 -0.268 1371.495333 
-0.422 -0.266 1532.642484 
-0.422 -0.264 1702.248970 
-0.422 -0.262 1877.908330 
-0.422 -0.26 2059.589417 
-0.422 -0.258 2248.472815 
-0.422 -0.256 2444.163785 
-0.422 -0.254 2646.297859 
-0.422 -0.252 2854.900281 
-0.422 -0.25 3070.251235 
-0.42 -0.35 2176.731289 
-0.42 -0.348 2051.034717 
-0.42 -0.346 1924.094746 
-0.42 -0.344 1796.826860 
-0.42 -0.342 1671.327401 
-0.42 -0.34 1546.921364 
-0.42 -0.338 1424.784809 
-0.42 -0.336 1304.631104 
-0.42 -0.334 1187.864667 
-0.42 -0.332 1073.924421 
-0.42 -0.33 963.882993 
-0.42 -0.328 857.926211 
-0.42 -0.326 755.641283 
-0.42 -0.324 658.284551 
-0.42 -0.322 566.013017 
-0.42 -0.32 479.013639 
-0.42 -0.318 398.069844 
-0.42 -0.316 323.323662 
-0.42 -0.314 255.462091 
-0.42 -0.312 194.992721 
-0.42 -0.31 142.746865 
-0.42 -0.308 98.647546 
-0.42 -0.306 63.582781 
-0.42 -0.304 37.957174 
-0.42 -0.302 22.216984 
-0.42 -0.3 16.661641 
-0.42 -0.298 21.878560 
-0.42 -0.296 38.040476 
-0.42 -0.294 65.343893 
-0.42 -0.292 103.943098 
-0.42 -0.29 153.787848 
-0.42 -0.288 214.980398 
-0.42 -0.286 287.324683 
-0.42 -0.284 370.354501 
-0.42 -0.282 464.344294 
-0.42 -0.28 568.195734 
-0.42 -0.278 681.942360 
-0.42 -0.276 804.975810 
-0.42 -0.274 937.395426 
-0.42 -0.272 1078.338921 
-0.42 -0.27 1226.865720 
-0.42 -0.268 1382.764211 
-0.42 -0.266 1545.678686 
-0.42 -0.264 1717.116671 
-0.42 -0.262 1894.683693 
-0.42 -0.26 2078.351321 
-0.42 -0.258 2269.296203 
-0.42 -0.256 2467.136624 
-0.42 -0.254 2671.504811 
-0.42 -0.252 2882.438247 
-0.42 -0.25 3100.213744 
-0.418 -0.35 2188.930819 
-0.418 -0.348 2062.393331 
-0.418 -0.346 1934.593334 
-0.418 -0.344 1806.457296 
-0.418 -0.342 1680.100436 
-0.418 -0.34 1554.849113 
-0.418 -0.338 1431.883513 
-0.418 -0.336 1310.923428 
-0.418 -0.334 1193.364626 
-0.418 -0.332 1078.637150 
-0.418 -0.33 967.820770 
-0.418 -0.328 861.123755 
-0.418 -0.326 758.112807 
-0.418 -0.324 660.066063 
-0.418 -0.322 567.133980 
-0.418 -0.32 479.509250 
-0.418 -0.318 397.977831 
-0.418 -0.316 322.674113 
-0.418 -0.314 254.295902 
-0.418 -0.312 193.357645 
-0.418 -0.31 140.692668 
-0.418 -0.308 96.239780 
-0.418 -0.306 60.886737 
-0.418 -0.304 35.054359 
-0.418 -0.302 19.192371 
-0.418 -0.3 13.613792 
-0.418 -0.298 18.901807 
-0.418 -0.296 35.242172 
-0.418 -0.294 62.830684 
-0.418 -0.292 101.836740 
-0.418 -0.29 152.208601 
-0.418 -0.288 214.042417 
-0.418 -0.286 287.160857 
-0.418 -0.284 371.071605 
-0.418 -0.282 466.074160 
-0.418 -0.28 571.063869 
-0.418 -0.278 686.030773 
-0.418 -0.276 810.400506 
-0.418 -0.274 944.245083 
-0.418 -0.272 1086.709028 
-0.418 -0.27 1236.863562 
-0.418 -0.268 1394.465147 
-0.418 -0.266 1559.163778 
-0.418 -0.264 1732.453367 
-0.418 -0.262 1911.947999 
-0.418 -0.26 2097.625571 
-0.418 -0.258 2290.654430 
-0.418 -0.256 2490.668400 
-0.418 -0.254 2697.294811 
-0.418 -0.252 2910.582975 
-0.418 -0.25 3130.815914 
-0.416 -0.35 2201.464293 
-0.416 -0.348 2074.083180 
-0.416 -0.346 1945.421949 
-0.416 -0.344 1816.414561 
-0.416 -0.342 1689.196318 
-0.416 -0.34 1563.098691 
-0.416 -0.338 1439.303700 
-0.416 -0.336 1317.535841 
-0.416 -0.334 1199.183459 
-0.416 -0.332 1083.664950 
-0.416 -0.33 972.070770 
-0.416 -0.328 864.631842 
-0.416 -0.326 760.892810 
-0.416 -0.324 662.153592 
-0.416 -0.322 568.557844 
-0.416 -0.32 480.308309 
-0.416 -0.318 398.185397 
-0.416 -0.316 322.323120 
-0.416 -0.314 253.425966 
-0.416 -0.312 192.016157 
-0.416 -0.31 138.929834 
-0.416 -0.308 94.121610 
-0.416 -0.306 58.478399 
-0.416 -0.304 32.437351 
-0.416 -0.302 16.452353 
-0.416 -0.3 10.850656 
-0.416 -0.298 16.210709 
-0.416 -0.296 32.730363 
-0.416 -0.294 60.605833 
-0.416 -0.292 100.023112 
-0.416 -0.29 150.926834 
-0.416 -0.288 213.407620 
-0.416 -0.286 287.307620 
-0.416 -0.284 372.109062 
-0.416 -0.282 468.134408 
-0.416 -0.28 574.274970 
-0.416 -0.278 690.475045 
-0.416 -0.276 816.196401 
-0.416 -0.274 951.480195 
-0.416 -0.272 1095.484389 
-0.416 -0.27 1247.280304 
-0.416 -0.268 1406.602582 
-0.416 -0.266 1573.108595 
-0.416 -0.264 1748.270759 
-0.416 -0.262 1929.713515 
-0.416 -0.26 2117.422550 
-0.416 -0.258 2312.556172 
-0.416 -0.256 2514.769376 
-0.416 -0.254 2723.678815 
-0.416 -0.252 2939.347224 
-0.416 -0.25 3162.064704 
-0.414 -0.35 2214.335752 
-0.414 -0.348 2086.111839 
-0.414 -0.346 1956.583411 
-0.414 -0.344 1826.704923 
-0.414 -0.342 1698.623241 
-0.414 -0.34 1571.678101 
-0.414 -0.338 1447.049728 
-0.414 -0.336 1324.472170 
-0.414 -0.334 1205.323376 
-0.414 -0.332 1089.013388 
-0.414 -0.33 976.640617 
-0.414 -0.328 868.459197 
-0.414 -0.326 763.989664 
-0.414 -0.324 664.555315 
-0.414 -0.322 570.294648 
-0.414 -0.32 481.417583 
-0.414 -0.318 398.702689 
-0.414 -0.316 322.278989 
-0.414 -0.314 252.860777 
-0.414 -0.312 190.976648 
-0.414 -0.31 137.466448 
-0.414 -0.308 92.301153 
-0.414 -0.306 56.365493 
-0.414 -0.304 30.114621 
-0.414 -0.302 14.005786 
-0.414 -0.3 8.380128 
-0.414 -0.298 13.812343 
-0.414 -0.296 30.512907 
-0.414 -0.294 58.677988 
-0.414 -0.292 98.509656 
-0.414 -0.29 149.950440 
-0.414 -0.288 213.083864 
-0.414 -0.286 287.774159 
-0.414 -0.284 373.474217 
-0.414 -0.282 470.533268 
-0.414 -0.28 577.836728 
-0.414 -0.278 695.284211 
-0.414 -0.276 822.369730 
-0.414 -0.274 959.109393 
-0.414 -0.272 1104.668066 
-0.414 -0.27 1258.127279 
-0.414 -0.268 1419.188975 
-0.414 -0.266 1587.521259 
-0.414 -0.264 1764.573442 
-0.414 -0.262 1947.987182 
-0.414 -0.26 2137.748548 
-0.414 -0.258 2335.014012 
-0.414 -0.256 2539.446877 
-0.414 -0.254 2750.664902 
-0.414 -0.252 2968.741470 
-0.414 -0.25 3193.969583 
-0.412 -0.35 2227.553704 
-0.412 -0.348 2098.483904 
-0.412 -0.346 1968.088684 
-0.412 -0.344 1837.334377 
-0.412 -0.342 1708.388187 
-0.412 -0.34 1580.591865 
-0.412 -0.338 1455.130151 
-0.412 -0.336 1331.742282 
-0.412 -0.334 1211.796845 
-0.412 -0.332 1094.692539 
-0.412 -0.33 981.538386 
-0.412 -0.328 872.611579 
-0.412 -0.326 767.409216 
-0.412 -0.324 667.279531 
-0.412 -0.322 572.352166 
-0.412 -0.32 482.846027 
-0.412 -0.318 399.536646 
-0.412 -0.316 322.550022 
-0.412 -0.314 252.607851 
-0.412 -0.312 190.248204 
-0.412 -0.31 136.311827 
-0.412 -0.308 90.786763 
-0.412 -0.306 54.556248 
-0.412 -0.304 28.093890 
-0.412 -0.302 11.860211 
-0.412 -0.3 6.210781 
-0.412 -0.298 11.715551 
-0.412 -0.296 28.598286 
-0.412 -0.294 57.055152 
-0.412 -0.292 97.304866 
-0.412 -0.29 149.286620 
-0.412 -0.288 213.080365 
-0.412 -0.286 288.568366 
-0.412 -0.284 375.175741 
-0.412 -0.282 473.279680 
-0.412 -0.28 581.758905 
-0.412 -0.278 700.465595 
-0.412 -0.276 828.930938 
-0.412 -0.274 967.140755 
-0.412 -0.272 1114.271444 
-0.412 -0.27 1269.411426 
-0.412 -0.268 1432.232563 
-0.412 -0.266 1602.410991 
-0.412 -0.264 1781.374433 
-0.412 -0.262 1966.780959 
-0.412 -0.26 2158.617612 
-0.412 -0.258 2358.034208 
-0.412 -0.256 2564.713525 
-0.412 -0.254 2778.265393 
-0.412 -0.252 2998.774826 
-0.412 -0.25 3226.542681 
-0.41 -0.35 2241.124575 
-0.41 -0.348 2111.208680 
-0.41 -0.346 1979.943280 
-0.41 -0.344 1848.312579 
-0.41 -0.342 1718.498217 
-0.41 -0.34 1589.850473 
-0.41 -0.338 1463.552153 
-0.41 -0.336 1339.352261 
-0.41 -0.334 1218.608314 
-0.41 -0.332 1100.709343 
-0.41 -0.33 986.772413 
-0.41 -0.328 877.097534 
-0.41 -0.326 771.161660 
-0.41 -0.324 670.333733 
-0.41 -0.322 574.738520 
-0.41 -0.32 484.601094 
-0.41 -0.318 400.696360 
-0.41 -0.316 323.144027 
-0.41 -0.314 252.676566 
-0.41 -0.312 189.838326 
-0.41 -0.31 135.473442 
-0.41 -0.308 89.586892 
-0.41 -0.306 53.059786 
-0.41 -0.304 26.384379 
-0.41 -0.302 10.024444 
-0.41 -0.3 4.350767 
-0.41 -0.298 9.928490 
-0.41 -0.296 26.994672 
-0.41 -0.294 55.745564 
-0.41 -0.292 96.416551 
-0.41 -0.29 148.945272 
-0.41 -0.288 213.404098 
-0.41 -0.286 289.697105 
-0.41 -0.284 377.221513 
-0.41 -0.282 476.380500 
-0.41 -0.28 586.048630 
-0.41 -0.278 706.028560 
-0.41 -0.276 835.888890 
-0.41 -0.274 975.584619 
-0.41 -0.272 1124.304674 
-0.41 -0.27 1281.142572 
-0.41 -0.268 1445.742546 
-0.41 -0.266 1617.788391 
-0.41 -0.264 1798.684816 
-0.41 -0.262 1986.103451 
-0.41 -0.26 2180.036795 
-0.41 -0.258 2381.628795 
-0.41 -0.256 2590.578247 
-0.41 -0.254 2806.490825 
-0.41 -0.252 3029.461487 
-0.41 -0.25 3259.796601 
-0.408 -0.35 2255.056127 
-0.408 -0.348 2124.289453 
-0.408 -0.346 1992.154561 
-0.408 -0.344 1859.644506 
-0.408 -0.342 1728.960682 
-0.408 -0.34 1599.458453 
-0.408 -0.338 1472.325526 
-0.408 -0.336 1347.310558 
-0.408 -0.334 1225.768114 
-0.408 -0.332 1107.072314 
-0.408 -0.33 992.349507 
-0.408 -0.328 881.926676 
-0.408 -0.326 775.253568 
-0.408 -0.324 673.727260 
-0.408 -0.322 577.462609 
-0.408 -0.32 486.691968 
-0.408 -0.318 402.189674 
-0.408 -0.316 324.070232 
-0.408 -0.314 253.075046 
-0.408 -0.312 189.756218 
-0.408 -0.31 134.960544 
-0.408 -0.308 88.710256 
-0.408 -0.306 51.884070 
-0.408 -0.304 24.994011 
-0.408 -0.302 8.507101 
-0.408 -0.3 2.808906 
-0.408 -0.298 8.459840 
-0.408 -0.296 25.710825 
-0.408 -0.294 54.758170 
-0.408 -0.292 95.854374 
-0.408 -0.29 148.934038 
-0.408 -0.288 214.064000 
-0.408 -0.286 291.171475 
-0.408 -0.284 379.621391 
-0.408 -0.282 479.846288 
-0.408 -0.28 590.714206 
-0.408 -0.278 711.981100 
-0.408 -0.276 843.250190 
-0.408 -0.274 984.448071 
-0.408 -0.272 1134.776014 
-0.408 -0.27 1293.330442 
-0.408 -0.268 1459.727183 
-0.408 -0.266 1633.659983 
-0.408 -0.264 1816.509792 
-0.408 -0.262 2005.963391 
-0.408 -0.26 2202.018273 
-0.408 -0.258 2405.811024 
-0.408 -0.256 2617.054056 
-0.408 -0.254 2835.349326 
-0.408 -0.252 3060.810323 
-0.408 -0.25 3293.738422 
-0.406 -0.35 2269.354238 
-0.406 -0.348 2137.737685 
-0.406 -0.346 2004.727949 
-0.406 -0.344 1871.338831 
-0.406 -0.342 1739.784441 
-0.406 -0.34 1609.426840 
-0.406 -0.338 1481.453924 
-0.406 -0.336 1355.625847 
-0.406 -0.334 1233.282461 
-0.406 -0.332 1113.788571 
-0.406 -0.33 998.277605 
-0.406 -0.328 887.106428 
-0.406 -0.326 779.695549 
-0.406 -0.324 677.468084 
-0.406 -0.322 580.531240 
-0.406 -0.32 489.126866 
-0.406 -0.318 404.025585 
-0.406 -0.316 325.337342 
-0.406 -0.314 253.812361 
-0.406 -0.312 190.010480 
-0.406 -0.31 134.781626 
-0.406 -0.308 88.165367 
-0.406 -0.306 51.038439 
-0.406 -0.304 23.932080 
-0.406 -0.302 7.316769 
-0.406 -0.3 1.593834 
-0.406 -0.298 7.318350 
-0.406 -0.296 24.755321 
-0.406 -0.294 54.101217 
-0.406 -0.292 95.626083 
-0.406 -0.29 149.262469 
-0.406 -0.288 215.070242 
-0.406 -0.286 292.997843 
-0.406 -0.284 382.382338 
-0.406 -0.282 483.684672 
-0.406 -0.28 595.766155 
-0.406 -0.278 718.332961 
-0.406 -0.276 851.027050 
-0.406 -0.274 993.743043 
-0.406 -0.272 1145.693035 
-0.406 -0.27 1305.984105 
-0.406 -0.268 1474.197618 
-0.406 -0.266 1650.039680 
-0.406 -0.264 1834.864286 
-0.406 -0.262 2026.374240 
-0.406 -0.26 2224.572093 
-0.406 -0.258 2430.588575 
-0.406 -0.256 2644.149261 
-0.406 -0.254 2864.854556 
-0.406 -0.252 3092.829910 
-0.406 -0.25 3328.381197 
-0.404 -0.35 2284.027935 
-0.404 -0.348 2151.559638 
-0.404 -0.346 2017.675487 
-0.404 -0.344 1883.402017 
-0.404 -0.342 1750.975098 
-0.404 -0.34 1619.760128 
-0.404 -0.338 1490.948678 
-0.404 -0.336 1364.304485 
-0.404 -0.334 1241.160807 
-0.404 -0.332 1120.866085 
-0.404 -0.33 1004.567261 
-0.404 -0.328 892.643967 
-0.404 -0.326 784.492418 
-0.404 -0.324 681.564203 
-0.404 -0.322 583.955172 
-0.404 -0.32 491.915886 
-0.404 -0.318 406.214193 
-0.404 -0.316 326.953749 
-0.404 -0.314 254.897270 
-0.404 -0.312 190.610460 
-0.404 -0.31 134.945875 
-0.404 -0.308 87.961869 
-0.404 -0.306 50.531481 
-0.404 -0.304 23.207319 
-0.404 -0.302 6.462679 
-0.404 -0.3 0.714591 
-0.404 -0.298 6.512871 
-0.404 -0.296 24.137222 
-0.404 -0.294 53.783442 
-0.404 -0.292 95.740932 
-0.404 -0.29 149.938139 
-0.404 -0.288 216.429687 
-0.404 -0.286 295.186908 
-0.404 -0.284 385.515408 
-0.404 -0.282 487.905128 
-0.404 -0.28 601.212720 
-0.404 -0.278 725.093029 
-0.404 -0.276 859.227048 
-0.404 -0.274 1003.475982 
-0.404 -0.272 1157.066276 
-0.404 -0.27 1319.112874 
-0.404 -0.268 1489.163949 
-0.404 -0.266 1666.935000 
-0.404 -0.264 1853.755176 
-0.404 -0.262 2047.343735 
-0.404 -0.26 2247.709944 
-0.404 -0.258 2455.969572 
-0.404 -0.256 2671.875508 
-0.404 -0.254 2895.017682 
-0.404 -0.252 3125.535557 
-0.404 -0.25 3363.739156 
-0.402 -0.35 2299.082236 
-0.402 -0.348 2165.762299 
-0.402 -0.346 2031.001054 
-0.402 -0.344 1895.844475 
-0.402 -0.342 1762.541554 
-0.402 -0.34 1630.469092 
-0.402 -0.338 1500.815891 
-0.402 -0.336 1373.357059 
-0.402 -0.334 1249.408907 
-0.402 -0.332 1128.314342 
-0.402 -0.33 1011.224345 
-0.402 -0.328 898.548630 
-0.402 -0.326 789.657429 
-0.402 -0.324 686.024814 
-0.402 -0.322 587.741617 
-0.402 -0.32 495.065559 
-0.402 -0.318 408.761841 
-0.402 -0.316 328.929178 
-0.402 -0.314 256.338533 
-0.402 -0.312 191.564593 
-0.402 -0.31 135.462119 
-0.402 -0.308 88.107707 
-0.402 -0.306 50.372796 
-0.402 -0.304 22.828904 
-0.402 -0.302 5.953811 
-0.402 -0.3 0.180200 
-0.402 -0.298 6.052573 
-0.402 -0.296 23.865444 
-0.402 -0.294 53.814168 
-0.402 -0.292 96.207202 
-0.402 -0.29 150.971125 
-0.402 -0.288 218.152553 
-0.402 -0.286 297.746748 
-0.402 -0.284 389.027765 
-0.402 -0.282 492.515799 
-0.402 -0.28 607.063050 
-0.402 -0.278 732.270267 
-0.402 -0.276 867.859878 
-0.402 -0.274 1013.659473 
-0.402 -0.272 1168.907915 
-0.402 -0.27 1332.727985 
-0.402 -0.268 1504.635131 
-0.402 -0.266 1684.357078 
-0.402 -0.264 1873.193698 
-0.402 -0.262 2068.883641 
-0.402 -0.26 2271.438728 
-0.402 -0.258 2481.970548 
-0.402 -0.256 2700.243226 
-0.402 -0.254 2925.846165 
-0.402 -0.252 3158.936527 
-0.402 -0.25 3399.823815 
-0.4 -0.35 2314.526628 
-0.4 -0.348 2180.353125 
-0.4 -0.346 2044.713850 
-0.4 -0.344 1908.671277 
-0.4 -0.342 1774.492788 
-0.4 -0.34 1641.560542 
-0.4 -0.338 1511.064036 
-0.4 -0.336 1382.789303 
-0.4 -0.334 1258.037128 
-0.4 -0.332 1136.140851 
-0.4 -0.33 1018.259279 
-0.4 -0.328 904.830068 
-0.4 -0.326 795.196462 
-0.4 -0.324 690.858892 
-0.4 -0.322 591.899734 
-0.4 -0.32 498.586777 
-0.4 -0.318 411.679947 
-0.4 -0.316 331.272777 
-0.4 -0.314 258.145939 
-0.4 -0.312 192.883144 
-0.4 -0.31 136.340221 
-0.4 -0.308 88.613406 
-0.4 -0.306 50.571346 
-0.4 -0.304 22.806337 
-0.4 -0.302 5.799384 
-0.4 -0.3 0.000000 
-0.4 -0.298 5.946638 
-0.4 -0.296 23.949035 
-0.4 -0.294 54.203003 
-0.4 -0.292 97.035143 
-0.4 -0.29 152.369882 
-0.4 -0.288 220.247081 
-0.4 -0.286 300.685707 
-0.4 -0.284 392.929470 
-0.4 -0.282 497.528098 
-0.4 -0.28 613.327112 
-0.4 -0.278 739.875321 
-0.4 -0.276 876.934288 
-0.4 -0.274 1024.300102 
-0.4 -0.272 1181.224283 
-0.4 -0.27 1346.837671 
-0.4 -0.268 1520.622949 
-0.4 -0.266 1702.316453 
-0.4 -0.264 1893.191131 
-0.4 -0.262 2091.004197 
-0.4 -0.26 2295.771548 
-0.4 -0.258 2508.597795 
-0.4 -0.256 2729.265110 
-0.4 -0.254 2957.359247 
-0.4 -0.252 3193.044625 
-0.4 -0.25 3436.642936 
-0.398 -0.35 2330.376338 
-0.398 -0.348 2195.346471 
-0.398 -0.346 2058.826507 
-0.398 -0.344 1921.897166 
-0.398 -0.342 1786.840475 
-0.398 -0.34 1653.047434 
-0.398 -0.338 1521.708069 
-0.398 -0.336 1392.613211 
-0.398 -0.334 1267.058713 
-0.398 -0.332 1144.358853 
-0.398 -0.33 1025.683320 
-0.398 -0.328 911.499161 
-0.398 -0.326 801.120764 
-0.398 -0.324 696.077380 
-0.398 -0.322 596.442496 
-0.398 -0.32 502.489297 
-0.398 -0.318 414.978022 
-0.398 -0.316 333.994104 
-0.398 -0.314 260.329829 
-0.398 -0.312 194.575195 
-0.398 -0.31 137.589942 
-0.398 -0.308 89.489045 
-0.398 -0.306 51.137167 
-0.398 -0.304 23.149213 
-0.398 -0.302 6.009251 
-0.398 -0.3 0.183600 
-0.398 -0.298 6.204816 
-0.398 -0.296 24.398251 
-0.398 -0.294 54.959181 
-0.398 -0.292 98.234181 
-0.398 -0.29 154.145353 
-0.398 -0.288 222.724744 
-0.398 -0.286 304.017235 
-0.398 -0.284 397.231993 
-0.398 -0.282 502.951548 
-0.398 -0.28 620.017912 
-0.398 -0.278 747.921272 
-0.398 -0.276 886.466484 
-0.398 -0.274 1035.416639 
-0.398 -0.272 1194.032913 
-0.398 -0.27 1361.460687 
-0.398 -0.268 1537.144206 
-0.398 -0.266 1720.833466 
-0.398 -0.264 1913.766102 
-0.398 -0.262 2113.727974 
-0.398 -0.26 2320.734337 
-0.398 -0.258 2535.879618 
-0.398 -0.256 2758.970635 
-0.398 -0.254 2989.577160 
-0.398 -0.252 3227.891109 
-0.398 -0.25 3474.232064 
-0.396 -0.35 2346.630598 
-0.396 -0.348 2210.743652 
-0.396 -0.346 2073.343356 
-0.396 -0.344 1935.525565 
-0.396 -0.342 1799.588150 
-0.396 -0.34 1664.932816 
-0.396 -0.338 1532.750386 
-0.396 -0.336 1402.837488 
-0.396 -0.334 1276.477216 
-0.396 -0.332 1152.972299 
-0.396 -0.33 1033.501963 
-0.396 -0.328 918.562100 
-0.396 -0.326 807.438509 
-0.396 -0.324 701.688631 
-0.396 -0.322 601.375148 
-0.396 -0.32 506.782987 
-0.396 -0.318 418.665566 
-0.396 -0.316 337.103675 
-0.396 -0.314 262.899279 
-0.396 -0.312 196.651646 
-0.396 -0.31 139.221108 
-0.396 -0.308 90.743666 
-0.396 -0.306 52.080216 
-0.396 -0.304 23.867644 
-0.396 -0.302 6.593237 
-0.396 -0.3 0.740904 
-0.396 -0.298 6.836804 
-0.396 -0.296 25.222139 
-0.396 -0.294 56.092199 
-0.396 -0.292 99.813825 
-0.396 -0.29 156.305742 
-0.396 -0.288 225.593540 
-0.396 -0.286 307.748093 
-0.396 -0.284 401.944106 
-0.396 -0.282 508.796961 
-0.396 -0.28 627.141117 
-0.396 -0.278 756.413234 
-0.396 -0.276 896.460904 
-0.396 -0.274 1047.010724 
-0.396 -0.272 1207.339622 
-0.396 -0.27 1376.601532 
-0.396 -0.268 1554.204301 
-0.396 -0.266 1739.908917 
-0.396 -0.264 1934.922218 
-0.396 -0.262 2137.052578 
-0.396 -0.26 2346.323822 
-0.396 -0.258 2563.814753 
-0.396 -0.256 2789.349935 
-0.396 -0.254 3022.500650 
-0.396 -0.252 3263.468324 
-0.396 -0.25 3512.581971 
-0.394 -0.35 2363.296691 
-0.394 -0.348 2226.554005 
-0.394 -0.346 2088.271464 
-0.394 -0.344 1949.562707 
-0.394 -0.342 1812.746125 
-0.394 -0.34 1677.226385 
-0.394 -0.338 1544.197369 
-0.394 -0.336 1413.467606 
-0.394 -0.334 1286.301962 
-0.394 -0.332 1161.992196 
-0.394 -0.33 1041.725514 
-0.394 -0.328 926.029670 
-0.394 -0.326 814.159183 
-0.394 -0.324 707.700293 
-0.394 -0.322 606.709065 
-0.394 -0.32 511.476378 
-0.394 -0.318 422.751124 
-0.394 -0.316 340.609922 
-0.394 -0.314 265.864101 
-0.394 -0.312 199.120493 
-0.394 -0.31 141.243072 
-0.394 -0.308 92.387082 
-0.394 -0.306 53.409825 
-0.394 -0.304 24.971143 
-0.394 -0.302 7.561160 
-0.394 -0.3 1.681688 
-0.394 -0.298 7.852370 
-0.394 -0.296 26.430972 
-0.394 -0.294 57.612034 
-0.394 -0.292 101.783487 
-0.394 -0.29 158.861603 
-0.394 -0.288 228.863147 
-0.394 -0.286 311.887283 
-0.394 -0.284 407.073399 
-0.394 -0.282 515.069667 
-0.394 -0.28 634.707029 
-0.394 -0.278 765.362410 
-0.394 -0.276 906.928419 
-0.394 -0.274 1059.093663 
-0.394 -0.272 1221.152445 
-0.394 -0.27 1392.268536 
-0.394 -0.268 1571.807870 
-0.394 -0.266 1759.552488 
-0.394 -0.264 1956.668388 
-0.394 -0.262 2160.993363 
-0.394 -0.26 2372.549452 
-0.394 -0.258 2592.407477 
-0.394 -0.256 2820.415923 
-0.394 -0.254 3056.137125 
-0.394 -0.252 3299.788985 
-0.394 -0.25 3551.703585 
-0.392 -0.35 2380.386178 
-0.392 -0.348 2242.783757 
-0.392 -0.346 2103.617779 
-0.392 -0.344 1964.018039 
-0.392 -0.342 1826.318796 
-0.392 -0.34 1689.936084 
-0.392 -0.338 1556.061154 
-0.392 -0.336 1424.513139 
-0.392 -0.334 1296.541063 
-0.392 -0.332 1171.425034 
-0.392 -0.33 1050.362036 
-0.392 -0.328 933.909658 
-0.392 -0.326 821.291366 
-0.392 -0.324 714.123565 
-0.392 -0.322 612.452565 
-0.392 -0.32 516.578763 
-0.392 -0.318 427.245326 
-0.392 -0.316 344.522554 
-0.392 -0.314 269.233863 
-0.392 -0.312 201.993301 
-0.392 -0.31 143.666459 
-0.392 -0.308 94.429937 
-0.392 -0.306 55.136355 
-0.392 -0.304 26.470143 
-0.392 -0.302 8.923270 
-0.392 -0.3 3.015970 
-0.392 -0.298 9.261414 
-0.392 -0.296 28.034201 
-0.392 -0.294 59.528457 
-0.392 -0.292 104.153076 
-0.392 -0.29 161.822025 
-0.392 -0.288 232.543853 
-0.392 -0.286 316.445274 
-0.392 -0.284 412.631512 
-0.392 -0.282 521.782911 
-0.392 -0.28 642.726480 
-0.392 -0.278 774.777339 
-0.392 -0.276 917.877560 
-0.392 -0.274 1071.676597 
-0.392 -0.272 1235.481767 
-0.392 -0.27 1408.470798 
-0.392 -0.268 1589.971557 
-0.392 -0.266 1779.773806 
-0.392 -0.264 1979.017321 
-0.392 -0.262 2185.559561 
-0.392 -0.26 2399.425297 
-0.392 -0.258 2621.675479 
-0.392 -0.256 2852.182326 
-0.392 -0.254 3090.499126 
-0.392 -0.252 3336.864377 
-0.392 -0.25 3591.609611 
-0.39 -0.35 2397.904326 
-0.39 -0.348 2259.443236 
-0.39 -0.346 2119.392418 
-0.39 -0.344 1978.901852 
-0.39 -0.342 1840.317449 
-0.39 -0.34 1703.071883 
-0.39 -0.338 1568.349624 
-0.39 -0.336 1435.982020 
-0.39 -0.334 1307.204825 
-0.39 -0.332 1181.282625 
-0.39 -0.33 1059.421080 
-0.39 -0.328 942.211542 
-0.39 -0.326 828.843599 
-0.39 -0.324 720.967608 
-0.39 -0.322 618.616845 
-0.39 -0.32 522.099890 
-0.39 -0.318 432.158000 
-0.39 -0.316 348.853485 
-0.39 -0.314 273.019555 
-0.39 -0.312 205.279466 
-0.39 -0.31 146.500930 
-0.39 -0.308 96.881751 
-0.39 -0.306 57.270530 
-0.39 -0.304 28.374455 
-0.39 -0.302 10.689397 
-0.39 -0.3 4.753909 
-0.39 -0.298 11.074198 
-0.39 -0.296 30.042282 
-0.39 -0.294 61.851549 
-0.39 -0.292 106.932923 
-0.39 -0.29 165.197647 
-0.39 -0.288 236.645466 
-0.39 -0.286 321.432147 
-0.39 -0.284 418.627159 
-0.39 -0.282 528.944582 
-0.39 -0.28 651.207304 
-0.39 -0.278 784.669558 
-0.39 -0.276 929.319031 
-0.39 -0.274 1084.766756 
-0.39 -0.272 1250.338538 
-0.39 -0.27 1425.221135 
-0.39 -0.268 1608.701611 
-0.39 -0.266 1800.586459 
-0.39 -0.264 2001.976159 
-0.39 -0.262 2210.759046 
-0.39 -0.26 2426.959167 
-0.39 -0.258 2651.630807 
-0.39 -0.256 2884.658467 
-0.39 -0.254 3125.600938 
-0.39 -0.252 3374.703923 
-0.39 -0.25 3632.311038 
-0.388 -0.35 2415.859231 
-0.388 -0.348 2276.539496 
-0.388 -0.346 2135.602278 
-0.388 -0.344 1994.217867 
-0.388 -0.342 1854.749958 
-0.388 -0.34 1716.639679 
-0.388 -0.338 1581.070988 
-0.388 -0.336 1447.885012 
-0.388 -0.334 1318.301413 
-0.388 -0.332 1191.572676 
-0.388 -0.33 1068.913521 
-0.388 -0.328 950.945430 
-0.388 -0.326 836.828053 
-0.388 -0.324 728.242082 
-0.388 -0.322 625.210067 
-0.388 -0.32 528.051074 
-0.388 -0.318 437.499511 
-0.388 -0.316 353.610851 
-0.388 -0.314 277.230431 
-0.388 -0.312 208.989375 
-0.388 -0.31 149.757863 
-0.388 -0.308 99.753895 
-0.388 -0.306 59.822055 
-0.388 -0.304 30.694702 
-0.388 -0.302 12.870099 
-0.388 -0.3 6.905774 
-0.388 -0.298 13.301183 
-0.388 -0.296 32.465284 
-0.388 -0.294 64.591309 
-0.388 -0.292 110.132691 
-0.388 -0.29 168.997466 
-0.388 -0.288 241.178463 
-0.388 -0.286 326.858675 
-0.388 -0.284 425.071214 
-0.388 -0.282 536.566320 
-0.388 -0.28 660.161283 
-0.388 -0.278 795.049241 
-0.388 -0.276 941.263514 
-0.388 -0.274 1098.378636 
-0.388 -0.272 1265.734160 
-0.388 -0.27 1442.528128 
-0.388 -0.268 1628.010531 
-0.388 -0.266 1822.001645 
-0.388 -0.264 2025.559905 
-0.388 -0.262 2236.606579 
-0.388 -0.26 2455.165203 
-0.388 -0.258 2682.277613 
-0.388 -0.256 2917.856883 
-0.388 -0.254 3161.451776 
-0.388 -0.252 3413.323063 
-0.388 -0.25 3673.822953 
-0.386 -0.35 2434.260318 
-0.386 -0.348 2294.082293 
-0.386 -0.346 2152.258839 
-0.386 -0.344 2009.979951 
-0.386 -0.342 1869.627717 
-0.386 -0.34 1730.650959 
-0.386 -0.338 1594.234800 
-0.386 -0.336 1460.230736 
-0.386 -0.334 1329.840203 
-0.386 -0.332 1202.306161 
-0.386 -0.33 1078.846673 
-0.386 -0.328 960.120786 
-0.386 -0.326 845.253308 
-0.386 -0.324 735.956748 
-0.386 -0.322 632.243768 
-0.386 -0.32 534.441576 
-0.386 -0.318 443.280124 
-0.386 -0.316 358.806247 
-0.386 -0.314 281.877641 
-0.386 -0.312 213.134186 
-0.386 -0.31 153.446751 
-0.386 -0.308 103.055963 
-0.386 -0.306 62.802086 
-0.386 -0.304 33.441675 
-0.386 -0.302 15.476130 
-0.386 -0.3 9.482371 
-0.386 -0.298 15.952901 
-0.386 -0.296 35.313961 
-0.386 -0.294 67.758971 
-0.386 -0.292 113.762979 
-0.386 -0.29 173.233251 
-0.386 -0.288 246.152230 
-0.386 -0.286 332.734861 
-0.386 -0.284 431.974214 
-0.386 -0.282 544.657385 
-0.386 -0.28 669.599373 
-0.386 -0.278 805.926077 
-0.386 -0.276 953.721293 
-0.386 -0.274 1112.519837 
-0.386 -0.272 1281.675620 
-0.386 -0.27 1460.405911 
-0.386 -0.268 1647.910575 
-0.386 -0.266 1844.029204 
-0.386 -0.264 2049.778028 
-0.386 -0.262 2263.110523 
-0.386 -0.26 2484.053791 
-0.386 -0.258 2713.634619 
-0.386 -0.256 2951.790201 
-0.386 -0.254 3198.059737 
-0.386 -0.252 3452.732159 
-0.386 -0.25 3716.151258 
-0.384 -0.35 2453.115893 
-0.384 -0.348 2312.078053 
-0.384 -0.346 2169.368655 
-0.384 -0.344 2026.194133 
-0.384 -0.342 1884.956667 
-0.384 -0.34 1745.112364 
-0.384 -0.338 1607.850217 
-0.384 -0.336 1473.028726 
-0.384 -0.334 1341.831911 
-0.384 -0.332 1213.490274 
-0.384 -0.33 1089.232612 
-0.384 -0.328 969.747159 
-0.384 -0.326 854.128532 
-0.384 -0.324 744.122458 
-0.384 -0.322 639.727767 
-0.384 -0.32 541.282019 
-0.384 -0.318 449.510086 
-0.384 -0.316 364.450046 
-0.384 -0.314 286.972516 
-0.384 -0.312 217.724110 
-0.384 -0.31 157.579300 
-0.384 -0.308 106.799690 
-0.384 -0.306 66.221220 
-0.384 -0.304 36.625992 
-0.384 -0.302 18.518121 
-0.384 -0.3 12.494538 
-0.384 -0.298 19.039445 
-0.384 -0.296 38.599004 
-0.384 -0.294 71.364056 
-0.384 -0.292 117.834835 
-0.384 -0.29 177.914752 
-0.384 -0.288 251.578036 
-0.384 -0.286 339.069604 
-0.384 -0.284 439.346152 
-0.384 -0.282 553.229821 
-0.384 -0.28 679.531599 
-0.384 -0.278 817.311181 
-0.384 -0.276 966.704962 
-0.384 -0.274 1127.202759 
-0.384 -0.272 1298.180375 
-0.384 -0.27 1478.863838 
-0.384 -0.268 1668.410734 
-0.384 -0.266 1866.679433 
-0.384 -0.264 2074.642478 
-0.384 -0.262 2290.284777 
-0.384 -0.26 2513.637182 
-0.384 -0.258 2745.710147 
-0.384 -0.256 2986.467959 
-0.384 -0.254 3235.445542 
-0.384 -0.252 3492.942008 
-0.384 -0.25 3759.317156 
-0.382 -0.35 2472.433702 
-0.382 -0.348 2330.537314 
-0.382 -0.346 2186.939991 
-0.382 -0.344 2042.870497 
-0.382 -0.342 1900.746059 
-0.382 -0.34 1760.037240 
-0.382 -0.338 1621.927711 
-0.382 -0.336 1486.287738 
-0.382 -0.334 1354.287257 
-0.382 -0.332 1225.136710 
-0.382 -0.33 1100.078835 
-0.382 -0.328 979.835580 
-0.382 -0.326 863.465581 
-0.382 -0.324 752.749034 
-0.382 -0.322 647.672507 
-0.382 -0.32 548.584354 
-0.382 -0.318 456.200173 
-0.382 -0.316 370.553813 
-0.382 -0.314 292.524791 
-0.382 -0.312 222.770385 
-0.382 -0.31 162.165921 
-0.382 -0.308 110.995978 
-0.382 -0.306 70.090313 
-0.382 -0.304 40.258500 
-0.382 -0.302 22.006898 
-0.382 -0.3 15.952804 
-0.382 -0.298 22.572494 
-0.382 -0.296 42.330580 
-0.382 -0.294 75.418075 
-0.382 -0.292 122.358083 
-0.382 -0.29 183.052986 
-0.382 -0.288 257.465649 
-0.382 -0.286 345.875524 
-0.382 -0.284 447.197817 
-0.382 -0.282 562.293160 
-0.382 -0.28 689.967914 
-0.382 -0.278 829.213953 
-0.382 -0.276 980.221457 
-0.382 -0.274 1142.436799 
-0.382 -0.272 1315.254800 
-0.382 -0.27 1497.910933 
-0.382 -0.268 1689.525956 
-0.382 -0.266 1889.966360 
-0.382 -0.264 2100.164572 
-0.382 -0.262 2318.142744 
-0.382 -0.26 2543.925147 
-0.382 -0.258 2778.517458 
-0.382 -0.256 3021.904260 
-0.382 -0.254 3273.615096 
-0.382 -0.252 3533.969723 
-0.382 -0.25 3803.328414 
-0.38 -0.35 2492.225755 
-0.38 -0.348 2349.467871 
-0.38 -0.346 2204.982949 
-0.38 -0.344 2060.016345 
-0.38 -0.342 1917.007178 
-0.38 -0.34 1775.431463 
-0.38 -0.338 1636.475601 
-0.38 -0.336 1500.019241 
-0.38 -0.334 1367.212565 
-0.38 -0.332 1237.256437 
-0.38 -0.33 1111.397687 
-0.38 -0.328 990.395592 
-0.38 -0.326 873.275670 
-0.38 -0.324 761.847733 
-0.38 -0.322 656.089720 
-0.38 -0.32 556.357063 
-0.38 -0.318 463.361745 
-0.38 -0.316 377.127410 
-0.38 -0.314 298.546252 
-0.38 -0.312 228.283808 
-0.38 -0.31 167.217820 
-0.38 -0.308 115.655427 
-0.38 -0.306 74.420734 
-0.38 -0.304 44.350818 
-0.38 -0.302 25.954072 
-0.38 -0.3 19.868469 
-0.38 -0.298 26.562670 
-0.38 -0.296 46.520097 
-0.38 -0.294 79.931419 
-0.38 -0.292 127.344360 
-0.38 -0.29 188.658664 
-0.38 -0.288 263.827378 
-0.38 -0.286 353.163395 
-0.38 -0.284 455.540499 
-0.38 -0.282 571.857338 
-0.38 -0.28 700.920163 
-0.38 -0.278 841.647844 
-0.38 -0.276 994.286127 
-0.38 -0.274 1158.235305 
-0.38 -0.272 1332.909172 
-0.38 -0.27 1517.562804 
-0.38 -0.268 1711.262551 
-0.38 -0.266 1913.898788 
-0.38 -0.264 2126.356271 
-0.38 -0.262 2346.690701 
-0.38 -0.26 2574.932657 
-0.38 -0.258 2812.067904 
-0.38 -0.256 3058.112192 
-0.38 -0.254 3312.585950 
-0.38 -0.252 3575.821077 
-0.38 -0.25 3848.195428 
-0.378 -0.35 2512.498300 
-0.378 -0.348 2368.880390 
-0.378 -0.346 2223.506327 
-0.378 -0.344 2077.644339 
-0.378 -0.342 1933.746994 
-0.378 -0.34 1791.306765 
-0.378 -0.338 1651.503378 
-0.378 -0.336 1514.231052 
-0.378 -0.334 1380.619388 
-0.378 -0.332 1249.857928 
-0.378 -0.33 1123.198460 
-0.378 -0.328 1001.439556 
-0.378 -0.326 883.566588 
-0.378 -0.324 771.428028 
-0.378 -0.322 664.988625 
-0.378 -0.32 564.613236 
-0.378 -0.318 471.006021 
-0.378 -0.316 384.182887 
-0.378 -0.314 305.048646 
-0.378 -0.312 234.276394 
-0.378 -0.31 172.747112 
-0.378 -0.308 120.789726 
-0.378 -0.306 79.224311 
-0.378 -0.304 48.914047 
-0.378 -0.302 30.370685 
-0.378 -0.3 24.253023 
-0.378 -0.298 31.021546 
-0.378 -0.296 51.179300 
-0.378 -0.294 84.916204 
-0.378 -0.292 132.804518 
-0.378 -0.29 194.742866 
-0.378 -0.288 270.673094 
-0.378 -0.286 360.943020 
-0.378 -0.284 464.383578 
-0.378 -0.282 581.935279 
-0.378 -0.28 712.397808 
-0.378 -0.278 854.622146 
-0.378 -0.276 1008.906282 
-0.378 -0.274 1174.608275 
-0.378 -0.272 1351.158221 
-0.378 -0.27 1537.825892 
-0.378 -0.268 1733.634425 
-0.378 -0.266 1938.487642 
-0.378 -0.264 2153.228618 
-0.378 -0.262 2375.945132 
-0.378 -0.26 2606.670382 
-0.378 -0.258 2846.375215 
-0.378 -0.256 3095.101540 
-0.378 -0.254 3352.362616 
-0.378 -0.252 3618.512400 
-0.378 -0.25 3893.931064 
-0.376 -0.35 2533.259464 
-0.376 -0.348 2388.781755 
-0.376 -0.346 2242.520503 
-0.376 -0.344 2095.761276 
-0.376 -0.342 1950.977849 
-0.376 -0.34 1807.669687 
-0.376 -0.338 1667.020852 
-0.376 -0.336 1528.933397 
-0.376 -0.334 1394.520890 
-0.376 -0.332 1262.953023 
-0.376 -0.33 1135.492336 
-0.376 -0.328 1012.974901 
-0.376 -0.326 894.351595 
-0.376 -0.324 781.501432 
-0.376 -0.322 674.381654 
-0.376 -0.32 573.362669 
-0.376 -0.318 479.143276 
-0.376 -0.316 391.731398 
-0.376 -0.314 312.042413 
-0.376 -0.312 240.759253 
-0.376 -0.31 178.764292 
-0.376 -0.308 126.410864 
-0.376 -0.306 84.512063 
-0.376 -0.304 53.960203 
-0.376 -0.302 35.268489 
-0.376 -0.3 29.117972 
-0.376 -0.298 35.960476 
-0.376 -0.296 56.319109 
-0.376 -0.294 90.383204 
-0.376 -0.292 138.750096 
-0.376 -0.29 201.316341 
-0.376 -0.288 278.015492 
-0.376 -0.286 369.225747 
-0.376 -0.284 473.740148 
-0.376 -0.282 592.537122 
-0.376 -0.28 724.413689 
-0.376 -0.278 868.149237 
-0.376 -0.276 1024.096650 
-0.376 -0.274 1191.567881 
-0.376 -0.272 1370.011159 
-0.376 -0.27 1558.715973 
-0.376 -0.268 1756.654686 
-0.376 -0.266 1963.749027 
-0.376 -0.264 2180.793239 
-0.376 -0.262 2405.917338 
-0.376 -0.26 2639.149818 
-0.376 -0.258 2881.450144 
-0.376 -0.256 3132.885632 
-0.376 -0.254 3392.962106 
-0.376 -0.252 3662.058524 
-0.376 -0.25 3940.551411 
-0.374 -0.35 2554.519678 
-0.374 -0.348 2409.184240 
-0.374 -0.346 2262.032484 
-0.374 -0.344 2114.377415 
-0.374 -0.342 1968.706949 
-0.374 -0.34 1824.534658 
-0.374 -0.338 1683.038604 
-0.374 -0.336 1544.138260 
-0.374 -0.334 1408.922944 
-0.374 -0.332 1276.549493 
-0.374 -0.33 1148.289616 
-0.374 -0.328 1025.014487 
-0.374 -0.326 905.638870 
-0.374 -0.324 792.080011 
-0.374 -0.322 684.279153 
-0.374 -0.32 582.618141 
-0.374 -0.318 487.786582 
-0.374 -0.316 399.783282 
-0.374 -0.314 319.539496 
-0.374 -0.312 247.744104 
-0.374 -0.31 185.282652 
-0.374 -0.308 132.529921 
-0.374 -0.306 90.296118 
-0.374 -0.304 59.500605 
-0.374 -0.302 40.659190 
-0.374 -0.3 34.475132 
-0.374 -0.298 41.391198 
-0.374 -0.296 61.951119 
-0.374 -0.294 96.343733 
-0.374 -0.292 145.192541 
-0.374 -0.29 208.391752 
-0.374 -0.288 285.863020 
-0.374 -0.286 378.023715 
-0.374 -0.284 483.620624 
-0.374 -0.282 603.673918 
-0.374 -0.28 736.979873 
-0.374 -0.278 882.238978 
-0.374 -0.276 1039.866006 
-0.374 -0.274 1209.123267 
-0.374 -0.272 1389.479812 
-0.374 -0.27 1580.243441 
-0.374 -0.268 1780.332998 
-0.374 -0.266 1989.692412 
-0.374 -0.264 2209.063039 
-0.374 -0.262 2436.619208 
-0.374 -0.26 2672.385472 
-0.374 -0.258 2917.304929 
-0.374 -0.256 3171.476128 
-0.374 -0.254 3434.398611 
-0.374 -0.252 3706.465876 
-0.374 -0.25 3988.065541 
-0.372 -0.35 2576.288720 
-0.372 -0.348 2430.094414 
-0.372 -0.346 2282.055216 
-0.372 -0.344 2133.504416 
-0.372 -0.342 1986.945362 
-0.372 -0.34 1841.908159 
-0.372 -0.338 1699.568412 
-0.372 -0.336 1559.854688 
-0.372 -0.334 1423.838169 
-0.372 -0.332 1290.660840 
-0.372 -0.33 1161.601734 
-0.372 -0.328 1037.570685 
-0.372 -0.326 917.442765 
-0.372 -0.324 803.174596 
-0.372 -0.322 694.693811 
-0.372 -0.32 592.389777 
-0.372 -0.318 496.946734 
-0.372 -0.316 408.353458 
-0.372 -0.314 327.552848 
-0.372 -0.312 255.243063 
-0.372 -0.31 192.312226 
-0.372 -0.308 139.160391 
-0.372 -0.306 96.588788 
-0.372 -0.304 65.547214 
-0.372 -0.302 46.554771 
-0.372 -0.3 40.335487 
-0.372 -0.298 47.325723 
-0.372 -0.296 68.087320 
-0.372 -0.294 102.809912 
-0.372 -0.292 152.143860 
-0.372 -0.29 215.979650 
-0.372 -0.288 294.230249 
-0.372 -0.286 387.348290 
-0.372 -0.284 494.036913 
-0.372 -0.282 615.357591 
-0.372 -0.28 750.105233 
-0.372 -0.278 896.905222 
-0.372 -0.276 1056.228010 
-0.372 -0.274 1227.288097 
-0.372 -0.272 1409.576601 
-0.372 -0.27 1602.418480 
-0.372 -0.268 1804.683594 
-0.372 -0.266 2016.330057 
-0.372 -0.264 2238.052235 
-0.372 -0.262 2468.062316 
-0.372 -0.26 2706.385955 
-0.372 -0.258 2953.953737 
-0.372 -0.256 3210.886940 
-0.372 -0.254 3476.682382 
-0.372 -0.252 3751.751188 
-0.372 -0.25 4036.490471 
-0.37 -0.35 2598.574558 
-0.37 -0.348 2451.523373 
-0.37 -0.346 2302.595972 
-0.37 -0.344 2153.148669 
-0.37 -0.342 2005.703121 
-0.37 -0.34 1859.802914 
-0.37 -0.338 1716.617770 
-0.37 -0.336 1576.094017 
-0.37 -0.334 1439.277395 
-0.37 -0.332 1305.296901 
-0.37 -0.33 1175.437202 
-0.37 -0.328 1050.650673 
-0.37 -0.326 929.773206 
-0.37 -0.324 814.796480 
-0.37 -0.322 705.635164 
-0.37 -0.32 602.690244 
-0.37 -0.318 506.636420 
-0.37 -0.316 417.450786 
-0.37 -0.314 336.092983 
-0.37 -0.312 263.269211 
-0.37 -0.31 199.867191 
-0.37 -0.308 146.312510 
-0.37 -0.306 103.401213 
-0.37 -0.304 72.112914 
-0.37 -0.302 52.967456 
-0.37 -0.3 46.712965 
-0.37 -0.298 53.775025 
-0.37 -0.296 74.739506 
-0.37 -0.294 109.793329 
-0.37 -0.292 159.614611 
-0.37 -0.29 224.092684 
-0.37 -0.288 303.127184 
-0.37 -0.286 397.210041 
-0.37 -0.284 504.999541 
-0.37 -0.282 627.600803 
-0.37 -0.28 763.804201 
-0.37 -0.278 912.156283 
-0.37 -0.276 1073.192080 
-0.37 -0.274 1246.073784 
-0.37 -0.272 1430.313838 
-0.37 -0.27 1625.256743 
-0.37 -0.268 1829.714303 
-0.37 -0.266 2043.672823 
-0.37 -0.264 2267.768860 
-0.37 -0.262 2500.258691 
-0.37 -0.26 2741.166653 
-0.37 -0.258 2991.405133 
-0.37 -0.256 3251.130365 
-0.37 -0.254 3519.826352 
-0.37 -0.252 3797.927907 
-0.37 -0.25 4085.834779 
-0.368 -0.35 2621.389117 
-0.368 -0.348 2473.481368 
-0.368 -0.346 2323.665697 
-0.368 -0.344 2173.323630 
-0.368 -0.342 2024.990706 
-0.368 -0.34 1878.226827 
-0.368 -0.338 1734.197809 
-0.368 -0.336 1592.865920 
-0.368 -0.334 1455.252215 
-0.368 -0.332 1320.469127 
-0.368 -0.33 1189.810150 
-0.368 -0.328 1064.269942 
-0.368 -0.326 942.641887 
-0.368 -0.324 826.956289 
-0.368 -0.322 717.116811 
-0.368 -0.32 613.531189 
-0.368 -0.318 516.865664 
-0.368 -0.316 427.089383 
-0.368 -0.314 345.173547 
-0.368 -0.312 271.832287 
-0.368 -0.31 207.959253 
-0.368 -0.308 154.000508 
-0.368 -0.306 110.747029 
-0.368 -0.304 79.209260 
-0.368 -0.302 59.909002 
-0.368 -0.3 53.618540 
-0.368 -0.298 60.753305 
-0.368 -0.296 81.920703 
-0.368 -0.294 117.306613 
-0.368 -0.292 167.618383 
-0.368 -0.29 232.741836 
-0.368 -0.288 312.566525 
-0.368 -0.286 407.621972 
-0.368 -0.284 516.522549 
-0.368 -0.282 640.413564 
-0.368 -0.28 778.087023 
-0.368 -0.278 928.007279 
-0.368 -0.276 1090.772287 
-0.368 -0.274 1265.491753 
-0.368 -0.272 1451.701846 
-0.368 -0.27 1648.766206 
-0.368 -0.268 1855.442216 
-0.368 -0.266 2071.734559 
-0.368 -0.264 2298.227644 
-0.368 -0.262 2533.222013 
-0.368 -0.26 2776.739728 
-0.368 -0.258 3029.678252 
-0.368 -0.256 3292.220204 
-0.368 -0.254 3563.844852 
-0.368 -0.252 3845.008616 
-0.368 -0.25 4136.117855 
-0.366 -0.35 2644.740612 
-0.366 -0.348 2495.974411 
-0.366 -0.346 2345.275024 
-0.366 -0.344 2194.037313 
-0.366 -0.342 2044.819189 
-0.366 -0.34 1897.192499 
-0.366 -0.338 1752.321766 
-0.366 -0.336 1610.182173 
-0.366 -0.334 1471.770807 
-0.366 -0.332 1336.189628 
-0.366 -0.33 1204.731397 
-0.366 -0.328 1078.437187 
-0.366 -0.326 956.059293 
-0.366 -0.324 839.667858 
-0.366 -0.322 729.151564 
-0.366 -0.32 624.924653 
-0.366 -0.318 527.648814 
-0.366 -0.316 437.280847 
-0.366 -0.314 354.805523 
-0.366 -0.312 280.948252 
-0.366 -0.31 216.600003 
-0.366 -0.308 162.236283 
-0.366 -0.306 118.638697 
-0.366 -0.304 86.850026 
-0.366 -0.302 67.392929 
-0.366 -0.3 61.065281 
-0.366 -0.298 68.271442 
-0.366 -0.296 89.641964 
-0.366 -0.294 125.361813 
-0.366 -0.292 176.166061 
-0.366 -0.29 241.940497 
-0.366 -0.288 322.559361 
-0.366 -0.286 418.596565 
-0.366 -0.284 528.615224 
-0.366 -0.282 653.808805 
-0.366 -0.28 792.965798 
-0.366 -0.278 944.470085 
-0.366 -0.276 1108.979185 
-0.366 -0.274 1285.556012 
-0.366 -0.272 1473.756565 
-0.366 -0.27 1672.962166 
-0.366 -0.268 1881.877366 
-0.366 -0.266 2100.528718 
-0.366 -0.264 2329.440174 
-0.366 -0.262 2566.964297 
-0.366 -0.26 2813.117642 
-0.366 -0.258 3068.778924 
-0.366 -0.256 3334.165965 
-0.366 -0.254 3608.749534 
-0.366 -0.252 3893.002579 
-0.366 -0.25 4187.343444 
-0.364 -0.35 2668.638669 
-0.364 -0.348 2519.020155 
-0.364 -0.346 2367.431550 
-0.364 -0.344 2215.298632 
-0.364 -0.342 2065.196386 
-0.364 -0.34 1916.708879 
-0.364 -0.338 1770.997371 
-0.364 -0.336 1628.053331 
-0.364 -0.334 1488.848247 
-0.364 -0.332 1352.465996 
-0.364 -0.33 1220.211631 
-0.364 -0.328 1093.165534 
-0.364 -0.326 970.039119 
-0.364 -0.324 852.942256 
-0.364 -0.322 741.748524 
-0.364 -0.32 636.882950 
-0.364 -0.318 538.997691 
-0.364 -0.316 448.037781 
-0.364 -0.314 365.003823 
-0.364 -0.312 290.627699 
-0.364 -0.31 225.803763 
-0.364 -0.308 171.032563 
-0.364 -0.306 127.088266 
-0.364 -0.304 95.046808 
-0.364 -0.302 75.432269 
-0.364 -0.3 69.066096 
-0.364 -0.298 76.342677 
-0.364 -0.296 97.916915 
-0.364 -0.294 133.971063 
-0.364 -0.292 185.271021 
-0.364 -0.29 251.700582 
-0.364 -0.288 333.120003 
-0.364 -0.286 430.145500 
-0.364 -0.284 541.293046 
-0.364 -0.282 667.798774 
-0.364 -0.28 808.453578 
-0.364 -0.278 961.555415 
-0.364 -0.276 1127.827576 
-0.364 -0.274 1306.278037 
-0.364 -0.272 1496.484352 
-0.364 -0.27 1697.854244 
-0.364 -0.268 1909.031030 
-0.364 -0.266 2130.067705 
-0.364 -0.264 2361.420205 
-0.364 -0.262 2601.499137 
-0.364 -0.26 2850.312631 
-0.364 -0.258 3108.728141 
-0.364 -0.256 3376.983746 
-0.364 -0.254 3654.553820 
-0.364 -0.252 3941.927947 
-0.364 -0.25 4239.529400 
-0.362 -0.35 2693.094571 
-0.362 -0.348 2542.622247 
-0.362 -0.346 2390.147069 
-0.362 -0.344 2237.121941 
-0.362 -0.342 2086.134833 
-0.362 -0.34 1936.788395 
-0.362 -0.338 1790.237141 
-0.362 -0.336 1646.490681 
-0.362 -0.334 1506.493521 
-0.362 -0.332 1369.312754 
-0.362 -0.33 1236.261869 
-0.362 -0.328 1108.467813 
-0.362 -0.326 984.593470 
-0.362 -0.324 866.790731 
-0.362 -0.322 754.922387 
-0.362 -0.32 649.419260 
-0.362 -0.318 550.925245 
-0.362 -0.316 459.374606 
-0.362 -0.314 375.779693 
-0.362 -0.312 300.884438 
-0.362 -0.31 235.582844 
-0.362 -0.308 180.402475 
-0.362 -0.306 136.110219 
-0.362 -0.304 103.813238 
-0.362 -0.302 84.039311 
-0.362 -0.3 77.632918 
-0.362 -0.298 84.980538 
-0.362 -0.296 106.757782 
-0.362 -0.294 143.148280 
-0.362 -0.292 194.946899 
-0.362 -0.29 262.032914 
-0.362 -0.288 344.260140 
-0.362 -0.286 442.281000 
-0.362 -0.284 554.565213 
-0.362 -0.282 682.396560 
-0.362 -0.28 824.561114 
-0.362 -0.278 979.275671 
-0.362 -0.276 1147.327831 
-0.362 -0.274 1327.667833 
-0.362 -0.272 1519.902338 
-0.362 -0.27 1723.458574 
-0.362 -0.268 1936.919892 
-0.362 -0.266 2160.360197 
-0.362 -0.264 2394.181657 
-0.362 -0.262 2636.837970 
-0.362 -0.26 2888.340861 
-0.362 -0.258 3149.531170 
-0.362 -0.256 3420.684790 
-0.362 -0.254 3701.268118 
-0.362 -0.252 3991.793943 
-0.362 -0.25 4292.690499 
-0.36 -0.35 2718.117494 
-0.36 -0.348 2566.794279 
-0.36 -0.346 2413.435519 
-0.36 -0.344 2259.516368 
-0.36 -0.342 2107.645674 
-0.36 -0.34 1957.441936 
-0.36 -0.338 1810.052538 
-0.36 -0.336 1665.505082 
-0.36 -0.334 1524.716694 
-0.36 -0.332 1386.740565 
-0.36 -0.33 1252.896337 
-0.36 -0.328 1124.352664 
-0.36 -0.326 999.731485 
-0.36 -0.324 881.227916 
-0.36 -0.322 768.685185 
-0.36 -0.32 662.546787 
-0.36 -0.318 563.444666 
-0.36 -0.316 471.301325 
-0.36 -0.314 387.147119 
-0.36 -0.312 311.730700 
-0.36 -0.31 245.950778 
-0.36 -0.308 190.359869 
-0.36 -0.306 145.716821 
-0.36 -0.304 113.163388 
-0.36 -0.302 93.226514 
-0.36 -0.3 86.780922 
-0.36 -0.298 94.198015 
-0.36 -0.296 116.179061 
-0.36 -0.294 152.906007 
-0.36 -0.292 205.204182 
-0.36 -0.29 272.952976 
-0.36 -0.288 355.991062 
-0.36 -0.286 455.015767 
-0.36 -0.284 568.447035 
-0.36 -0.282 697.612287 
-0.36 -0.28 841.303933 
-0.36 -0.278 997.643752 
-0.36 -0.276 1167.491732 
-0.36 -0.274 1349.740619 
-0.36 -0.272 1544.023765 
-0.36 -0.27 1749.786265 
-0.36 -0.268 1965.554487 
-0.36 -0.266 2191.424943 
-0.36 -0.264 2427.735975 
-0.36 -0.262 2672.997205 
-0.36 -0.26 2927.211601 
-0.36 -0.258 3191.203714 
-0.36 -0.256 3465.286734 
-0.36 -0.254 3748.909692 
-0.36 -0.252 4042.615140 
-0.36 -0.25 4346.841851 
-0.358 -0.35 2743.717999 
-0.358 -0.348 2591.544469 
-0.358 -0.346 2437.302012 
-0.358 -0.344 2282.492088 
-0.358 -0.342 2129.739438 
-0.358 -0.34 1978.677606 
-0.358 -0.338 1830.454380 
-0.358 -0.336 1685.107522 
-0.358 -0.334 1543.532722 
-0.358 -0.332 1404.763979 
-0.358 -0.33 1270.125545 
-0.358 -0.328 1140.836187 
-0.358 -0.326 1015.470028 
-0.358 -0.324 896.263553 
-0.358 -0.322 783.048666 
-0.358 -0.32 676.276871 
-0.358 -0.318 576.569244 
-0.358 -0.316 483.833759 
-0.358 -0.314 399.118991 
-0.358 -0.312 323.181881 
-0.358 -0.31 256.920826 
-0.358 -0.308 200.917894 
-0.358 -0.306 155.922843 
-0.358 -0.304 123.109369 
-0.358 -0.302 103.010405 
-0.358 -0.3 96.521335 
-0.358 -0.298 104.007296 
-0.358 -0.296 126.191811 
-0.358 -0.294 163.257145 
-0.358 -0.292 216.058695 
-0.358 -0.29 284.472129 
-0.358 -0.288 368.326465 
-0.358 -0.286 468.363097 
-0.358 -0.284 582.948774 
-0.358 -0.282 713.461408 
-0.358 -0.28 858.692397 
-0.358 -0.278 1016.674036 
-0.358 -0.276 1188.334892 
-0.358 -0.274 1372.510217 
-0.358 -0.272 1568.858156 
-0.358 -0.27 1776.847551 
-0.358 -0.268 1994.945538 
-0.358 -0.266 2223.271787 
-0.358 -0.264 2462.095447 
-0.358 -0.262 2709.985574 
-0.358 -0.26 2966.936699 
-0.358 -0.258 3233.759943 
-0.358 -0.256 3510.796754 
-0.358 -0.254 3797.490551 
-0.358 -0.252 4094.409590 
-0.358 -0.25 4401.991252 
-0.356 -0.35 2769.909469 
-0.356 -0.348 2616.886505 
-0.356 -0.346 2461.762620 
-0.356 -0.344 2306.060535 
-0.356 -0.342 2152.425878 
-0.356 -0.34 2000.512357 
-0.356 -0.338 1851.453982 
-0.356 -0.336 1705.312256 
-0.356 -0.334 1562.951763 
-0.356 -0.332 1423.392040 
-0.356 -0.33 1287.962944 
-0.356 -0.328 1157.929793 
-0.356 -0.326 1031.818547 
-0.356 -0.324 911.912925 
-0.356 -0.322 798.028273 
-0.356 -0.32 690.623903 
-0.356 -0.318 590.309807 
-0.356 -0.316 496.985039 
-0.356 -0.314 411.709362 
-0.356 -0.312 335.249296 
-0.356 -0.31 268.507765 
-0.356 -0.308 212.090994 
-0.356 -0.306 166.739420 
-0.356 -0.304 133.666466 
-0.356 -0.302 113.400882 
-0.356 -0.3 106.869375 
-0.356 -0.298 114.423172 
-0.356 -0.296 136.811492 
-0.356 -0.294 174.213934 
-0.356 -0.292 227.520433 
-0.356 -0.29 296.604977 
-0.356 -0.288 381.280548 
-0.356 -0.286 482.334999 
-0.356 -0.284 598.086096 
-0.356 -0.282 729.955827 
-0.356 -0.28 876.739251 
-0.356 -0.278 1036.376717 
-0.356 -0.276 1209.865856 
-0.356 -0.274 1395.986571 
-0.356 -0.272 1594.417853 
-0.356 -0.27 1804.660568 
-0.356 -0.268 2025.109109 
-0.356 -0.266 2255.914697 
-0.356 -0.264 2497.275459 
-0.356 -0.262 2747.819848 
-0.356 -0.26 3007.537410 
-0.356 -0.258 3277.212528 
-0.356 -0.256 3557.230681 
-0.356 -0.254 3847.025657 
-0.356 -0.252 4147.183114 
-0.356 -0.25 4458.154348 
-0.354 -0.35 2796.698335 
-0.354 -0.348 2642.830659 
-0.354 -0.346 2486.824806 
-0.354 -0.344 2330.233000 
-0.354 -0.342 2175.720732 
-0.354 -0.34 2022.952231 
-0.354 -0.338 1873.065024 
-0.354 -0.336 1726.129725 
-0.354 -0.334 1582.987675 
-0.354 -0.332 1442.637196 
-0.354 -0.33 1306.418759 
-0.354 -0.328 1175.644823 
-0.354 -0.326 1048.791159 
-0.354 -0.324 928.188186 
-0.354 -0.322 813.635850 
-0.354 -0.32 705.601819 
-0.354 -0.318 604.682642 
-0.354 -0.316 510.768632 
-0.354 -0.314 424.931047 
-0.354 -0.312 347.949310 
-0.354 -0.31 280.723718 
-0.354 -0.308 223.890744 
-0.354 -0.306 178.183386 
-0.354 -0.304 144.846712 
-0.354 -0.302 124.415518 
-0.354 -0.3 117.838698 
-0.354 -0.298 125.459379 
-0.354 -0.296 148.050745 
-0.354 -0.294 185.792148 
-0.354 -0.292 239.605036 
-0.354 -0.29 309.363899 
-0.354 -0.288 394.866172 
-0.354 -0.286 496.946248 
-0.354 -0.284 613.870553 
-0.354 -0.282 747.108278 
-0.354 -0.28 895.458648 
-0.354 -0.278 1056.765704 
-0.354 -0.276 1232.101740 
-0.354 -0.274 1420.184348 
-0.354 -0.272 1620.720910 
-0.354 -0.27 1833.234233 
-0.354 -0.268 2056.057672 
-0.354 -0.266 2289.367193 
-0.354 -0.264 2533.285855 
-0.354 -0.262 2786.510877 
-0.354 -0.26 3049.018459 
-0.354 -0.258 3321.577776 
-0.354 -0.256 3604.602587 
-0.354 -0.254 3897.523909 
-0.354 -0.252 4200.955356 
-0.354 -0.25 4515.345508 
-0.352 -0.35 2824.096999 
-0.352 -0.348 2669.385749 
-0.352 -0.346 2512.500293 
-0.352 -0.344 2355.023571 
-0.352 -0.342 2199.631062 
-0.352 -0.34 2046.011145 
-0.352 -0.338 1895.295560 
-0.352 -0.336 1747.571918 
-0.352 -0.334 1603.650509 
-0.352 -0.332 1462.515524 
-0.352 -0.33 1325.507569 
-0.352 -0.328 1193.994423 
-0.352 -0.326 1066.401778 
-0.352 -0.324 945.103689 
-0.352 -0.322 829.884737 
-0.352 -0.32 721.222410 
-0.352 -0.318 619.701273 
-0.352 -0.316 525.197800 
-0.352 -0.314 438.799865 
-0.352 -0.312 361.293496 
-0.352 -0.31 293.585793 
-0.352 -0.308 236.334762 
-0.352 -0.306 190.268241 
-0.352 -0.304 156.666388 
-0.352 -0.302 136.065823 
-0.352 -0.3 129.442783 
-0.352 -0.298 137.129018 
-0.352 -0.296 159.923860 
-0.352 -0.294 198.004755 
-0.352 -0.292 252.326309 
-0.352 -0.29 322.761632 
-0.352 -0.288 409.095130 
-0.352 -0.286 512.209240 
-0.352 -0.284 630.312352 
-0.352 -0.282 764.933577 
-0.352 -0.28 914.863178 
-0.352 -0.278 1077.855365 
-0.352 -0.276 1255.053530 
-0.352 -0.274 1445.116740 
-0.352 -0.272 1647.776105 
-0.352 -0.27 1862.583982 
-0.352 -0.268 2087.802580 
-0.352 -0.266 2323.640644 
-0.352 -0.264 2570.144963 
-0.352 -0.262 2826.074793 
-0.352 -0.26 3091.396849 
-0.352 -0.258 3366.866117 
-0.352 -0.256 3652.928944 
-0.352 -0.254 3949.006570 
-0.352 -0.252 4255.734570 
-0.352 -0.25 4573.574379 
-0.35 -0.35 2852.116659 
-0.35 -0.348 2696.564006 
-0.35 -0.346 2538.800148 
-0.35 -0.344 2380.436779 
-0.35 -0.342 2224.169880 
-0.35 -0.34 2069.703187 
-0.35 -0.338 1918.160522 
-0.35 -0.336 1769.651293 
-0.35 -0.334 1624.954509 
-0.35 -0.332 1483.034893 
-0.35 -0.33 1345.243009 
-0.35 -0.328 1212.992261 
-0.35 -0.326 1084.662045 
-0.35 -0.324 962.671291 
-0.35 -0.322 846.789260 
-0.35 -0.32 737.500333 
-0.35 -0.318 635.380155 
-0.35 -0.316 540.287600 
-0.35 -0.314 453.328753 
-0.35 -0.312 375.298555 
-0.35 -0.31 307.105400 
-0.35 -0.308 249.435963 
-0.35 -0.306 203.007019 
-0.35 -0.304 169.139868 
-0.35 -0.302 148.366343 
-0.35 -0.3 141.697110 
-0.35 -0.298 149.447520 
-0.35 -0.296 172.445034 
-0.35 -0.294 210.865372 
-0.35 -0.292 265.698004 
-0.35 -0.29 336.814483 
-0.35 -0.288 423.984092 
-0.35 -0.286 528.137537 
-0.35 -0.284 647.431924 
-0.35 -0.282 783.442288 
-0.35 -0.28 934.967980 
-0.35 -0.278 1099.657937 
-0.35 -0.276 1278.737053 
-0.35 -0.274 1470.797159 
-0.35 -0.272 1675.597805 
-0.35 -0.27 1892.721906 
-0.35 -0.268 2120.362697 
-0.35 -0.266 2358.751418 
-0.35 -0.264 2607.862518 
-0.35 -0.262 2866.521860 
-0.35 -0.26 3134.688052 
-0.35 -0.258 3413.093193 
-0.35 -0.256 3702.219436 
-0.35 -0.254 4001.478560 
-0.35 -0.252 4311.537824 
-0.35 -0.25 4632.860128 
