-2.056754631913916	0.00008774964387373377	1.0000000077000002	2.00000000385
-2.056754628697095	0.0001104702565483939	1.0000000122036778	2.000000006101839
-2.0567546235987777	0.0001390738132159186	1.0000000193415264	2.0000000096707633
-2.056754615518489	0.00017508355757208586	1.0000000306542542	2.0000000153271276
-2.056754602712093	0.0002204171398137295	1.0000000485837208	2.0000000242918614
-2.056754582415321	0.0002774887385043044	1.0000000770000135	2.000000038500009
-2.0567545502471005	0.0003493376243854103	1.00000012203681	2.0000000610184103
-2.056754499263892	0.00043979001262588993	1.0000001934153409	2.0000000967076845
-2.056754418460919	0.0005536628227306329	1.0000003065427365	2.0000001532714036
-2.05675429039675	0.0006970201970666111	1.0000004858376956	2.0000002429189365
-2.056754087428504	0.0008774964385517547	1.0000007700013573	2.000000385000901
-2.0567537657449684	0.001104702565113652	1.0000012203711677	2.0000006101861425
-2.0567532559095563	0.0013907381314203669	1.0000019341611166	2.000000967081961
-2.0567524478714487	0.0017508355742467214	1.0000030654467258	2.0000015327268867
-2.0567511672087297	0.002204171395196003	1.0000048584255896	2.0000024292216465
-2.056749137473442	0.0027748873791743935	1.0000077001357357	2.0000038500901027
-2.0567459205053873	0.0034933762321446116	1.0000122040185382	2.0000061020651225
-2.0567408218179297	0.004397900102895392	1.0000193423819794	2.0000096713312954
-2.056732740599521	0.005536628180690024	1.000030656403509	2.0000153285542153
-2.056719931868894	0.006970201877654405	1.000048589119755	2.000024295445336
-2.0566996292318565	0.008774964199934988	1.0000770135756742	2.000038509012474
-2.056667446275835	0.01104702528085118	1.000122070879804	2.0000610410297925
-2.05661642604572	0.013907380575389122	1.000193500934231	2.000096764515675
-2.0565355300402843	0.017508354268344125	1.0003067577916944	2.0001534142136754
-2.0564072320407325	0.022041711010715927	1.0004863781068194	2.00024327788516
-2.0562036758603064	0.027748867923247704	1.0007713596730372	2.0003859034400917
-2.055880513192564	0.03493375061243804	1.0012237865478066	2.0006124568115147
-2.0553669531440035	0.043978977666984734	1.0019427539125905	2.0009727999877627
-2.0545495222183545	0.05536623519545648	1.0030870857978984	2.0015471474681497
-2.053245117194777	0.06970192578021957	1.0049130005402611	2.0024656759468775
-2.051155142703624	0.08774945646541422	1.0078381063044435	2.003942595557431
-2.055111411162169	0.00008808228720442875	1.0000000077584894	2.000000003879245
-2.055111407921719	0.00011088902969026217	1.0000000122963772	2.0000000061481886
-2.0551114027859523	0.00013960101736557973	1.0000000194884449	2.0000000097442228
-2.0551113946463095	0.00017574726827247219	1.0000000308871044	2.0000000154435527
-2.055111381745845	0.0002212527020788783	1.0000000489527636	2.0000000244763827
-2.0551113612999843	0.0002785406490697496	1.000000077584907	2.000000038792456
-2.055111328895473	0.0003506619013206265	1.0000001229638036	2.0000000614819076
-2.0551112775377702	0.0004414571784988016	1.0000001948845274	2.000000097442278
-2.0551111961412625	0.0005557616601876094	1.0000003088712415	2.0000001544356563
-2.0551110671364023	0.0006996624768243335	1.0000004895281303	2.000000244764155
-2.055110862677259	0.0008808228715798853	1.0000007758503096	2.0000003879253803
-2.055110538630802	0.0011088902959760169	1.000001229641151	2.0000006148211424
-2.055110025050392	0.001396010171806976	1.0000019488530967	2.0000009744279725
-2.055109211076811	0.0017574726790358366	1.0000030887320634	2.000001544369609
-2.0551079210068717	0.0022125270134284915	1.0000048953306595	2.0000024476743166
-2.055105876361822	0.0027854064760117875	1.0000077586270757	2.000003879336112
-2.055102635762577	0.00350661898390443	1.000012296722938	2.0000061484181746
-2.0550974996201705	0.004414571726523188	1.000019489313257	2.000009744799074
-2.055089359034553	0.005557616485223504	1.0000308892857117	2.000015445000692
-2.0550764562003887	0.006996624535491041	1.0000489582428675	2.0000244800203975
-2.0550560043870085	0.008808228251397699	1.0000775986709847	2.000038801594064
-2.055023584921281	0.011088902033160318	1.0001229983808166	2.0000615048655805
-2.054972189644619	0.013960099869267186	1.0001949713952785	2.000097499960585
-2.0548906987177356	0.017574723101534954	1.0003090894992417	2.000154580606634
-2.0547614565413626	0.022125262774186284	1.0004900765908222	2.000245128484204
-2.0545564006937074	0.027854050075017275	1.0007772288635755	2.0003888414547655
-2.0542308530242406	0.0350661605391338	1.0012331074442045	2.0006171258915333
-2.053713492306912	0.04414565880649313	1.001957574087333	2.000980231928377
-2.052889985238593	0.055576048218889625	1.0031106943707688	2.0015590073365273
-2.051575816295344	0.06996601266347183	1.004950722457142	2.0024846793151707
-2.0494700224070943	0.08808181830522704	1.0078986692948977	2.003973246226054
-2.052532288184695	0.00008860693337963675	1.0000000078511888	2.0000000039255945
-2.052532284907517	0.00011154952009191506	1.0000000124432957	2.000000006221648
-2.0525322797135397	0.00014043252551543497	1.000000019721295	2.000000009860648
-2.0525322714816396	0.00017679407501038037	1.0000000312561472	2.000000015628074
-2.0525322584349577	0.00022257055367836052	1.000000049537657	2.000000024768829
-2.0525322377573567	0.00028019972592911653	1.0000000785119005	2.0000000392559527
-2.0525322049855625	0.00035275055532265134	1.0000001244329897	2.000000062216501
-2.052532153045755	0.0004440866380657702	1.0000001972130312	2.00000009860653
-2.0525320707266723	0.0005590719535906544	1.000000312561673	2.000000156280873
-2.0525319402596276	0.0007038298891800357	1.000000495377075	2.0000002476886296
-2.052531733483073	0.0008860693326367469	1.0000007851202737	2.000000392560368
-2.052531405763754	0.0011154951986054036	1.0000012443330837	2.0000006221671223
-2.052530886362217	0.0014043252505378172	1.0000019721383153	2.0000009860706163
-2.052530063162691	0.0017679407408926098	1.0000031256368342	2.0000015628220806
-2.052528758470412	0.0022257055184048656	1.000004953821248	2.000002476919827
-2.052526690650006	0.0028019972226207613	1.0000078513295882	2.0000039256879107
-2.0525234133190167	0.0035275054800594633	1.0000124436494748	2.000006221882806
-2.0525182189575015	0.00444086623467034	1.0000197221835505	2.000009861237645
-2.052509986092738	0.005590719244623751	1.0000312583789068	2.0000156295558926
-2.0524969369856887	0.007038298310615656	1.0000495432630176	2.0000247725520865
-2.0524762532944187	0.008860692166754365	1.0000785259831575	2.000039265304459
-2.05244346619887	0.011154949672330662	1.0001244683673371	2.0000622399953265
-2.05239148794616	0.014043247888921417	1.0001973019101398	2.0000986655611217
-2.052309072254781	0.017679398197973355	1.0003127849844493	2.0001564292121574
-2.0521783623884002	0.02225703680606464	1.0004959382371512	2.0002480614792164
-2.0519709752795734	0.028019935558203167	1.0007865307635764	2.0003934978773406
-2.0516417198763284	0.035274981641135815	1.001247879717501	2.000624525843215
-2.051118450109626	0.04440851638333624	1.001981061597478	2.000992010660147
-2.050285494921278	0.055906901239312135	1.0031481092175403	2.0015778037246514
-2.048956140218473	0.07038240216136778	1.0050105020937692	2.002514797093317
-2.046825733998568	0.08860576281297615	1.0079946411819045	2.004021823191595
-2.048506384719989	0.00008943213723283203	1.0000000079981073	2.0000000039990535
-2.0485063813863444	0.00011258839019132904	1.000000012676146	2.000000006338073
-2.048506376102874	0.0001417403854805784	1.0000000200903378	2.000000010045169
-2.0485063677291366	0.00017844057315045592	1.0000000318410405	2.0000000159205205
-2.048506354457657	0.00022464337201717448	1.0000000504646505	2.000000025232326
-2.048506333423777	0.00028280924958953184	1.0000000799810862	2.0000000399905455
-2.0485063000873183	0.00035603575093082245	1.0000001267614926	2.000000063380752
-2.0485062472525764	0.000448222454218596	1.000000200903461	2.0000001004517456
-2.0485061635151163	0.0005642786374823099	1.000000318410613	2.0000001592053445
-2.0485060308000937	0.0007103847155198912	1.0000005046470273	2.000000252323609
-2.048505820460725	0.0008943213694423615	1.0000007998121767	2.000000399906328
-2.048505487094706	0.0011258838961550471	1.000001267618227	2.0000006338097163
-2.048504958743702	0.0014174038433165798	1.0000020090428976	2.000001004522962
-2.0485041213601005	0.0017844057085805829	1.0000031841269488	2.0000015920672762
-2.048502794187255	0.0022464336744324165	1.0000050465225698	2.0000025232708354
-2.04850069073675	0.002828092404633395	1.000007998253134	2.000003999150557
-2.0484973569338405	0.0035603573272168522	1.0000126765122546	2.0000063383163895
-2.048492073065293	0.004482224178866265	1.0000200912578712	2.000010045780316
-2.0484836983287043	0.005642785649906109	1.0000318433516415	2.0000159220561042
-2.0484704243379652	0.007103845708802871	1.0000504704560698	2.0000252361833946
-2.0484493841496634	0.008943210808495194	1.0000799956703872	2.0000400002354692
-2.0484160318423554	0.011258833203401332	1.0001267981301238	2.000063405096357
-2.048363157281561	0.014174026944258773	1.0002009955050666	2.000100512910726
-2.0482793197607814	0.017844034162773456	1.0003186418780052	2.0001593590475926
-2.0481463532344724	0.022464291007970986	1.0005052281803744	2.000252709945927
-2.0479353814722114	0.028280832793820283	1.0008012729295641	2.0004008777673734
-2.047600424379561	0.03560339121056034	1.0012712913087687	2.0006362538721123
-2.0470680664926095	0.04482187856307346	1.0020182845719001	2.0010106784399007
-2.0462205768345654	0.056427131879634045	1.003207402177073	2.0016075933978508
-2.044867852894151	0.07103701163280204	1.0051052324314216	2.002562529220334
-2.042699549643087	0.08942922513084663	1.0081467112303046	2.0040988098005124
-2.042274818635521	0.00009072462368712523	1.0000000082309575	2.0000000041154786
-2.0422748152165124	0.00011421553422987003	1.0000000130451887	2.0000000065225945
-2.042274809797749	0.0001437888384530252	1.000000020675231	2.0000000103376157
-2.042274801209587	0.00018101942263972032	1.0000000327680338	2.0000000163840173
-2.0422747875982665	0.00022788995114723397	1.0000000519338361	2.000000025966919
-2.0422747660257743	0.0002868964505075481	1.000000082309589	2.000000041154797
-2.0422747318356724	0.0003611812319294265	1.0000001304519213	2.000000065225967
-2.042274677647998	0.0004547002308037262	1.0000002067523979	2.0000001033762147
-2.042274591766282	0.0005724336746383705	1.0000003276805578	2.000000163840319
-2.042274455652837	0.0007206512982339023	1.0000005193389112	2.000000259669557
-2.0422742399273206	0.0009072462297253268	1.0000008230972728	2.0000004115488905
-2.0422738980247996	0.001142155328040707	1.0000013045226903	2.000000652261983
-2.0422733561442725	0.0014378883560818194	1.000002067532713	2.0000010337679597
-2.0422724973176205	0.0018101941696351343	1.0000032768275193	2.0000016384177863
-2.042271136159328	0.0022788993982171663	1.0000051934442284	2.000002596732229
-2.042268978844254	0.0028689642791018305	1.000008231111173	2.000004115580994
-2.042265559668578	0.003611811868417984	1.0000130455746667	2.0000065228511557
-2.0422601404853333	0.004547001408422185	1.0000206762006913	2.0000103382606693
-2.0422515512693513	0.005724334951419954	1.0000327704695449	2.0000163856375233
-2.042237937301308	0.007206509400929129	1.0000519399545056	2.000025970989059
-2.042216358158726	0.009072455151444257	1.0000823249588298	2.000041165021523
-2.0421821513484066	0.01142153902278016	1.0001304905330923	2.000065251654288
-2.0421279216922223	0.014378855113544205	1.0002068494027274	2.0001034407556264
-2.042041934480028	0.01810188493794268	1.0003279242885832	2.0001640025065615
-2.0419055558656996	0.022788880738574404	1.0005199513961167	2.0002600772261685
-2.041689163574695	0.0286894168539857	1.0008246368038405	2.0004125739983114
-2.04134558341052	0.03611766792369171	1.001308393959372	2.0006548412836094
-2.0407994777047893	0.04546911483526275	1.0020772734321066	2.0010402642436045
-2.0399299932814756	0.05724155570803397	1.0033013611741388	2.0016548053541277
-2.0385418843919467	0.07206151625904858	1.0052553347140878	2.002638176187359
-2.036316145579192	0.09071741727334226	1.0083876376823302	2.0042208185718904
-2.032750768317566	0.00009273618493721933	1.0000000086000003	2.0000000043
-2.032750764772733	0.00011674793979724792	1.000000013630082	2.000000006815041
-2.0327507591545513	0.0001469769481593109	1.0000000216022245	2.0000000108011124
-2.032750750250333	0.00018503301493371372	1.0000000342372193	2.00000001711861
-2.0327507361380968	0.00023294276441719475	1.0000000542623382	2.00000002713117
-2.0327507137717076	0.0002932575654113857	1.0000000860000167	2.000000043000011
-2.0327506783233624	0.0003691894008842591	1.0000001363008562	2.000000068150435
-2.032750622141504	0.000464781917714166	1.0000002160223378	2.0000001080111867
-2.0327505330992177	0.000585125765508509	1.00000034237243	2.000000171186259
-2.0327503919765983	0.0007366296920134074	1.0000005426239773	2.000000271312099
-2.032750168312054	0.0009273618318117951	1.0000008600016608	2.0000004300011076
-2.032749813826974	0.0011674793629348837	1.000001363012317	2.0000006815068554
-2.0327492520043084	0.0014697694116839323	1.0000021602328093	2.0000010801181545
-2.032748361571182	0.0018503300098500438	1.0000034237479871	2.0000017118783893
-2.0327469503192117	0.0023294273658587745	1.0000054262992766	2.00000271316068
-2.0327447136090195	0.002932575098806599	1.000008600166072	2.000004300110773
-2.032741168595566	0.0036918929008606075	1.0000136304986136	2.0000068153189807
-2.032735549960336	0.004647816966432203	1.0000216032711837	2.0000108018106153
-2.0327266446027363	0.005851253244156415	1.0000342398488782	2.000017120364119
-2.0327125295047956	0.007366288119226819	1.00005426894373	2.0000271355764516
-2.0326901559258643	0.009273600758165362	1.000086016610013	2.0000430110802436
-2.0326546895187483	0.011674758593162117	1.0001363425416254	2.0000681782444474
-2.032598462279337	0.014697624212116253	1.000216127065127	2.0001080810597163
-2.0325093059508443	0.018503160625489852	1.0003426355658689	2.0001713618496924
-2.032367896674706	0.023293995389943423	1.0005432852362033	2.000271753470436
-2.032143511299047	0.02932519582160743	1.0008616638278045	2.000431111007435
-2.0317872124496406	0.03691782147182408	1.0013671921179153	2.0006842996880514
-2.0312208213174716	0.04647596036249983	1.0021707504588886	2.0010871529906487
-2.0303188626722304	0.05850812596306801	1.0034502409411914	2.001729627505686
-2.028878458419364	0.07365409435187686	1.0054931423629754	2.0027580601045045
-2.026567704447577	0.09271849208321645	1.0087692582580745	2.0044141723451077
-2.0184629384187494	0.00009583784839090112	1.0000000091848933	2.000000004592447
-2.01846293469521	0.00012065270271923616	1.000000014557075	2.0000000072785378
-2.018462928793797	0.00015189275339155234	1.0000000230714097	2.0000000115357053
-2.018462919440688	0.00019122164698562704	1.0000000365657213	2.000000018282861
-2.0184629046170075	0.00024073379042317258	1.0000000579527655	2.000000028976384
-2.018462881123055	0.0003030658857381242	1.0000000918489504	2.0000000459244784
-2.0184628438876415	0.00038153734399973786	1.0000001455707934	2.000000072785405
-2.0184627848734698	0.0004803270559066905	1.0000002307142026	2.000000115357121
-2.0184626913422634	0.0006046959326566358	1.0000003656574772	2.0000001828287886
-2.018462543105173	0.0007612670680558003	1.000000579528318	2.000000289764285
-2.0184623081649202	0.000958378441226845	1.0000009184911685	2.0000004592459004
-2.018461935808969	0.0012065269420302623	1.0000014557121142	2.0000007278568517
-2.0184613456626828	0.0015189273639948575	1.000002307152526	2.000001153578259
-2.0184604103391477	0.0019122161308201676	1.0000036566011479	2.000001828305588
-2.0184589279394283	0.0024073372277663963	1.0000057953494348	2.0000028976873123
-2.0184565784645243	0.003030657507657449	1.0000091850781108	2.0000045925706935
-2.0184528547231877	0.0038153707469506383	1.0000145575391934	2.0000072788490706
-2.018446952803609	0.004803265185752088	1.0000230725753756	2.0000115364873294
-2.0184375984209755	0.006046948605456579	1.0000365686493375	2.000018284826195
-2.0184227715417133	0.00761264928933021	1.0000579601206843	2.0000289813203116
-2.0183992695523374	0.009583741731785554	1.0000918674270463	2.0000459368791934
-2.0183620139484586	0.012065184263528766	1.0001456172099565	2.000072816559848
-2.018302949045796	0.015189103736124393	1.0002308308170462	2.0001154354024657
-2.0182092903517184	0.019121822325354258	1.000365950484731	2.000183025513547
-2.0180607327961266	0.024072695980728222	1.0005802646589979	2.0002902587990605
-2.0178249866522497	0.030305225885233534	1.0009203421254411	2.0004604895144222
-2.0174506027208015	0.03815101610625622	1.0014603668997937	2.000730986460197
-2.0168553476968225	0.048027283865017104	1.0023188663413582	2.0011614626443537
-2.015907132701501	0.060458781768675154	1.0036861109766964	2.001848203173057
-2.0143921138740133	0.07610515483352585	1.0058698197156808	2.0029480420311487
-2.0119597411327153	0.09579490479764546	1.0093735272400586	2.0047205742179166
-1.9975839015604548	0.00010055787592601547	1.0000000101118867	2.000000005055943
-1.9975838975960316	0.0001265948652833067	1.0000000160262605	2.00000000801313
-1.9975838913128445	0.0001593734927561757	1.0000000253999117	2.000000012699956
-1.9975838813546634	0.00020063933969458503	1.0000000402561484	2.0000000201280748
-1.9975838655720088	0.000252589962743432	1.0000000638016986	2.000000031900851
-1.9975838405581832	0.0003179919216573428	1.0000001011188857	2.000000050559447
-1.9975838009139328	0.0004003281085163837	1.0000001602626534	2.0000000801313362
-1.9975837380820083	0.0005039832240715448	1.0000002539992379	2.0000001269996432
-1.9975836385000636	0.0006344772783338942	1.000000402561788	2.0000002012809546
-1.99758348067318	0.0007987595498104181	1.0000006380177506	2.000000319009028
-1.9975832305340802	0.0010055786570798177	1.000001011190777	2.000000505595772
-1.997582834089454	0.0012659484489565644	1.0000016026313567	2.0000008013166415
-1.9975822057648798	0.0015937345207748875	1.000002540004496	2.000001270004667
-1.9975812099320522	0.002006392585300072	1.0000040256483151	2.000002012830235
-1.997579631629598	0.0025258980079904125	1.0000063802539605	2.000003190142246
-1.997577130154156	0.00317991598536537	1.000010112099818	2.0000050560882556
-1.9975731654957776	0.00400327463807939	1.0000160267959772	2.000008013494315
-1.9975668817172076	0.005039819377164253	1.000025401256744	2.000012700870348
-1.9975569220504517	0.006344747117412235	1.0000402595271194	2.000020130371439
-1.997541135663519	0.007987544288582232	1.0000638101861148	2.0000319066202317
-1.9975161124620322	0.010055684396691134	1.0001011402069757	2.000050573940573
-1.9974764446556745	0.012659280632763626	1.0001603162165895	2.000080167750589
-1.9974135535434019	0.01593693848317444	1.0002541338089768	2.0001270911406572
-1.9973138228542804	0.020063114404206554	1.0004028999192898	2.000201510901199
-1.9971556220539664	0.025257361258848424	1.000638867513399	2.000319587086393
-1.9969045425736092	0.031795930614928906	1.0010133269386976	2.0005070496197708
-1.9965057312476204	0.040026305522419835	1.001608003748644	2.0008049758528905
-1.9958714435052018	0.050385349901464246	1.0025535256692533	2.001279225440352
-1.994860558490964	0.06342186744642611	1.0040597172826118	2.0020361091398238
-1.9932441507788787	0.07982442986479407	1.0064662536193976	2.00324908939877
-1.9906457572510758	0.10045529030022635	1.0103298215382879	2.0052060789056436
-1.9681256174013433	0.00010761538762367619	1.0000000115810719	2.000000005790536
-1.9681256131341367	0.00013547974600114368	1.0000000183547624	2.0000000091773815
-1.96812560637107	0.00017055889466834035	1.0000000290903386	2.0000000145451695
-1.968125595652331	0.0002147209259953474	1.0000000461050809	2.000000023052541
-1.9681255786642722	0.0002703176287625804	1.0000000730716327	2.0000000365358184
-1.9681255517400098	0.0003403097292779929	1.0000001158107426	2.0000000579053765
-1.9681255090679193	0.00042842456042793036	1.000000183547681	2.0000000917738534
-1.9681254414371863	0.0005393545549043372	1.0000002909035297	2.0000001454517964
-1.9681253342496305	0.0006790071326790703	1.000000461051173	2.000000230525666
-1.9681251643686335	0.0008548192893117215	1.00000073071724	2.00000036535882
-1.968124895124973	0.0010761536364037822	1.0000011581097203	2.000000579055363
-1.96812446840146	0.0013547969814819941	1.0000018354825755	2.0000009177425513
-1.968123792087586	0.001705587991892477	1.0000029090497762	2.0000014545280616
-1.9681227201955915	0.0021472073548977613	1.0000046105481004	2.0000023052820217
-1.9681210213443363	0.002703172486548291	1.00000730726376	2.000003653651904
-1.9681183288040196	0.003403089708659647	1.0000115813266903	2.0000057907136446
-1.9681140613083743	0.004284230472053518	1.0000183554022086	2.0000091778274562
-1.9681072975152256	0.005393515356547892	1.000029091945779	2.000014546290293
-1.9680965769513834	0.0067900110856782695	1.0000461091183934	2.0000230553565683
-1.9680795843091745	0.008548072698939344	1.0000730817748327	2.0000365428906792
-1.9680526485312877	0.010761296553483672	1.000115836220689	2.0000579231437317
-1.9680099475087656	0.013547491356291862	1.0001836116877303	2.0000918184928107
-1.967942244078574	0.017054925352236214	1.0002910643405512	2.0001455639654924
-1.9678348738204061	0.021470169202306887	1.0004614552452527	2.0002308075782835
-1.9676645335157434	0.02702792602983663	1.0007317327560308	2.0003660675752273
-1.9673941346087926	0.034023320054098916	1.001160662702922	2.000580838164035
-1.966964503187367	0.04282719490015827	1.0018419038405773	2.000922230686824
-1.966280860716138	0.05390503188138137	1.0029252130558735	2.0014658415439874
-1.9651904626822077	0.06784009346541706	1.0046512835857355	2.0023338599999883
-1.9634447330138154	0.08536123925618827	1.007410128805708	2.0037260814622475
-1.9606328381718479	0.1073753838247757	1.011841896033583	2.005975272714808
-1.928343086112874	0.00011793885413140973	1.0000000139095737	2.000000006954787
-1.9283430814968083	0.00014847622009506325	1.000000022045189	2.000000011022595
-1.928343074180836	0.00018692048570904824	1.0000000349392708	2.000000017469636
-1.9283430625858011	0.0002353189478163526	1.0000000553750141	2.0000000276875083
-1.9283430442089067	0.00029624900003503014	1.0000000877634876	2.0000000438817467
-1.9283430150834862	0.0003729553878828144	1.0000001390957656	2.00000006954789
-1.9283429689227918	0.0004695230023421343	1.000000220451961	2.0000001102259986
-1.928342895762986	0.000591094413273483	1.0000003493928848	2.0000001746964884
-1.9283427798124209	0.0007441437261679405	1.0000005537505874	2.000000276875409
-1.9283425960429386	0.0009368213442007126	1.0000008776359948	2.000000438818286
-1.9283423047873847	0.0011793879916135632	1.000001390960465	2.000000695480958
-1.92834184317705	0.001484761104154797	1.000002204526665	2.000001102265155
-1.9283411115704823	0.0018692026686980045	1.0000034939465703	2.0000017469778633
-1.9283399520434452	0.0023531851117557187	1.000005537550387	2.000002768786693
-1.928338114294912	0.002962481288250557	1.00000877647176	2.000004388264766
-1.9283352016044468	0.003729536495996174	1.0000139098855154	2.0000069550153174
-1.9283305851621773	0.004695195340403797	1.0000220459721598	2.0000110231683506
-1.9283232682451317	0.005910874931940343	1.0000349412379095	2.0000174710768333
-1.9283116708360872	0.0074412991908619835	1.000055379955623	2.0000276911280914
-1.928293287978124	0.00936793796374177	1.0000877759006004	2.000043890840236
-1.9282641475759112	0.011793330293931304	1.0001391269483606	2.0000695707356133
-1.9282179492404876	0.01484651449339764	1.0002205302996112	2.000110283398631
-1.928144694851654	0.018689839077684876	1.000349589707123	2.0001748407281212
-1.9280285065690075	0.023527487186056045	1.0005542451596712	2.0002772379533478
-1.9278441394313108	0.02961610861184496	1.0008788790107417	2.0004397298762395
-1.9275513804910178	0.03727800687732244	1.0013940855965628	2.0006977744359196
-1.9270859852572877	0.0469173486085468	1.002212387874264	2.0011080407645316
-1.9263448371485377	0.05903979567323406	1.0035137378979335	2.001761544222534
-1.9251612049242135	0.07427570158207408	1.0055874434358754	2.002805611570139
-1.92326234913467	0.09340636418128795	1.008902517545645	2.004481717758497
-1.920193887059723	0.117391442135967	1.0142294005091868	2.0071936450823973
-1.8772436575787448	0.0001326649903743004	1.0000000176000003	2.0000000088000003
-1.8772436525988587	0.00016701532672463968	1.0000000278941212	2.000000013947061
-1.8772436447062704	0.0002102598371510886	1.0000000442092036	2.0000000221046026
-1.8772436321973598	0.0002647014484345079	1.000000070066868	2.0000000350334357
-1.877243612372069	0.0003332393727207445	1.0000001110485077	2.0000000555242585
-1.8772435809510934	0.00041952350005849184	1.000000176000038	2.000000088000031
-1.8772435311521842	0.0005281487661970244	1.0000002789412974	2.0000001394706777
-1.8772434522261832	0.0006648998453670883	1.000000442092252	2.000000221046199
-1.877243327136781	0.0008370591966914534	1.0000007006692229	2.0000003503347954
-1.877243128883135	0.0010537948645572448	1.0000011104864404	2.0000005552436826
-1.877242814671519	0.0013266486762291382	1.0000017600038031	2.0000008800030633
-1.8772423166777505	0.001670150818037373	1.000002789421572	2.000001394713704
-1.8772415274060033	0.0021025934847063235	1.0000044209441163	2.0000022104793875
-1.8772402764824916	0.002647004733919413	1.0000070067464795	2.0000035033916506
-1.8772382938719596	0.003332374272649593	1.0000111050006746	2.0000055525465843
-1.8772351515697248	0.004195196183951956	1.0000176003803327	2.000008800306337
-1.877230171164641	0.005281410213595644	1.0000278950755548	2.0000139478296006
-1.8772222772730625	0.00664884392697935	1.000044211601028	2.000022106533604
-1.8772097650885289	0.008370283655533148	1.0000700728903604	2.000035038286869
-1.8771899315738088	0.010537333514805942	1.000111063636073	2.000055536445144
-1.8771584899367302	0.013265259514069873	1.000176038042321	2.00008803064789
-1.8771086391152236	0.016699059811320926	1.0002790367746297	2.0001395476081156
-1.8770295826666943	0.02102105069838567	1.0004423321386617	2.0002212395315215
-1.8769041653926466	0.02646030531048929	1.0007012720254516	2.0003508207919585
-1.876705087365195	0.03330431471372209	1.0011120015451291	2.000556465916463
-1.8763888017822092	0.04191322910711437	1.0017638132949325	2.000883079027536
-1.875885585596112	0.052736918865822914	1.0027990054264644	2.0014024635685272
-1.875083144211322	0.0663347498468941	1.0044450769655802	2.002230039898261
-1.8737989326482443	0.08339716750420537	1.0070676027801948	2.003552902458009
-1.8717318655586883	0.10476653332439508	1.0112588175676562	2.0056784380163117
-1.8683739726893545	0.13145155050336726	1.017990594133396	2.009122768349083
-1.8149384579897982	0.00015313043818337903	1.0000000234489324	2.0000000117244663
-1.8149384526678711	0.0001927797979613891	1.0000000371640536	2.0000000185820275
-1.8149384442331846	0.0002426953825698659	1.0000000589010567	2.0000000294505296
-1.814938430865106	0.00030553537653254896	1.0000000933518862	2.000000046675946
-1.8149384096781243	0.00038464623393687637	1.0000001479527754	2.000000073976396
-1.8149383760990105	0.00048424088696473656	1.0000002344893626	2.000000117244702
-1.8149383228796736	0.0006096230952002184	1.0000003716406345	2.000000185820369
-1.8149382385326394	0.0007674698808030263	1.0000005890108123	2.0000002945055364
-1.8149381048514233	0.0009661870856014025	1.00000093351948	2.0000004667600666
-1.8149378929805324	0.00121635697554027	1.0000014795293044	2.0000007397654733
-1.8149375571866926	0.0015313017105457892	1.0000023448975195	2.0000011724508218
-1.8149370249865402	0.0019277926497039673	1.000003716416127	2.000001858213243
-1.814936181499153	0.0024269431911630077	1.000005890132696	2.000002945079358
-1.814934844644181	0.003055332546740863	1.000009335256522	2.0000046676609418
-1.8149327258277432	0.003846420003054077	1.0000147954480867	2.000007397806136
-1.8149293676192326	0.0048423243986300555	1.0000234493646483	2.00001172488854
-1.8149240449391921	0.006096062413440484	1.0000371651395479	2.0000185830877957
-1.814915608360891	0.007674362539748329	1.0000589037843486	2.000029453193509
-1.814902235529527	0.009661199945339276	1.0000933587381726	2.000046682638383
-1.8148810366088786	0.012162231216192048	1.0001479699876994	2.0000739932079084
-1.8148474275002373	0.015310346696108108	1.0002345326021682	2.000117286941659
-1.8147941327998152	0.019272599365327374	1.0003717492647952	2.000185926510215
-1.8147095963801443	0.02425880615979231	1.0005892837480537	2.000294772308867
-1.8145754391295652	0.030532134651320337	1.000934205336861	2.0004674307987904
-1.8143623712175883	0.0384219514859723	1.0014812531896937	2.0007414527867913
-1.8140235654947663	0.048339050313281326	1.0023492320743523	2.001176699186446
-1.8134837794223702	0.060792961562776214	1.0037273214183624	2.001868924737887
-1.8126211551515832	0.07641012196996669	1.005917595130311	2.0029721461293093
-1.811235900181356	0.09594980553898312	1.0094045184282747	2.004736296624296
-1.8089941660556286	0.12031120458123926	1.0149705531475484	2.007572833528782
-1.7426008800398531	0.00018088355989235046	1.0000000327188647	2.000000016359433
-1.7426008744263226	0.00022771890589928039	1.0000000518559062	2.000000025927954
-1.742600865529476	0.00028668110895260177	1.0000000821860737	2.000000041093039
-1.7426008514289213	0.00036091011632176986	1.000000130256151	2.000000065128082
-1.742600829081042	0.0004543588832507728	1.0000002064420923	2.0000001032210624
-1.7426007936620227	0.0005720038772372523	1.0000003271886808	2.0000001635943807
-1.7426007375266188	0.0007201100830929448	1.0000005185591476	2.0000002592796746
-1.7426006485578938	0.0009065646163164559	1.0000008218609502	2.0000004109307286
-1.7426005075517017	0.0011412967010208982	1.000001302562045	2.000000651281659
-1.7426002840712833	0.0014368063580473907	1.0000020644222696	2.000001032212733
-1.7425999298770192	0.0018088299184782963	1.0000032718901875	2.000001635949108
-1.7425993685127448	0.0022771777250481908	1.0000051855999663	2.000002592810067
-1.7425984787997877	0.002866788475439849	1.0000082186308312	2.000004109340746
-1.742597068673303	0.003609056042520212	1.000013025674024	2.0000065129006397
-1.7425948337069306	0.004543498805944314	1.0000206443572701	2.0000103223384653
-1.7425912913568797	0.0057198591491274845	1.000032719239913	2.000016360021449
-1.7425856766907406	0.007200742446076237	1.0000518568487855	2.0000259294329634
-1.742576776990381	0.009064931125013071	1.0000821884412427	2.0000410967543045
-1.7425626692674694	0.011411540427903995	1.0001302620980475	2.0000651374144165
-1.7425403033797076	0.014365217510901923	1.0002064570314093	2.000103244509101
-1.7425048391178402	0.018082621592826986	1.0003272262078848	2.0001636532944715
-1.7424485900349709	0.022760452327023166	1.0005186534196233	2.0002594277312915
-1.7423593356265359	0.028645299187483198	1.000822097783464	2.0004113029148107
-1.7422176112925953	0.03604552987273344	1.0013031570730484	2.000652217683773
-1.7419923248342792	0.045345246354991736	1.0020659174369035	2.001034568449262
-1.7416335854215916	0.057019868022494896	1.0032756480061558	2.0016418844788637
-1.741060769903166	0.07165187979242661	1.0051950479088783	2.0026077913597526
-1.7401421547959226	0.08994322862066598	1.0082423993354825	2.0041472621210255
-1.738658872615747	0.11271701125360765	1.0130855323278696	2.006609323500684
-1.7362378803108292	0.14089458929759865	1.0207953892453694	2.0105692835027167
-1.6620617281207295	0.00021774000973927765	1.000000047410717	2.0000000237053595
-1.6620617222786187	0.0002741184226087789	1.0000000751409226	2.000000037570463
-1.6620617130194955	0.000345094630472281	1.0000001190903365	2.0000000595451737
-1.6620616983447696	0.0004344483646769321	1.000000188745463	2.0000000943727447
-1.6620616750868864	0.0005469380163738337	1.0000002991413988	2.0000001495707327
-1.6620616382256	0.0006885540277604096	1.0000004741071638	2.000000237053666
-1.6620615798043332	0.0008668378841451952	1.0000007514092102	2.000000375704817
-1.662061487212702	0.0010912836839865492	1.0000011909033266	2.000000595452195
-1.662061340464447	0.0013738436513450563	1.000001887454536	2.0000009437286037
-1.6620611078831091	0.0017295644699713117	1.0000029914137467	2.000001495710229
-1.6620607392639488	0.0021773882440174054	1.0000047410710358	2.000002370543947
-1.6620601550354666	0.0027411605756025833	1.0000075140905884	2.0000037570664677
-1.6620592290794352	0.003450899116142393	1.0000119090294612	2.000005954567917
-1.662057761497111	0.004344389494252848	1.000018874535803	2.0000094374015016
-1.6620554354331054	0.0054691923081847124	1.0000299141134583	2.0000149573923274
-1.662051748611939	0.006885165467294126	1.0000474106500363	2.0000237061680433
-1.6620459047456702	0.008667631030706273	1.0000751407543071	2.000037572494897
-1.6620366412126968	0.010911344869221863	1.000119089913633	2.0000595502769865
-1.6620219554096425	0.01373545998199895	1.000188744400123	2.0000943855662645
-1.6619986696976385	0.01728970681792688	1.0002991387247415	2.000149602946867
-1.6619617384930119	0.02176203822034252	1.000474100432448	2.00023713461692
-1.6619031415390806	0.02738798421521274	1.0007513922429534	2.0003759082866766
-1.6618101083604124	0.03446189407128095	1.001190860473606	2.000595963809447
-1.6616622500246572	0.04335003154336338	1.001887345974233	2.0009450157989916
-1.661426876446878	0.054504980791737594	1.002991137435106	2.0014989518064232
-1.661051228151778	0.06847972730318003	1.004740362859375	2.002378719528748
-1.6604492818934755	0.08593759080305047	1.007512257327345	2.0037777350753916
-1.6594785744837914	0.10765009901382619	1.0119042189601954	2.0060070167481534
-1.6578975881751952	0.13446792915597428	1.0188617013477432	2.009571290312513
-1.6552826224844015	0.16724007956195028	1.0298792873668454	2.0153024082483286
-1.5753033843935509	0.00026588667012624134	1.0000000706957328	2.000000035347868
-1.5753033783837735	0.000334731467543809	1.000000112045184	2.000000056022597
-1.575303368858916	0.0004214019144330833	1.0000001775796457	2.0000000887898346
-1.5753033537630279	0.000530513506460029	1.000000281444762	2.0000001407224106
-1.5753033298376409	0.0006678767905276974	1.000000446059863	2.000000223030006
-1.575303291918418	0.0008408067761158173	1.0000007069571792	2.000000353478777
-1.5753032318203979	0.0010585124433692644	1.0000011204514674	2.0000005602262045
-1.5753031365711996	0.0013325870693936626	1.0000017757955184	2.000000887898942
-1.5753029856107534	0.0016776254419872323	1.0000028144452617	2.0000014072256014
-1.5753027463529603	0.002112000745025945	1.0000044605927079	2.0000022303038154
-1.5753023671508701	0.002658842318560363	1.0000070695569176	2.000003534797201
-1.575301766145905	0.003347266025895689	1.0000112044773113	2.000005602285735
-1.5753008135917195	0.004213922076820504	1.0000177578613303	2.000008879048924
-1.5752993038310028	0.005304941392896246	1.00002814421686	2.00001407240549
-1.575296910860574	0.00667838149030654	1.0000446053348575	2.000022303413635
-1.575293117853733	0.008407296796340539	1.000070694081492	2.0000353489152354
-1.5752871053273911	0.010583586265454912	1.0001120410358475	2.0000560252268427
-1.5752775735639202	0.01332280198886486	1.000177569224229	2.000088796442033
-1.5752624603269452	0.01677013263607174	1.0002814185784017	2.000140739011174
-1.5752384913551118	0.02110779632467927	1.000445994069177	2.000223071718917
-1.575200462622276	0.02656406965707057	1.0007067918184602	2.000353583611633
-1.5751400894102758	0.03342410293205345	1.0011200357260244	2.0005604897630405
-1.575044148499947	0.04204244467183931	1.0017747497425318	2.0008885618710335
-1.5748914487126005	0.05285666276755843	1.0028118125502483	2.0014088943937285
-1.5746478145676857	0.06640030597311171	1.0044539567151733	2.0022345099578898
-1.5742575903786773	0.08331116783938448	1.0070527988933642	2.0035454198088707
-1.57362878262679	0.10432654962189515	1.0111620410022486	2.005629197852084
-1.5726059250966151	0.1302499257705616	1.0176499836170791	2.0089475707254785
-1.5709177003579544	0.16186285210030293	1.02786861186472	2.0142482462023192
-1.5680688823431752	0.19974638401264588	1.0438974115905821	2.0227602379839342
-1.4840938538596322	0.0003280243391904439	1.0000001075999936	2.0000000538000013
-1.4840938477327668	0.0004129581393689912	1.0000001705344914	2.000000085267257
-1.4840938380223352	0.0005198834219841234	1.0000002702789397	2.0000001351394974
-1.484093822632328	0.0006544943041059634	1.0000004283632142	2.000000214181676
-1.4840937982407858	0.0008239592180094645	1.0000006789098483	2.000000339455097
-1.4840937595827324	0.0010373026126162626	1.0000010759993614	2.0000005380001147
-1.4840936983136863	0.0013058854510819477	1.0000017053434707	2.000000852672826
-1.4840936012083903	0.001644010049475649	1.0000027027857703	2.0000013513956247
-1.4840934473058578	0.002069681380021054	1.000004283623032	2.0000021418183973
-1.4840932033842444	0.0026055652086970256	1.0000067890755986	2.000003394555084
-1.4840928167881673	0.003280193747607763	1.0000107599361274	2.000005380011481
-1.484092204058668	0.00412948234138837	1.0000170532903085	2.000008526754215
-1.4840912329076443	0.005198636587972334	1.0000270274949832	2.000013514021444
-1.4840896936359886	0.006544548724566582	1.0000428353191841	2.0000214183477487
-1.4840872538010876	0.008238805449809298	1.0000678884672052	2.0000339459622465
-1.4840833862859801	0.010371456502132252	1.0001075936116859	2.0000538011482907
-1.4840772550864398	0.013055723044616599	1.0001705184590628	2.000085270138423
-1.4840675337674918	0.01643385349054948	1.0002702386612885	2.0001351467371418
-1.4840521164088687	0.02068435284135605	1.0004282620121099	2.000214199866363
-1.4840276561470513	0.026030800120745268	1.0006786555315461	2.000339500807789
-1.4839888254193818	0.032752385778527036	1.0010753601159665	2.000538115008783
-1.4839271223998778	0.041196063741782245	1.0017037360554346	2.0008529617205957
-1.4838289260739432	0.05178965840877368	1.002698741402728	2.001352122468423
-1.4836722792692392	0.06505408904241577	1.004273437647773	2.0021436488339663
-1.4834214495380251	0.08161052792726593	1.0067633883237876	2.0033991716976467
-1.4830174422160047	0.10217392098642053	1.010695017998935	2.0053916832270247
-1.4823607442648719	0.12751677654944055	1.0168887410481278	2.0085563760853633
-1.4812782245282645	0.15837614113806803	1.0266088009336334	2.0135896603451564
-1.4794555392379056	0.19526637346016454	1.041765401013477	2.021613378839044
-1.4762891719566535	0.23816898747619947	1.0651461488002516	2.034456587017903
-1.3898291368655198	0.0004075404723562982	1.0000001660892999	2.00000008304466
-1.389829130659664	0.0005130629823298052	1.0000002632337825	2.0000001316169174
-1.389829120824039	0.0006459078773513729	1.0000004171973846	2.0000002085987574
-1.3898291052356082	0.0008131495432725403	1.0000006612131809	2.0000003306067544
-1.3898290805295703	0.0010236940306170687	1.000001047951983	2.000000523976403
-1.389829041373038	0.00128875324586224	1.0000016608912454	2.000000830446657
-1.3898289793138634	0.0016224418499931653	1.0000026323334235	2.00000131616931
-1.3898288809560644	0.0020425285638100473	1.0000041719627895	2.000002085987922
-1.3898287250678611	0.0025713817150683975	1.0000066121040359	2.0000033060684133
-1.3898284779976973	0.0032371590328017564	1.0000104794500682	2.0000052397662174
-1.3898280864077988	0.00407530435447071	1.0000166087372175	2.000008304472057
-1.3898274657543208	0.005130429564093811	1.0000263228940518	2.0000131617068804
-1.3898264820212622	0.006458679214821469	1.000041718522177	2.000020859913828
-1.3898249227497081	0.008130698242953335	1.0000661182628103	2.000033060771067
-1.389822451069603	0.01023534981296052	1.0001047875233433	2.000052397880535
-1.389818532712699	0.012884359353690367	1.0001660698440904	2.0000830452690344
-1.389812320003401	0.016218088417938693	1.000263184904798	2.0001316184463316
-1.3898024671611244	0.020412658924871152	1.0004170745805634	2.000208602597887
-1.3897868354740022	0.02568863448507458	1.0006609045968347	2.000330616398521
-1.389762020749041	0.03232137887476267	1.0010471764017137	2.0005240006191576
-1.3897225910801279	0.04065296772918233	1.0016589412786174	2.0008305074483053
-1.3896598453109812	0.05110496288942767	1.0026274282475298	2.001316321868468
-1.3895597608542103	0.06419015828234595	1.0041596137546784	2.0020863705782874
-1.3893995275164264	0.08051901723433266	1.0065809765215659	2.0033070274851177
-1.389141511370167	0.1007920518272362	1.0104008462473193	2.005242167372666
-1.3887223023136868	0.12576171704970276	1.0164097362674243	2.0083104750412097
-1.388031786165084	0.1561361176029057	1.025817403900456	2.0131766910804223
-1.3868706703813172	0.192386007277102	1.0404298023902803	2.020897284300075
-1.384858484031023	0.23442441270822284	1.0628246818264175	2.0331541751027187
-1.3812205470186136	0.28120133560906424	1.096389138490259	2.0526336962410348
-1.2935273825240305	0.000508712527440056	1.000000258788589	2.0000001293943197
-1.2935273762661201	0.00064043097786396	1.0000004101522226	2.0000002050761743
-1.2935273663479907	0.0008062545327883419	1.0000006500473393	2.0000003250238283
-1.2935273506287892	0.0010150137216326646	1.0000010302552855	2.0000005151280407
-1.2935273257154705	0.0012778253741810549	1.0000016328437922	2.000000816422896
-1.2935272862303615	0.0016086844544478565	1.0000025878810095	2.0000012939430163
-1.2935272236502804	0.0020252089886755504	1.0000041015099685	2.000002050761293
-1.2935271244665287	0.0025495775814362203	1.0000065004426024	2.0000032502371474
-1.2935269672683474	0.003209709094523322	1.0000103024755145	2.0000051512775614
-1.2935267181196675	0.004040746609646895	1.0000163282436452	2.0000081642218066
-1.2935263232296643	0.005086923302533405	1.000025878322089	2.0000129394121955
-1.2935256973311045	0.006403906802748617	1.0000410138738418	2.0000205075677946
-1.2935247052480545	0.008061741319944794	1.0000650013467292	2.0000325022580925
-1.2935231326494654	0.010148533119216197	1.000103017019844	2.0000515124907556
-1.293520639613326	0.012775053493941937	1.000163263004415	2.0000816415023137
-1.2935166868212413	0.016080460306514006	1.0002587344025005	2.0001293923231804
-1.293510418058116	0.02023935512229462	1.0004100160830758	2.0002050711560977
-1.293500472663059	0.025470377571311553	1.000649705255453	2.000325011208498
-1.2934846849558292	0.03204644940001194	1.0010293955469696	2.000515096285411
-1.2934595994860445	0.04030653226674847	1.0016306823935348	2.000816342905381
-1.2934196816670709	0.050668188731222044	1.0025824445921316	2.0012937411979337
-1.2933560135322355	0.06363902053099929	1.0040878259405264	2.002050250814332
-1.2932540922235831	0.07982264124643348	1.0064659595579457	2.003248940903368
-1.293089999915775	0.09991031768220926	1.0102154350039834	2.0051479664398877
-1.2928234646393393	0.12464163452512356	1.0161080232343074	2.0081556887123364
-1.292384632040773	0.15470607096632616	1.0253194482301102	2.0129171395759466
-1.2916473197327063	0.19054621731839314	1.0395908899801758	2.020448412399219
-1.2903714595430609	0.23203065415012694	1.061370761197292	2.0323416580336082
-1.2880713897470606	0.2780369216965233	1.0937782168050962	2.0510657006021384
-1.1958936474511388	0.0006369510571033561	1.000000405707026	2.000000202853575
-1.19589364115945	0.000801873570474161	1.0000006430021697	2.00000032150124
-1.1958936311877797	0.0010094984135797336	1.000001019089425	2.000000509545102
-1.1958936153837072	0.0012708820061998378	1.0000016151470472	2.000000807574502
-1.1958935903358394	0.0015999432590447361	1.000002559833437	2.000001279919176
-1.1958935506373918	0.00201420444969849	1.0000040570572555	2.0000020285348
-1.1958934877189573	0.002535723635886702	1.00000642998903	2.0000032150100195
-1.1958933879983638	0.0031922679070904725	1.0000101908121939	2.000005095445043
-1.195893229947867	0.0040187892494118905	1.0000161512643513	2.000008075730004
-1.1958929794446471	0.005059280212407918	1.0000255978166097	2.0000127991540406
-1.1958925823985196	0.00636910539338293	1.0000405692719694	2.000020285253254
-1.195891953059313	0.008017927303738062	1.0000642966232638	2.000032149862181
-1.1958909554643729	0.010093371273443215	1.0001018999150424	2.0000509538524756
-1.1958893739822325	0.012705602325400989	1.0001614920268642	2.0000807557977165
-1.1958868664953117	0.01599301345861442	1.0002559263720323	2.000127987765419
-1.1958828898673852	0.02012924011242473	1.0004055625895263	2.0002028430449332
-1.1958765809827463	0.025331699212812427	1.0006426392438268	2.000321474769029
-1.1958665661072316	0.03187176040109695	1.0010181773291529	2.0005094785258017
-1.1958506534660107	0.040086405802366554	1.0016128541164917	2.0008074069346775
-1.195825332718512	0.05039065496184019	1.0025540665617778	2.0012794969336842
-1.1957849481633547	0.0632888066842621	1.0040425429115096	2.0020274688877615
-1.1957203036816304	0.07938011444555326	1.0063934194302877	2.0032123116161937
-1.1956162371418042	0.09934995469819824	1.0100985273739125	2.005088584174883
-1.1954472298764156	0.12392970154450533	1.0159178611938235	2.008058170658763
-1.1951690491237257	0.15379693096951877	1.0250058078513105	2.012753775338219
-1.1947018898735642	0.1893761920307773	1.0390630741941198	2.020166358578727
-1.1938942405947643	0.23050750444108967	1.0604576726044208	2.0318326214872044
-1.1924408036346914	0.27602164592332107	1.0921435330305789	2.05008875662507
-1.1896859836662903	0.3234557751154391	1.1370269489801557	2.078345548509628
-1.0974000370177814	0.0007990970121094657	1.0000006385569684	2.0000003192786373
-1.097400030704391	0.0010060029316076723	1.0000010120442437	2.000000506022506
-1.0974000206983157	0.0012664814509498086	1.0000016039811568	2.0000008019915434
-1.0974000048396917	0.0015944032798963584	1.000002542136617	2.000001271070732
-1.0973999797053071	0.0020072300125709786	1.0000040290094943	2.0000020145108346
-1.0973999398695913	0.0025269433066389584	1.0000063855358432	2.0000031927832125
-1.0973998767332303	0.0031812140614036204	1.000010120357431	2.000005060217125
-1.0973997766663142	0.004004873150346046	1.0000160395980395	2.0000080198954997
-1.0973996180645909	0.005041760618621041	1.0000254208298027	2.0000127106572503
-1.0973993666818516	0.006347049006729383	1.0000402887476183	2.0000201449825714
-1.097398968226999	0.007990158910920224	1.0000638519739875	2.000031927516169
-1.097398336617984	0.010058410848732113	1.000101195072503	2.000050601377502
-1.097397335332367	0.012661585589608278	1.0001603746229593	2.0000801969608024
-1.0973957477665697	0.01593759135395243	1.0002541546431536	2.000127101561721
-1.0973932300489557	0.02005945122184798	1.0004027526717518	2.0002014372328683
-1.0973892357270445	0.02524380709690393	1.0006381810093594	2.0003192435047326
-1.0973828950809383	0.03176104473168609	1.0010110994080292	2.0005059341562212
-1.0973728205178515	0.039946891269151526	1.0016016059801285	2.000801769216538
-1.0973567897594083	0.050214753750912694	1.0025361631207161	2.001270510674393
-1.097331222593884	0.06306683605270202	1.0040139760353086	2.002013097688407
-1.0972902982091708	0.07909962507346097	1.0063476619077898	2.0031892083994802
-1.097224421064365	0.09899475749940674	1.010024795053319	2.005051138169466
-1.0971174455934933	0.12347839019068978	1.0157979589666541	2.0079966987368616
-1.0969413980782885	0.1532205268345551	1.024808132021686	2.0126508588430365
-1.096645845625269	0.18863422194788207	1.03873064096905	2.019988855914596
-1.0961351661650152	0.22954126160102137	1.0598832447598034	2.0315128714701296
-1.0952171528832246	0.27474248698834774	1.0911171289812804	2.049477201392572
-1.093481078413542	0.3217251274726147	1.1351287463059434	2.0770859341481107
-1.089995695539045	0.3669692369526473	1.1928452654676553	2.1183874202052064
-0.9983559097692213	0.0010037911685906217	1.0000010075990349	2.0000005037998982
-0.9983559034419718	0.0012636970036298905	1.0000015969359566	2.0000007984689345
-0.9983558934139172	0.0015908978631143068	1.0000025309706793	2.0000012654877417
-0.9983558775204209	0.0020028169437438024	1.0000040113125552	2.000002005662312
-0.9983558523306743	0.002521387561075829	1.0000063574877829	2.0000031787590484
-0.9983558124069812	0.003174219750087422	1.0000100759034924	2.0000050379898187
-0.9983557491305974	0.003996067750200811	1.0000159691413895	2.000007984666329
-0.9983556488402819	0.005030675109232566	1.0000253091587508	2.0000126548195998
-0.9983554898807816	0.006333092843282828	1.000040111748904	2.0000200564778767
-0.9983552379216772	0.00797258847574379	1.0000635714197268	2.000031787225629
-0.998354838529918	0.010036289651839532	1.0001007503480965	2.0000503789816055
-0.9983542053771494	0.012633733999942338	1.0001596695916997	2.0000798443605006
-0.9983532014969831	0.015902522987165272	1.0002530367651972	2.0001265424099004
-0.9983516094475966	0.02001529220370902	1.0004009797520814	2.000200550237777
-0.9983490836904431	0.025188193118279568	1.0006353681003404	2.0003178357032514
-0.9983450742804189	0.031690988848337605	1.0010066336594667	2.0005036978886657
-0.998338703822142	0.039858612287091026	1.001594509182833	2.000798212255186
-0.9983285671703397	0.050103449843121664	1.0025248675636664	2.0012648412311416
-0.9983124006470553	0.06292637917821084	1.0039959534589353	2.002004031357925
-0.9982865241277284	0.07892213532933955	1.006318795719765	2.0031746345582344
-0.9982448715786745	0.0987699859762028	1.009978285601134	2.005027519957571
-0.9981772378944296	0.1231927812735655	1.0157223383575842	2.0079579355605173
-0.9980659465735778	0.15285572204740222	1.0246834936271971	2.0125859862345705
-0.9978791440045901	0.18816456509581853	1.0385211265640875	2.0198770422865
-0.9975564844887899	0.2289295052176401	1.0595214766522372	2.031311688883976
-0.9969768548437103	0.27393231888601977	1.0904714962992743	2.049093249190505
-0.9958822357350698	0.32062835617829155	1.1339371250671526	2.0762983137283926
-0.9936914055265832	0.3654447154650739	1.190596559188302	2.116651997850839
-0.8989611969155931	0.0012619369749398972	1.000001592490736	2.000000796246319
-0.898961190579521	0.0015886821149131455	1.000002523925449	2.0000012619651133
-0.89896118053746	0.0020000274753274455	1.0000040001465422	2.0000020000792715
-0.8989611646217067	0.0025178758150332793	1.0000063397906551	2.0000031699104004
-0.8989611393965369	0.0031697986970824436	1.0000100478549583	2.0000050239653397
-0.898961099416331	0.003990501921007923	1.0000159246862605	2.0000079624382328
-0.8989610360494475	0.005023668039240292	1.0000252386991098	2.0000126195884436
-0.8989609356133565	0.006324271252944033	1.000040000070339	2.0000200006352387
-0.8989607764169332	0.007961482328773861	1.0000633944021409	2.0000316987084057
-0.898960524067547	0.010022306997763852	1.000100469746432	2.0000502386595906
-0.8989601240200956	0.01261612919857071	1.0001592247482192	2.000079621885528
-0.8989594897348255	0.015880356497750388	1.0002523314348333	2.0001261896109077
-0.8989584838253535	0.01998737954789462	1.0003998611227938	2.0001999905866286
-0.8989568879707005	0.025153039801222906	1.0006335932933514	2.000316947452954
-0.898954354702161	0.03164670677975055	1.0010038160094898	2.000502286930462
-0.8989503296652687	0.039802811272445816	1.0015900315246709	2.000795968043241
-0.8989439250770203	0.05003309442324587	1.0025177408477732	2.001261264254525
-0.8989337107607371	0.06283759534225807	1.003984582739895	2.001998311400908
-0.8989173617287571	0.07880994119858331	1.0063005843195811	2.003165440400595
-0.8988910458916087	0.09862790116351357	1.0099489450942307	2.0050126213033197
-0.8988483170498215	0.12301223303106688	1.0156746379432262	2.0079334867922793
-0.898778011493749	0.15262509713826553	1.0246048865730644	2.0125450795557818
-0.8986600177112121	0.18786762753830846	1.0383890260498165	2.0198065653398456
-0.8984562546523308	0.22854267047317273	1.0592934831097527	2.0311849757505183
-0.8980903673632415	0.27341990218723483	1.090064916981291	2.0488517484507396
-0.8973999992081797	0.3199344057136133	1.1331876646032568	2.0758041708880817
-0.896020899586185	0.36447952644788145	1.1891850208554797	2.1155683208814544
-0.8930968825050308	0.40356609953006084	1.2545664550562565	2.170790461624403
-0.7993439772375037	0.0015872824808401936	1.0000025194802096	2.000001259742485
-0.7993439708958155	0.0019982654361840693	1.0000039931012648	2.0000019965566116
-0.7993439608448167	0.0025156575307157584	1.000006328624523	2.000003164327281
-0.7993439449148043	0.0031670060256979516	1.0000100301575314	2.000005015116493
-0.7993439196668012	0.003986986122342091	1.000015896636975	2.000007948413255
-0.7993438796498186	0.005019241843730719	1.0000251942420935	2.0000125973590945
-0.7993438162231694	0.006318698868805711	1.000039929605958	2.0000199654009356
-0.7993437156886432	0.007954466845147615	1.0000632827116687	2.0000316428578624
-0.7993435563268824	0.010013474493163801	1.0001002926989364	2.000050150122508
-0.7993433036920218	0.012605008668653645	1.0001589440714242	2.0000794815136196
-0.7993429031332551	0.01586635445429644	1.0002518864026315	2.0001259670105704
-0.7993422678896992	0.019969747778325084	1.0003991553183746	2.000199637472585
-0.7993412600897889	0.0251308342566188	1.000632473473258	2.000316387009836
-0.7993396603048922	0.03161873477357476	1.0010020382112044	2.000501396688455
-0.7993371184588446	0.03976756292517798	1.0015872063604276	2.0007945520726578
-0.7993330739199253	0.049988652205302915	1.0025132443129814	2.0012590074145686
-0.7993266235505715	0.06278151192652663	1.003977408602901	2.001994702555341
-0.7993162991879016	0.07873906923276125	1.006289094472387	2.003159639802525
-0.799299681073158	0.09853814629219172	1.0099304344655065	2.005003222253063
-0.799272699039953	0.12289817831632008	1.0156445461759596	2.0079180643002057
-0.7992283050143535	0.1524794031790456	1.0245553025850478	2.0125192791981323
-0.7991538041520813	0.18768003087890014	1.038305713705787	2.0197621262875876
-0.7990251665953864	0.22829825699330972	1.0591497349423997	2.0311051143304915
-0.7987942399605386	0.2730960944061498	1.089808695559642	2.0486996718236394
-0.7983587582771849	0.31949577703175985	1.1327157400767518	2.075493499521312
-0.7974898668700846	0.36386921602878347	1.1882972945502193	2.1148890126748547
-0.7956526985604174	0.40269229174175925	1.2529046314400136	2.1692479659184785
-0.7915468457832195	0.4339417273962621	1.3188009216507408	2.236967085839342
-0.6995858429372263	0.00199715286475152	1.0000039886559953	2.0000019943339638
-0.6995858365919465	0.002514256880915341	1.0000063215791704	2.0000031608045714
-0.6995858265351961	0.003165242701393455	1.0000100189912107	2.000005009533249
-0.6995858105959201	0.0039847662072611	1.000015878939074	2.000007939564094
-0.6995857853328643	0.005016447093714619	1.000025166191617	2.000012583333327
-0.6995857452910919	0.0063151804021753435	1.0000398851459507	2.000019943169601
-0.6995856818228107	0.007950037188868046	1.0000632122397743	2.000031607618572
-0.6995855812164168	0.010007897548657071	1.0001001809895924	2.000050094259435
-0.6995854217259682	0.012597987037802875	1.0001587669765244	2.0000793929450564
-0.6995851688500072	0.015857513400630553	1.0002516056067616	2.0001258265595627
-0.6995847678158	0.01995861486936528	1.0003987099870655	2.0001994146734647
-0.6995841315842213	0.02511681340401222	1.0006317669174956	2.0003160333960976
-0.6995831216290229	0.03160107289117583	1.0010009165037486	2.0005008349886726
-0.6995815169464363	0.03974530663721375	1.0015854238210338	2.0007936586681296
-0.6995789636106864	0.04996059072029459	1.0025104072386806	2.001257583476555
-0.6995748914781628	0.06274609989089282	1.0039728821485758	2.0019924256086625
-0.6995683737235024	0.07869431920427802	1.0062818451752336	2.0031559800808405
-0.699557882833602	0.09848147270740214	1.0099187558363523	2.0049972923966024
-0.6995408495522485	0.122826160162449	1.0156255616080079	2.0079083348133193
-0.6995128251454232	0.15238740483392466	1.024524022659935	2.0125030042565886
-0.6994657975660749	0.18756156884628003	1.0382531620699207	2.0197340986341845
-0.6993846040284305	0.22814390778632598	1.0590590781569331	2.031054760624058
-0.6992388720027892	0.27289158781293854	1.0896471551257485	2.0486038371015836
-0.6989641448377396	0.3192187109317743	1.1324183544771804	2.075297919763748
-0.6984164085375731	0.3634836089223372	1.1877383263355883	2.114462154862618
-0.6972602833677966	0.40213997936285767	1.2518593327084269	2.1682817585330594
-0.6946872151256599	0.43312920464218874	1.3169129006693077	2.234826236178044
-0.5997385886072385	0.0025133727290172145	1.0000063171338536	2.000003158581892
-0.5997385822596277	0.0031641296133546395	1.000010011945739	2.0000050060104604
-0.5997385721990899	0.0039833648989826935	1.0000158677724542	2.000007933980651
-0.599738556253577	0.0050146829242554754	1.000025148492965	2.0000125744836668
-0.5997385309800476	0.006312959390824563	1.0000398570935871	2.00001992914258
-0.5997384909201972	0.007947240994317333	1.000063167775027	2.00003158538409
-0.5997384274195513	0.010004377134946908	1.000100110505791	2.0000500590122376
-0.5997383267525336	0.012593554673872806	1.0001586552372708	2.00007933706212
-0.5997381671425669	0.0158519325357823	1.000251428436731	2.0001257379410915
-0.5997379140183001	0.0199515872823556	1.0003984290024721	2.000199274097034
-0.5997375124425945	0.02510796281552324	1.0006313211121225	2.000315810281694
-0.5997368749809281	0.031589923915890196	1.0010002087571486	2.00050048058204
-0.5997358621412319	0.03973125745402341	1.0015842991221695	2.0007930949729618
-0.5997342505352262	0.04994287700762686	1.0025086171846638	2.0012566850450395
-0.5997316803060175	0.06272374612007763	1.0039700261967868	2.001990988984653
-0.5997275664759681	0.07866607074693698	1.0062772712998944	2.003153671035472
-0.599720944950814	0.09844569730568228	1.009911387433193	2.004993551126393
-0.5997101941785908	0.12278069804398821	1.0156135839728788	2.0079021964983523
-0.5996925065190153	0.15232932921404213	1.024504288533188	2.0124927370480514
-0.5996628258552618	0.18748678584438527	1.0382200101589145	2.0197164189532955
-0.5996115847200457	0.22804646626814573	1.059001894374058	2.031023003680005
-0.5995196231231521	0.27276247398221604	1.0895452794665554	2.0485434168350958
-0.5993462989332896	0.31904377023868963	1.1322308673969608	2.0751746922073755
-0.5990008973071984	0.3632400966620043	1.1873860979977084	2.1141935218512073
-0.5982726357145717	0.4017911031665145	1.2512010830127653	2.167674905844295
-0.5966560193647321	0.4326157522417608	1.3157247395528848	2.233485421077964
-0.5929008488394527	0.4556116700796849	1.3726537478990053	2.303546116277328
-0.49983501992241725	0.003163427100763514	1.0000100075003469	2.000005003787731
-0.49983501357323806	0.003982480479529137	1.0000158607267937	2.000007930457737
-0.49983500351006677	0.005013569489170047	1.000025137325871	2.0000125688999093
-0.499834987560009	0.00631155762526031	1.0000398393937442	2.0000199202921296
-0.4998349622783435	0.007945476208506214	1.0000631397196724	2.0000315713550836
-0.49983492220325537	0.010002155266522374	1.0001000660335304	2.000050036772768
-0.49983485867257316	0.012590757238452951	1.0001585847345973	2.0000793018023906
-0.49983475794316384	0.0158484102369344	1.0002513166500728	2.000125682026665
-0.4998345981971607	0.019947151900791976	1.000398251713365	2.000199185399426
-0.49983434476393435	0.0251023768660958	1.000631039828416	2.000315669506333
-0.499833942463927	0.03158288736302397	1.0009997622004108	2.000500256967357
-0.4998333032644147	0.03972239046200782	1.0015835894881302	2.000792739307338
-0.49983228618654435	0.04993169717715073	1.0025074877444393	2.0012561181781052
-0.49983066412789684	0.06270963774424236	1.0039682242320638	2.0019900825490096
-0.4998280679166519	0.07864824195479601	1.006274385428201	2.0031522141593423
-0.49982388913139203	0.09842311786231574	1.009906738409974	2.0049911906305704
-0.49981710445822763	0.12275200472314984	1.0156060269214315	2.007898323712817
-0.49980594212510554	0.15229267457995938	1.024491838005451	2.012486259508426
-0.4997872115957819	0.18743958560837648	1.038199095077303	2.019705265648639
-0.499754876046277	0.22798496339795965	1.0589658205249355	2.031002972011634
-0.49969684783763	0.27268097720646367	1.0894810199525493	2.0485053130575235
-0.4995874943411495	0.31893334074999113	1.132112630932249	2.07509701039376
-0.49936963859898825	0.3630863667809578	1.1871640385928255	2.1140243021632705
-0.49891061344948534	0.4015708212153621	1.2507862684951274	2.16729311050771
-0.4978933101089824	0.4322914718907944	1.3149762983051423	2.232643372019926
-0.4955397008045282	0.455123582213149	1.3713681107098714	2.3018292560101186
-0.39989588601030357	0.003981922347506029	1.0000158562812826	2.0000079282349286
-0.3998958796599822	0.0050128668318757535	1.0000251302799115	2.0000125653767964
-0.3998958695947662	0.006310673010773016	1.000039828225899	2.0000199147078734
-0.39989585364087926	0.007944362502222559	1.0000631220179423	2.00003156250338
-0.39989582835166665	0.010000753108331479	1.0001000379734357	2.0000500227406137
-0.39989578826090316	0.012588991856182466	1.0001585402504294	2.000079279555013
-0.39989572469604706	0.015846187413759802	1.0002512461174893	2.0001256467470667
-0.3998956238890347	0.019944352856697142	1.0003981398515749	2.0001991294350683
-0.3998954639611351	0.02509885173061344	1.0006308623505815	2.000315580683209
-0.39989521009157836	0.03157844679155806	1.000999480442626	2.0005001158763425
-0.39989480672783	0.039716794749701786	1.001583141740503	2.00079251489829
-0.3998941649061451	0.049924641892846906	1.002506775118822	2.0012557605112518
-0.3998931413154326	0.06270073432748494	1.0039670872767645	2.0019895106318897
-0.3998915029937864	0.07863699066761325	1.0062725645855863	2.0031512949457873
-0.399888866005805	0.09840886853102901	1.0099038051243399	2.0049897012926676
-0.39988458461084203	0.12273389701011493	1.0156012588738583	2.0078958802416484
-0.3998775407883697	0.1522695425293602	1.0244839825976564	2.0124821727083995
-0.39986572130961273	0.18740979815622585	1.0381858994924063	2.019698229113484
-0.39984531713173144	0.22794614917201514	1.058943062123145	2.0309903351153857
-0.39980870206447294	0.2726295436823611	1.0894404827728768	2.0484812786920905
-0.3997397073129059	0.31886364477519674	1.1320380525950962	2.075048024127996
-0.399602280583917	0.3629893362841786	1.187024000849876	2.113917641542644
-0.3993128445072358	0.4014317705049693	1.250524742369445	2.167052651703178
-0.3986720428614651	0.4320867395990361	1.314504557473093	2.2321136414453804
-0.3971932010272985	0.4548153500799353	1.3705578808178696	2.3007505023112276
-0.39365816097292816	0.47084722385390665	1.4143173200850496	2.362544690246342
-0.2999342986954541	0.005012423434413472	1.0000251258342117	2.000012563153863
-0.2999342923441706	0.006310114792956007	1.0000398211794654	2.000019911184446
-0.29993428227705854	0.007943659720723016	1.0000631108489066	2.0000315569183336
-0.2999342663192335	0.009999868305161997	1.0001000202687147	2.0000500138869244
-0.2999342410214364	0.01258787784788242	1.0001585121828216	2.00007926551787
-0.29993420091118056	0.015844784746703644	1.0002512016144494	2.000125624487153
-0.2999341373006405	0.019942586577128753	1.0003980692715861	2.000199094123965
-0.299934036384058	0.02509662726572024	1.0006307503697125	2.0003155246396562
-0.29993387618909245	0.03157564465905771	1.0009993026656692	2.000500026854055
-0.29993362166142035	0.03971326368824078	1.0015828592313198	2.0007923733060675
-0.299933216663893	0.04992018979634127	1.0025063254836442	2.0012555348395207
-0.2999325707656973	0.06269511600072347	1.0039663699094847	2.001989149778615
-0.29993153696576463	0.07862989075695095	1.0062714157192592	2.003150714966474
-0.299929872998337	0.09839987674908698	1.0099019543660153	2.004988761597623
-0.2999271713994389	0.12272247044085917	1.0155982504907926	2.007894338551917
-0.2999227267028024	0.152254945383846	1.024479026307405	2.0124795942118934
-0.29991526859253714	0.18739100110821905	1.0381775740151735	2.019693789648269
-0.29990239369928806	0.22792165565006764	1.0589287036005153	2.0309823626612644
-0.29987929045843964	0.2725970863293187	1.0894149086592013	2.048466117014464
-0.29983575876005647	0.3188196617486183	1.1319910063288143	2.0750171268818574
-0.2997490606577469	0.36292810083183347	1.1869356717665307	2.1138503868949154
-0.2995665140097446	0.40134401064994935	1.250359811790924	2.166901106412946
-0.2991626211880657	0.43195751232789	1.3142071058905744	2.2317800263336722
-0.29823197714781075	0.4546207612242865	1.3700470420218984	2.3000716507404344
-0.2960160428382601	0.47054929156543834	1.4134760894998937	2.361290928163564
-0.199958538957776	0.00630976255591441	1.0000398167334665	2.0000199089613138
-0.19995853260550342	0.00794321626358118	1.0000631038017216	2.0000315533944075
-0.19995852253623478	0.009999309991819479	1.0001000090977916	2.0000500083006245
-0.19995850657351374	0.012587174905434127	1.0001584944733604	2.0000792566610324
-0.19995848126424234	0.015843899659728752	1.000251173534934	2.0001256104420997
-0.19995844112646868	0.019941472049566672	1.0003980247386357	2.000199071844173
-0.19995837744886583	0.025095223621803504	1.0006306797145903	2.0003154892785844
-0.19995827636705918	0.03157387650502	1.0009991904960667	2.0004999706848383
-0.1999581157620536	0.03971103557752632	1.0015826809802633	2.0007922839675394
-0.19995786021178366	0.04991738050904253	1.0025060417835	2.001255392450602
-0.1999574526552258	0.06269157081711942	1.003965917282532	2.0019889220964004
-0.19995680033618007	0.0786254106862938	1.0062706908366748	2.003150349026349
-0.1999557503877619	0.0983942028954311	1.009900786624336	2.0049881686955646
-0.199954045705965	0.12271526021561341	1.0155963523499316	2.0078933658259284
-0.19995124115453772	0.15224573448755796	1.0244758991542051	2.0124779673303883
-0.19994653519666167	0.1873791400025036	1.0381723211430407	2.019690988649859
-0.19993841139848031	0.2279061999280652	1.0589196444064186	2.0309773327364
-0.19992383396184965	0.27257660513542153	1.0893987737253061	2.048456551829369
-0.19989636773273303	0.31879190721265965	1.1319613259161656	2.0749976364139475
-0.19984166982059937	0.3628894585567099	1.1868799513288601	2.1138079694470675
-0.1997265205589155	0.4012886280496366	1.2502557799730465	2.166805556972975
-0.1994718504758564	0.43187595553622987	1.3140195050178143	2.2315697768285716
-0.19888562094150042	0.4544979410903022	1.3697248771317247	2.2996440392705386
-0.19749317365619456	0.47036121190054736	1.412945532633751	2.3605014550009824
-0.1940966475167451	0.48113521725673863	1.4439075215592883	2.4081105474347964
-0.0999738349213372	0.007942936448301591	1.0000630993552486	2.0000315511709603
-0.09997382856783457	0.00999895770387515	1.000100002049416	2.000050004775908
-0.09997381849568414	0.012586731358534192	1.0001584832994463	2.000079251072746
-0.09997380252605162	0.015843341182160242	1.0002511558179596	2.0001256015802715
-0.09997377719993816	0.019940768798163956	1.000397996640248	2.0001990577865776
-0.09997373702067582	0.02509433794196805	1.0006306351342336	2.000315466967264
-0.09997367324013104	0.03157276082429421	1.0009991197218617	2.0004999352444783
-0.09997357190167883	0.03970962967038017	1.0015825685115243	2.0007922275987893
-0.09997341065474266	0.04991560788723659	1.0025058627809988	2.001255302609394
-0.09997315349504067	0.06268933385433048	1.0039656316947099	2.001988778438957
-0.09997274189545799	0.07862258382145741	1.0062702334679037	2.003150118134568
-0.09997207940051427	0.0983906227674446	1.0099000498322832	2.004987794601819
-0.09997100378392207	0.12271071065305374	1.0155951547121875	2.0078927520830825
-0.09996923417687284	0.15223992251815605	1.0244739260756366	2.012476940853399
-0.09996626483519021	0.18737165576440834	1.0381690068640546	2.0196892213850295
-0.09996113894968	0.22789644748742477	1.0589139286090472	2.0309741592091286
-0.0999519410985554	0.272563681583836	1.0893885937642536	2.0484505170779634
-0.09993461124479358	0.3187743940409934	1.1319426003443167	2.074985340501891
-0.0999001011417694	0.36286507481206237	1.1868447986655344	2.113781212757121
-0.099827458757609	0.40125368005806517	1.2501901532078703	2.1667452968705634
-0.09966683999966151	0.43182448875405915	1.3139011680901007	2.2314372167662326
-0.09929733794155694	0.45442042974447816	1.369521665739202	2.2993745192594655
-0.09842102011310337	0.47024250294898445	1.412610863951852	2.360003969339331
-0.0962916955386538	0.4809512773166371	1.4433701713982263	2.4072596596496374
0.000016513424332229282	0.009998735418822785	1.0000999976021916	2.000050002551962
0.00001651977957073686	0.012586451491317601	1.0001584762491835	2.0000792475467764
0.000016529855951488108	0.01584298879650717	1.0002511446393052	2.000125595988836
0.00001654583600299898	0.019940325063764888	1.0003979789113662	2.0001990489168358
0.00001657118796555516	0.025093779099686766	1.000630607005935	2.000315452889776
0.000016611431659306383	0.03157205685706045	1.000999075066369	2.000499912883131
0.00001667537331115993	0.039708742577328815	1.0015824975485772	2.000792192032532
0.00001677711548612947	0.049914489406098585	1.002505749838131	2.001255245923474
0.000016939375831773876	0.0626879223851574	1.0039654515011662	2.0019886877973665
0.0000171990832212537	0.07862080013802891	1.006269944888204	2.003149972452033
0.000017617098141857726	0.09838836379236773	1.0098995849491748	2.004987558565483
0.000018295780302813286	0.12270783998635035	1.0155943990571104	2.0078923648398193
0.000019412348658086306	0.15223625529920878	1.0244726811558655	2.012476293196512
0.00002128590964846873	0.1873669333755933	1.03816691571898	2.0196881063344945
0.000024520170702806754	0.22789029389863563	1.0589103222514678	2.030972156904825
0.00003032366640437585	0.27255552705874797	1.089382170839712	2.048446709595281
0.00004125799920401905	0.3187633434816268	1.1319307859053354	2.0749775829991806
0.00006303162762694201	0.3628496888661763	1.1868226206480421	2.1137643331773113
0.00010886114312497133	0.40123162779985533	1.250148750643466	2.166707286266624
0.00021017800041156845	0.4317920122534517	1.313826514969159	2.2313536161766128
0.00044316557063009594	0.4543715165880548	1.3693934723077565	2.2992045769175857
0.000995190503535398	0.4701675872426319	1.4123997383948306	2.359690331774699
0.002333297082263146	0.4808351828554967	1.4430311580048083	2.4067232396779508
0.005642537597552993	0.48790675132093486	1.4638555847363024	2.4402016318298827
0.10001042342241484	0.012586274903839833	1.0001584718007686	2.0000792453220395
0.1000104297802704	0.015842766452158385	1.0002511375860512	2.0001255924608796
0.10001043986314237	0.019940045081206	1.0003979677251984	2.0001990433204075
0.10001045585937306	0.025093426487641315	1.0006305892581802	2.000315444007483
0.10001048125178176	0.03157161267568761	1.0009990468906629	2.0004998987740774
0.10001052159679844	0.039708182849255876	1.0015824527739965	2.0007921695917483
0.10001058579266135	0.04991378367931408	1.002505678576029	2.001255210157097
0.10001068817342848	0.0626870317919639	1.0039653378068023	2.0019886306064403
0.10001085203994707	0.07861967468904783	1.0062697628069162	2.0031498805326997
0.10001111579306281	0.09838693844876513	1.0098992916282603	2.0049874096369664
0.10001154401811985	0.1227060286835553	1.015593922272285	2.0078921205067513
0.10001224853379997	0.15223394139502597	1.0244718956680334	2.012475884555154
0.10001343068402498	0.18736395368844508	1.0381655963050296	2.0196874027924103
0.1000154713830847	0.2278864111610974	1.0589080468202403	2.030970893558526
0.10001913315883579	0.2725503817757186	1.0893781183265852	2.0484443073109735
0.10002603223028012	0.31875637085291786	1.1319233317363877	2.074972688621852
0.10003977015278082	0.36283998065492196	1.1868086279869834	2.113753683977137
0.10006868473962945	0.4012177131419288	1.2501226294316297	2.1666833075550067
0.10013260072080044	0.43177151970998107	1.3137794169846462	2.2313008833532493
0.10027954532013714	0.4543406517633103	1.369312597400385	2.299097395647887
0.10062749457620478	0.4701203124849328	1.4122665416102647	2.35949254138003
0.10146964601465155	0.48076191777792804	1.4428172679106728	2.406384963428609
0.10354439733623837	0.4877923122638595	1.4635160955857598	2.439648164469598
0.2000065808046898	0.01584262616075291	1.000251133135749	2.000125590234889
0.2000065871666082	0.019939868422131364	1.0003979606672042	2.0001990397893
0.20000659725963646	0.025093204001932	1.0006305780601046	2.000315438403135
0.20000661328130437	0.031571332412972705	1.0009990291129958	2.0004998898718678
0.20000663873751254	0.03970782968065768	1.0015824245231506	2.0007921554325745
0.20000667924271812	0.04991333839068202	1.002505633612694	2.0012551875900466
0.20000674384117673	0.06268646985913726	1.0039652660705385	2.0019885945214253
0.2000068472348494	0.07861896457045772	1.0062696479214672	2.003149822535573
0.20000701365322085	0.09838603910712596	1.009899106555473	2.0049873156695615
0.20000728384718044	0.12270488581499636	1.0155936214419132	2.007891966343371
0.2000077283699773	0.1522324814020908	1.0244714000600867	2.012475626720887
0.20000847426158244	0.1873620736085724	1.0381647638148463	2.019686958890248
0.20000976186292554	0.2278839612852921	1.0589066111307743	2.0309700964497805
0.20001207229420379	0.2725471352716226	1.0893755613948295	2.048442791601845
0.200016425303598	0.3187519713431447	1.1319186285685288	2.0749696005883913
0.20002509322399442	0.362833855054075	1.1867997995021269	2.113746965221823
0.20004333634562885	0.4012089333380082	1.2501061488733956	2.166668179745475
0.2000836603715006	0.43175858928871813	1.3137497021364306	2.2312676173932786
0.20017635203253073	0.4543211762965613	1.3692615726396724	2.299029786792325
0.20039575213946	0.47009048168316636	1.4121825058835722	2.3593677845340553
0.20092626700484886	0.48071568489376765	1.4426823175945536	2.4061715982390166
0.2022301353797984	0.48772009228404256	1.4633018876184434	2.4392990565791375
0.20548433272810784	0.49229326175313354	1.4769152681467148	2.4616427604452253
0.3000041562443542	0.019939756956985428	1.000397956213911	2.0001990375613223
0.30000416261266	0.025093063621924688	1.0006305709945968	2.000315434867031
0.3000041727217051	0.03157115557787422	1.000999017896047	2.0004998842549537
0.30000418878357565	0.03970760684472059	1.0015824066980736	2.000792146498741
0.3000042143407739	0.04991305743050523	1.0025056052427526	2.001255173351203
0.30000425509986933	0.06268611530090135	1.0039652208080279	2.0019885717533286
0.3000043203372204	0.07861851651261755	1.0062695754336801	2.003149785941881
0.300004425340674	0.09838547165668368	1.0098989897825172	2.004987256380191
0.30000459582241895	0.12270416470820836	1.015593431630986	2.0078918690729988
0.3000048762987175	0.1522315602016209	1.024471087353158	2.012475464038861
0.30000534692658964	0.18736088734866158	1.0381642385505396	2.019686678808066
0.30000615935101344	0.227882415504608	1.058905705276173	2.0309695935116987
0.3000076171373741	0.27254508684612155	1.0893739480923659	2.0484418352659017
0.30001036369648165	0.31874919540889696	1.1319156611079602	2.0749676522147347
0.3000158327356729	0.3628299900080195	1.186794229219182	2.113742726147273
0.3000273430689918	0.4012033935573821	1.2500957506674826	2.166658635433451
0.3000527841249394	0.4317504305452019	1.3137309541194426	2.231246630460327
0.3001112590145905	0.45430888767820576	1.3692293797279143	2.2989871356357403
0.30024963504495417	0.47007165874565654	1.4121294852227444	2.3592890844008023
0.3005840311592507	0.48068651162796805	1.4425971717944372	2.40603700291837
0.3014046564828723	0.4876745190543873	1.463166729701288	2.4390788271315187
0.30344499426992105	0.4922217021641483	1.4767015797870284	2.4612898696367718
0.40000262644028184	0.02509297504772396	1.0006305665365631	2.0003154326359
0.40000263281868054	0.031571044001960445	1.000999010818631	2.0004998807109207
0.4000026429530713	0.039707466244106045	1.0015823954512113	2.000792140861874
0.40000265907862925	0.04991288015580446	1.0025055873425315	2.001255164367102
0.40000268479596884	0.0626858915887465	1.0039651922493193	2.0019885573876337
0.40000272595809566	0.07861823380591867	1.0062695296969906	2.0031497628528303
0.40000279221101864	0.09838511361797544	1.0098989161037948	2.0049872189711495
0.4000028997780789	0.12270370971840387	1.0155933118684692	2.0078918076996004
0.4000030767472068	0.1522309789605505	1.0244708900486417	2.0124753613936
0.4000033736941496	0.18736013886539385	1.03816390713176	2.019686502088613
0.4000038863004611	0.22788144017753736	1.0589051337222362	2.0309692761806293
0.40000480610257766	0.27254379436908543	1.089372930172267	2.048441231863437
0.4000065390625702	0.31874744390035653	1.131913788781942	2.0749664228914773
0.4000099897735715	0.3628275513076395	1.186790714653796	2.113740051541105
0.40001725218418566	0.40119989815275087	1.2500891899718176	2.1666526136545574
0.4000333037348432	0.43174528264672973	1.3137191252328515	2.2312333895836103
0.40007019507748587	0.45430113391316973	1.3692090679853568	2.298960227420634
0.4001574821417626	0.47005978188716635	1.4120960323632707	2.3592394343914838
0.4003683382501815	0.48066810363060936	1.4425434492644926	2.4059520905806773
0.4008853013606407	0.4876457620989938	1.4630814501140055	2.438939888854173
0.4021675798321495	0.49217654576253883	1.4765667448695579	2.461067229888224
0.4053870554083605	0.49510682391248856	1.4853296210221136	2.4755797643300643
0.500001661199975	0.031570973602115256	1.0009990063530836	2.000499878474787
0.5000016675943574	0.03970737753085945	1.001582388354921	2.000792137305251
0.5000016777689188	0.049912768302705954	1.0025055760482562	2.001255158698518
0.5000016939954988	0.06268575043550853	1.0039651742299942	2.0019885483234945
0.5000017199671011	0.07861805542952752	1.0062695008390954	2.0031497482846277
0.5000017617699583	0.0983848877101524	1.0098988696156759	2.004987195367648
0.5000018296403245	0.12270342263837679	1.0155932363034623	2.007891768975627
0.5000019413005136	0.1522306122210862	1.0244707655579945	2.0124752966288817
0.5000021286616985	0.18735966660284017	1.038163698020883	2.019686390586358
0.5000024520948754	0.22788082478561092	1.0589047730967491	2.030969075958821
0.5000030324512164	0.2725429788680529	1.0893722879100707	2.0484408511441
0.5000041258743951	0.31874633876822667	1.1319126074300694	2.07496564724787
0.5000063031181046	0.36282601258328956	1.186788497131086	2.1137383640061893
0.5000108853421554	0.40119769268585753	1.250085050503949	2.166648814278362
0.50002101291905	0.43174203451079735	1.3137116618343607	2.2312250355464243
0.5000442882627988	0.45429624155008036	1.369196252385716	2.2989432506174476
0.5000993538001882	0.4700522879416646	1.4120749254007592	2.359208109908981
0.5002323418936702	0.48065648860674254	1.4425095529744656	2.405898519127604
0.5005581994331295	0.48762761681419353	1.4630276420558512	2.4388522315631507
0.5013652510575524	0.49214805186744875	1.4764816671508532	2.4609267614924644
0.5033838805673061	0.4950619306734107	1.4851951943952713	2.475356558873261
0.600001052182383	0.039707321556482995	1.001582383877465	2.000792135061174
0.6000010586021063	0.04991269772804307	1.0025055689220506	2.0012551551218833
0.6000010688403999	0.0626856613736728	1.0039651628605695	2.0019885426044097
0.6000010852273956	0.07861794288142529	1.0062694826309961	2.0031497390927147
0.6000011116032505	0.09838474517168538	1.009898840283661	2.004987180474849
0.6000011544266123	0.12270324150277971	1.015593188625179	2.0078917445424604
0.6000012248795155	0.15223038082367316	1.0244706870097409	2.0124752557651324
0.6000013430965627	0.1873593686247011	1.0381635660809334	2.019686320233264
0.600001547169284	0.22788043649870013	1.0589045455577153	2.0309689496276233
0.6000019133495551	0.2725424643204316	1.0893718826708036	2.048440610927187
0.6000026032526793	0.3187456414750214	1.13191186204981	2.0749651578525987
0.600003976997507	0.3628250417105022	1.1867870979760646	2.1137372992545838
0.6000068681666099	0.40119630112408505	1.2500824386966964	2.1666464170776085
0.600013258129392	0.4317399850630015	1.313706952797786	2.23121976466105
0.6000279432734952	0.45429315465054837	1.3691881663859498	2.298932539429751
0.6000626837458463	0.47004755952023713	1.4120616079530615	2.3591883465142027
0.6001465724292346	0.48064915987770834	1.4424881659949111	2.405864719662266
0.6003520458251443	0.4876161675660554	1.4629936913576946	2.4387969262788296
0.6008604637169128	0.4921300725862082	1.476427985694788	2.4608381350537973
0.602129123234985	0.4950336028597104	1.4851103730215571	2.4752157270790884
0.6053266930298753	0.4969004224443665	1.4907036029036635	2.4845137795723478
0.7000006679333648	0.049912653198389806	1.002505564425719	2.001255152865179
0.700000674393297	0.06268560517938837	1.0039651556869478	2.0019885389959113
0.7000006847328012	0.07861787186829064	1.0062694711424631	2.00314973329301
0.7000007013748547	0.09838465523588658	1.0098988217764127	2.0049871710781297
0.7000007283945915	0.12270312721380686	1.015593158542221	2.0078917291261784
0.7000007728474027	0.1522302348215949	1.0244706374491568	2.0124752299818596
0.7000008474373693	0.18735918061296186	1.0381634828324904	2.0196862758434913
0.7000009761986244	0.2278801915058817	1.0589044019903966	2.0309688699181154
0.7000012072428254	0.272542139662331	1.0893716269824234	2.0484404593608594
0.7000016425421649	0.31874520151196734	1.1319113917476087	2.0749648490661565
0.7000025093153266	0.36282442912984986	1.1867862151718018	2.113736627446095
0.7000043335122156	0.40119542310548095	1.25008079076585	2.166644904563529
0.7000083652638699	0.43173869194385683	1.3137039816162874	2.2312164390192124
0.7000176307225696	0.4542912069378245	1.3691830645036094	2.2989257813067345
0.7000395490725465	0.4700445760635356	1.4120532052694947	2.3591758770602325
0.700092470844902	0.4806445357048014	1.442474671776343	2.405843394372756
0.7002220645692	0.4876089434405307	1.4629722698724041	2.4387620320907377
0.7005425380502659	0.4921187280886839	1.4763941145712922	2.4607822168030724
0.7013410274084606	0.4950157283835	1.4850568528031027	2.4751268687806003
0.7033459612692622	0.49687219944727273	1.490618998137435	2.4843729852273184
0.8000004255136414	0.06268556972316593	1.0039651511606986	2.001988536719103
0.8000004320374311	0.07861782706199884	1.006269463893689	2.003149729633644
0.8000004425378625	0.09838459849019143	1.0098988100991293	2.0049871651492013
0.8000004595861727	0.12270305510228531	1.0155931395611602	2.0078917193991637
0.8000004876340142	0.15223014270043925	1.0244706061785478	2.012475213713718
0.8000005346971224	0.18735906198547708	1.0381634303062888	2.0196862478354496
0.8000006159400109	0.227880036925728	1.0589043114055845	2.030968819624851
0.8000007617190744	0.2725419348167192	1.0893714656540863	2.04844036372909
0.800001036374348	0.3187449239137347	1.131911095007358	2.0749646542355205
0.8000015832707522	0.362824042617056	1.1867856581611125	2.1137362035653293
0.8000027342581949	0.4011948691122053	1.2500797509950126	2.1666439502385657
0.8000052781046753	0.43173787603884234	1.3137021069353472	2.231214340705753
0.8000111241180217	0.45428997800987975	1.3691798454488435	2.298921517290854
0.8000249531021659	0.4700426936198744	1.4120479035576263	2.3591680095279575
0.8000583411365729	0.48064161802605293	1.4424661575212505	2.4058299393159586
0.8001400888703897	0.48760438527040334	1.462958753811918	2.438740015779696
0.8003421681757107	0.4921115700600904	1.4763727431724647	2.4607469352720583
0.800845195780939	0.4950044500193553	1.4850230832125717	2.4750708032129918
0.8021052631795367	0.4968543911150952	1.490565614264177	2.4842841488678102
0.8052890119547848	0.4980394384842063	1.4941189080272779	2.490200154223058
0.9000002725972862	0.07861779879112674	1.006269459320022	2.00314972732474
0.9000002792226129	0.09838456268606154	1.0098988027312619	2.0049871614083004
0.9000002899793729	0.1227030096029693	1.015593127584921	2.0078917132618326
0.90000030767637	0.1522300845758909	1.0244705864481296	2.0124752034492164
0.900000337371192	0.1873589871365556	1.038163397164502	2.0196862301635745
0.9000003886320007	0.22787993939219067	1.0589042542504488	2.0309687878919607
0.9000004806123825	0.2725418055677965	1.0893713638628364	2.0484403033895706
0.9000006539081282	0.31874474876096665	1.131910907777068	2.0749645313058735
0.9000009989762365	0.3628237987437581	1.1867853067115826	2.1137359361153374
0.9000017251990299	0.4011945195656857	1.2500790949452534	2.1666433481029697
0.900003330250947	0.4317373612367877	1.313700924094764	2.231213016769291
0.9000070187978385	0.45428920260705663	1.3691778143687146	2.298918826907171
0.9000157440741264	0.47004150587434174	1.4120445584127588	2.359163045514898
0.9000368091676115	0.4806397770861046	1.4424607853979206	2.4058214498650154
0.9000883803914868	0.4876015092375597	1.462950225747534	2.438726124599107
0.9002158337896586	0.49210705359580503	1.4763592586659315	2.4607246743304025
0.900532911040064	0.494997333720443	1.4850017757966614	2.475035428324025
0.9013259985236083	0.4968431544886871	1.490531930572311	2.484228096470128
0.9033222913654797	0.4980216718903356	1.494065624478015	2.490111402366149
1.0000001761775972	0.09838454009517598	1.0098987980824519	2.0049871590479516
1.0000001829646552	0.12270298089483297	1.0155931200284252	2.0078917093894386
1.0000001941307077	0.15223004790176864	1.0244705739990783	2.0124751969727543
1.0000002128668772	0.18735893991006347	1.0381633762534506	2.0196862190133773
1.0000002452102656	0.22787987785266747	1.0589042181880026	2.030968767869866
1.0000003032459672	0.2725417240172078	1.0893712996369191	2.048440265317926
1.0000004125881843	0.3187446382469915	1.1319107896428007	2.0749644537425795
1.0000006303113644	0.36282364487002533	1.1867850849621018	2.1137357673660757
1.0000010885264967	0.40119429901658515	1.250078681006352	2.166642968182187
1.000002101243124	0.4317370364183345	1.3137001777740542	2.231212181425769
1.000004428543682	0.45428871336026944	1.3691765328462255	2.298917129401154
1.0000099337321342	0.4700407564560302	1.4120424477726885	2.3591599134599646
1.0000232243773464	0.48063861552789544	1.4424573958206164	2.4058160934297628
1.0000557603923943	0.48759969457478547	1.4629448448999933	2.438717359925412
1.0001361581489867	0.49210420387816495	1.4763507504914501	2.460710628705283
1.0003360964870929	0.4949928435867381	1.4849883316287513	2.4750131083153586
1.0008357234028307	0.4968360645259688	1.490510677303304	2.4841927296230666
1.0020903697601542	0.49801046160132256	1.49403200400395	2.4900554028539243
1.0052653982288868	0.4987610328815675	1.4962832484264281	2.493805913208023
1.1000001154429098	0.12270296278122025	1.015593115260599	2.0078917069461237
1.1000001224882132	0.15223002476195757	1.0244705661442581	2.0124751928863835
1.1000001343099384	0.1873589101121555	1.03816336305947	2.0196862119780787
1.1000001547172387	0.22787983902384512	1.0589041954341405	2.0309687552367808
1.1000001913352926	0.2725416725622527	1.089371259113113	2.04844024129635
1.100000260325565	0.3187445685173679	1.1319107151051413	2.074964404803477
1.1000003976995734	0.36282354778223	1.1867849450477106	2.113735660892599
1.1000006868135888	0.4011941598594483	1.2500784198287664	2.1666427284688146
1.10000132579352	0.43173683147162023	1.3136997068780165	2.231211654361196
1.1000027942148514	0.4542884046661448	1.3691757242611688	2.298916058351775
1.1000062677186255	0.4700402836044278	1.412041116050289	2.3591579372770783
1.1000146533377588	0.4806378826327679	1.442455257143262	2.4058127137659815
1.1000351808907824	0.48759854959650556	1.4629414498136515	2.438711829817537
1.1000859005264727	0.4921024058193993	1.476345382185909	2.4607017665466375
1.1002120038244394	0.4949900104829419	1.4849798488935333	2.474999025356935
1.100526938421874	0.49683159100986113	1.490497267279282	2.484170414581911
1.1013166176924494	0.49800338825729457	1.494010790589891	2.4900200692033256
1.1033074585128086	0.49874983921100713	1.4962496715075615	2.4937499653143123
1.2000000772848445	0.15223001016172183	1.024470561188202	2.0124751903080575
1.200000084743849	0.18735889131094388	1.0381633547346314	2.019686207539106
1.2000000976199858	0.22787981452451064	1.0589041810774247	2.0309687472658435
1.2000001207244166	0.2725416400963656	1.089371233544323	2.048440226139763
1.2000001642543348	0.3187445245209415	1.1319106680750668	2.0749643739250017
1.2000002509314622	0.36282348652395907	1.1867848567677266	2.1137355937124207
1.2000004333499983	0.40119407205720553	1.2500782550369312	2.166642577220075
1.200000836518656	0.43173670215893545	1.3136994097629	2.231211321806552
1.2000017630274717	0.45428820989321156	1.3691752140788744	2.298915382567098
1.2000039546461312	0.4700399852549915	1.412040275790839	2.3591566903940233
1.200009245530085	0.4806374202066295	1.4424539077296117	2.4058105813496153
1.2000221970290643	0.4875978271626671	1.4629393076585644	2.4387083405662526
1.2000541958038415	0.4921012713176348	1.4763419950099752	2.460696174915171
1.2001337420065308	0.49498822290695077	1.4849744966340317	2.4749901396168763
1.200332329627648	0.49682876839129186	1.4904888060792405	2.4841563347153426
1.2008298109422235	0.4979989252272367	1.4939974056995868	2.489997775039246
1.2020810369101307	0.49874277635309033	1.496228485554191	2.4937146641233916
1.2052505632865922	0.49921749332939613	1.497652517759371	2.496087655491966
1.3000000534697564	0.18735887944818028	1.0381633494820135	2.0196862047383037
1.30000006159405	0.22787979906647432	1.0589041720189498	2.0309687422365226
1.3000000761719603	0.27254161961177353	1.0893712174115082	2.048440216576604
1.3000001036374813	0.31874449676106986	1.1319106384010995	2.074964354442005
1.3000001583270466	0.36282344787259746	1.1867848010668332	2.1137355513246106
1.3000002734253322	0.40119401665772564	1.2500781510603447	2.1666424817886405
1.3000005278073894	0.43173662056812717	1.3136992222960133	2.231211111979004
1.300001112393973	0.4542880869997559	1.3691748921757625	2.2989149561765077
1.3000024952062657	0.47003979700912607	1.4120397456231981	2.3591559036656156
1.3000058334949047	0.4806371284352322	1.4424530563073708	2.405809235888761
1.3000140051347429	0.48759737133718	1.46293795604991	2.438706139001866
1.3000341937421405	0.4921005554940685	1.4763398578448013	2.460692646839255
1.3000843762036736	0.49498709501942867	1.4849711195804538	2.474984533096315
1.3002096277359636	0.4968269874311238	1.4904834674042673	2.4841474509092194
1.3005232104672535	0.4979961092250631	1.4939889603526528	2.489983708317963
1.3013107393362264	0.4987383199395511	1.4962151179821364	2.493692390396432
1.3032981401886632	0.49921043708787666	1.4976313500652878	2.4960523794362444
1.4000000388632197	0.2278797893131124	1.0589041663034389	2.0309687390632356
1.4000000480612598	0.2725416066868695	1.0893712072323911	2.0484402105426596
1.4000000653908315	0.31874447924577415	1.131910619678094	2.0749643421490673
1.4000000998976125	0.36282342348523533	1.1867847659219506	2.113735524579718
1.400000172519709	0.40119398170301324	1.2500780854555669	2.166642421575504
1.4000003330238695	0.4317365690877998	1.313699104012436	2.23121097958687
1.400000701872686	0.45428800945921044	1.369174689068691	2.298914687142518
1.4000015743660306	0.470039678233976	1.4120394111101235	2.359155407274191
1.4000036806704483	0.4806369443398351	1.4424525190963393	2.4058083869615134
1.4000088365455854	0.4875970837305221	1.462937103242436	2.4387047499103747
1.4000215741962985	0.4921001038393962	1.4763385093840846	2.460690420775845
1.4000532340848604	0.49498638336919043	1.4849689888012536	2.474980995621944
1.400132243050262	0.4968258637179407	1.4904800989206544	2.484141845602165
1.4003299784624315	0.4979943324396164	1.4939836316782455	2.4899748327951015
1.40082610601662	0.49873550811220974	1.4962066835589847	2.4936783365527604
1.4020751738793118	0.4992059848491464	1.4976179940088317	2.4960301215409406
1.4052412286854277	0.4995059645344213	1.498517903114338	2.497529870226379
1.500000030324605	0.27254159853180554	1.0893712008098022	2.048440206735498
1.5000000412588257	0.31874446819436897	1.1319106078646763	2.0749643343927486
1.5000000630311319	0.36282340809784897	1.1867847437470302	2.113735507704834
1.500000108852572	0.40119395964807897	1.2500780440617554	2.1666423835835937
1.5000002101238243	0.4317365366059057	1.3136990293805562	2.2312108960531196
1.5000004428515423	0.4542879605344269	1.3691745609168169	2.298914517393659
1.5000009933567389	0.4700396032919072	1.4120392000466784	2.359155094072631
1.5000023223396795	0.48063682818345593	1.442452180139127	2.4058078513250933
1.5000055754447028	0.4875969022629014	1.4629365651572697	2.4387038734535826
1.500013612160175	0.4920998188643503	1.4763376585626318	2.4606890162255843
1.500033586963835	0.4949859343477196	1.4849676443694961	2.4749787636268894
1.5000834305273516	0.49682515470154703	1.4904779735482219	2.484138308890788
1.500208144654538	0.4979932113605274	1.4939802695037394	2.489969232710112
1.5005208744301919	0.4987337339609405	1.4962013617757068	2.49366946914822
1.5013070464964766	0.49920317565598904	1.4976095668494482	2.4960160776753884
1.5032922768829367	0.49950151492983474	1.4985045545597995	2.497507623499502
1.60000002603256	0.3187444612214039	1.1319106004109143	2.074964329498843
1.6000000397699559	0.36282339838906447	1.1867847297556027	2.1137354970575033
1.6000000686813283	0.40119394573235584	1.2500780179440285	2.166642359612324
1.600000132579158	0.4317365161112151	1.313698982291029	2.231210843346902
1.600000279420361	0.4542879296649729	1.3691744800584609	2.2989144102894152
1.6000006267653044	0.4700395560066524	1.4120390668746623	2.359154896455909
1.6000014652947405	0.48063675489372093	1.442451966271598	2.4058075133615437
1.600003517852405	0.4875967877645388	1.4629362256484717	2.438703320447007
1.6000085885979156	0.4920996390571671	1.4763371217304835	2.4606881300145984
1.6000211913551612	0.4949856510341151	1.4849667960900172	2.4749773553333676
1.6000526374436939	0.49682470734192546	1.4904766325276988	2.484136077376083
1.600131307449654	0.4979925040061439	1.4939781481117564	2.489965699291915
1.600328505163333	0.4987326145439196	1.4961980039486873	2.4936638741827966
1.6008237785581378	0.4992014031668004	1.4976042496484687	2.4960072165622433
1.6020714847523616	0.4994987073987459	1.4984961321324899	2.4974935866738095
1.6052353491506022	0.49968816240057967	1.4990644895945155	2.498440823966671
1.7000000250931455	0.3628233922632352	1.1867847209276083	2.113735490339492
1.7000000433349876	0.40119393695212774	1.2500780014648576	2.1666423444874767
1.7000000836517883	0.4317365031799389	1.3136989525795475	2.2312108100915333
1.7000001763022992	0.4542879101876628	1.3691744290402905	2.2989143427112233
1.700000395462002	0.47003952617167105	1.4120389828488062	2.3591547717682264
1.7000009245374685	0.4806367086510186	1.442451831330315	2.405807300121033
1.7000022196086895	0.48759671552094214	1.462936011432898	2.4387029715235555
1.7000054190013068	0.4920995256064705	1.4763367830122558	2.460687570853395
1.7000133706077596	0.49498547227523204	1.4849662608616958	2.474976466760287
1.7000332105247253	0.4968244250768793	1.4904757864004818	2.4841346693852184
1.7000828402671329	0.49799205769518345	1.4939768096025965	2.4899634698543816
1.7002072153203318	0.498731908238236	1.496195885299575	2.4936603439937333
1.7005194069209364	0.49920028479849055	1.4976008947123538	2.496001625564682
1.7013047229049119	0.499496935958266	1.498490817916723	2.4974847299997527
1.7032885838219538	0.49968535591818797	1.4990560702125133	2.4984267918805716
1.8000000273425287	0.40119393141217835	1.2500779910672042	2.166642334944344
1.800000052780709	0.4317364950208552	1.3136989338328715	2.231210789108817
1.8000001112392192	0.4542878978983107	1.369174396850003	2.2989143000722745
1.8000002495195877	0.4700395073470696	1.412038929832078	2.3591546930956344
1.8000005833433042	0.4806366794738437	1.4424517461881237	2.4058071655753963
1.8000014004759668	0.48759666993830864	1.4629358762720064	2.438702751367784
1.8000034191436933	0.49209945402390676	1.4763365692954857	2.4606872180465764
1.8000084361902482	0.49498535948596883	1.4849659231553944	2.4749759061086007
1.8000209538445142	0.4968242469795928	1.4904752525301135	2.4841337810029325
1.800052265040094	0.49799177609179934	1.493975965059891	2.489962063173851
1.800130721180695	0.4987314625889627	1.4961945485209667	2.4936581165932106
1.8003275796318403	0.49919957915450247	1.4975987778871473	2.4959980978784775
1.8008223140899642	0.4994958182516525	1.4984874648639415	2.497479141801967
1.8020691611304598	0.4996835851394003	1.4990507579178745	2.4984179381952507
1.8052316434764692	0.49980319508493704	1.499409585856436	2.4990159784327983
1.9000000333023748	0.43173648987282104	1.313698922004518	2.2312107758696182
1.9000000701871977	0.4542878901442535	1.3691743765393054	2.2989142731689194
1.9000001574361898	0.47003949546954865	1.4120388963807844	2.359154643456591
1.9000003680645818	0.4806366610642899	1.4424516924670336	2.40580708068285
1.900000883639627	0.4875966411776091	1.4629357909912486	2.438702612458901
1.9000021573278618	0.4920994088583571	1.4763364344493135	2.4606869954405433
1.9000053228392026	0.49498528832074146	1.4849657100770983	2.47497555236131
1.9000132207512173	0.49682413460776914	1.4904749156806096	2.484133220471562
1.9000329755640541	0.4979915984119939	1.4939754321892607	2.4899611756182214
1.900082470396741	0.49873118140307593	1.4961937050701324	2.4936567111977728
1.9002066315101451	0.4991991339227324	1.497597442259294	2.4959958720568762
1.9005184835461861	0.4994951130251688	1.498485349226955	2.497475615881863
1.901303259379313	0.49968246785028997	1.4990474060771108	2.4984123518825347
1.9032862562201844	0.4998014247236494	1.499404274788953	2.49900712670826
2.000000044285126	0.45428788525177405	1.3691743637241214	2.2989142561940508
2.0000000993355087	0.4700394879753393	1.4120388752744453	2.3591546121364737
2.000000232232987	0.4806366494486464	1.4424516585713174	2.405807027119279
2.000000557538524	0.4875966230308335	1.4629357371827276	2.4387025248133267
2.0000013611794847	0.4920993803608197	1.4763363493671282	2.46068685498564
2.0000033584697627	0.4949852434185134	1.4849655756337732	2.4749753291618632
2.0000083416381647	0.49682406370592846	1.490474703142911	2.4841328668001585
2.0000208055983766	0.49799148630358303	1.4939750959705402	2.4899606156083918
2.000052031683683	0.49873100398669384	1.4961931728884135	2.493655824452913
2.0001303528853094	0.49919885300027284	1.497596599534516	2.495994467657561
2.0003269972768414	0.4994946680568271	1.4984840143487843	2.4974733911744216
2.0008213916892363	0.4996817628872344	1.499045291204804	2.498408827151553
2.002067696640654	0.499800307697966	1.4994009237223895	2.4990015416322753
2.005229306971203	0.4998758051076843	1.4996274154742673	2.4993790262944917