-1.3098037484473932	0.0004899999999999667	1.000000240100132	2.0000001200500876
-1.3098036481240312	0.0006168734517790753	1.0000003805331872	2.0000001902666478
-1.3098034891220844	0.0007765976643058123	1.000000603104765	2.000000301552519
-1.3098032371206478	0.0009776785343344845	1.0000009558574086	2.000000477929047
-1.3098028377244473	0.0012308243514391629	1.0000015149338395	2.0000007574677805
-1.309802204722022	0.0015495160534814444	1.0000024010132007	2.000001200508762
-1.309801201475495	0.0019507251357100198	1.000003805361714	2.000001902686287
-1.309799611423612	0.0024558174447694096	1.0000060311226135	2.0000030155749475
-1.3097970913278167	0.003091690987944516	1.0000095587623854	2.000004779415457
-1.309793097161273	0.003892208350132155	1.0000151498113854	2.000007574991765
-1.3097867666232164	0.004899999999966432	1.000024011320134	2.000012005876285
-1.3097767328672696	0.006168734517724439	1.0000380566016815	2.000019028844013
-1.309760829106126	0.007765976642925818	1.0000603187233785	2.0000301607262996
-1.309735620002766	0.00977678534308086	1.0000956064577107	2.0000478066574927
-1.3096956578726398	0.012308243513864897	1.000151545428868	2.000075781330332
-1.309632301069786	0.015495160533763486	1.0002402320771866	2.0001201376948923
-1.3095318342744	0.01950725135500325	1.0003808647226178	2.0001904868158356
-1.3093724717620898	0.02455817444351013	1.000603937959888	2.0003021059883026
-1.3091195635176966	0.03091690987109706	1.000957951954203	2.0004793210238025
-1.3087178850959555	0.03892208348466495	1.0015202017004776	2.000760971155853
-1.308079132290869	0.04899999996643001	1.002414271825125	2.0012093364014225
-1.3070613704479217	0.061687345110933385	1.0038387712923291	2.001924970897162
-1.305434571448045	0.07765976629695058	1.0061154665174483	2.0030719971869115
-1.3028210082128306	0.09776785316682128	1.0097723281750528	2.0049229527439105
-1.2985872808427503	0.12308243461192839	1.0156931755291583	2.007942987971769
-1.2916349362890813	0.15495160428669927	1.0254045438155	2.012961478298638
-1.2799522446607687	0.19507251145317306	1.041674652218815	2.0215646657782473
-1.2595058436218391	0.2455817402514198	1.0699157307985507	2.03715235765055
-1.220821406971729	0.3091690903637547	1.1219949570145609	2.0685346053352927
-1.133304411525163	0.38922081819279447	1.2285042894223113	2.1474787378453346
-0.6521240318396555	0.48999996643874943	1.4700769112335825	2.4503814248891653
-1.309750856912241	0.0004900596793444283	1.0000002401586214	2.0000001200793323
-1.309750756564466	0.0006169485836223398	1.0000003806258866	2.000000190312998
-1.3097505975238275	0.0007766922496924581	1.000000603251684	2.0000003016259784
-1.309750345461068	0.0009777976102811688	1.0000009560902599	2.0000004780454725
-1.3097499459676771	0.0012309742591740803	1.0000015153028845	2.0000007576523036
-1.3097493128112143	0.0015497047761377646	1.0000024015981004	2.000001200801213
-1.3097483093205522	0.0019509627234566597	1.0000038062887233	2.0000019031497946
-1.309746718881734	0.002456116550018828	1.0000060325918394	2.000003016309567
-1.3097441981726718	0.0030920675391391075	1.000009561090989	2.000004780579776
-1.3097402030341248	0.0038926823999904823	1.0000151535020678	2.0000075768371484
-1.3097338709554438	0.004900596793360813	1.0000240171697086	2.000012008801178
-1.3097238347575149	0.00616948583605685	1.0000380658732286	2.000019033480051
-1.3097079271254426	0.007766922496592283	1.0000603334192872	2.000030168074919
-1.3096827118854475	0.009777976102148653	1.0000956297529178	2.0000478183067676
-1.3096427400253203	0.012309742590417875	1.0001515823587341	2.000075799799465
-1.309579367791177	0.015497047758738067	1.0002402906308303	2.000120166982276
-1.3094788765129979	0.019509627229299945	1.0003809575835934	2.0001905332728946
-1.3093194751330264	0.024561165489679956	1.0006040852847695	2.0003021797176515
-1.3090665051236592	0.030920675370424183	1.000958185826302	2.000479438128575
-1.30866472839742	0.03892682395807042	1.0015205733149213	2.00076115738952
-1.3080258187434095	0.04900596785013762	1.0024148631976544	2.001209633169441
-1.3070078056505858	0.06169485819402342	1.0038397146382343	2.0019254453300634
-1.305380601633459	0.07766922463362297	1.006116977089615	2.0030727595796503
-1.302766378845968	0.09777976035846542	1.0097747618932527	2.0049241881726383
-1.2985315596141216	0.12309742458129055	1.0156971353804674	2.0079450175757843
-1.2915773580141598	0.15497047494791255	1.0254110907810976	2.0129648898425496
-1.2798913609597222	0.1950962670266979	1.041685765768739	2.021570630973351
-1.2594385874024645	0.2456116443895566	1.0699354507665602	2.0371635597037554
-1.2207398434952446	0.30920673274083355	1.1220327126615728	2.06855878699174
-1.1331771436692504	0.3892681977573074	1.2285862064379514	2.147549162609248
-0.6507980681152801	0.4900595950656971	1.4702544410699963	2.450672887988124
-1.3096670558587769	0.0004901542498468656	1.0000002402513208	2.000000120125682
-1.3096669554723344	0.0006170676408309704	1.0000003807728053	2.0000001903864573
-1.3096667963704118	0.0007768421338376733	1.0000006034845348	2.000000301742404
-1.3096665442105233	0.0009779863032400324	1.0000009564593042	2.000000478229995
-1.3096661445631934	0.0012312118095342737	1.0000015158877817	2.0000007579447527
-1.309665511162751	0.001550003834321307	1.0000024025251038	2.0000012012647166
-1.3096645072854038	0.0019513392154005594	1.000003807757934	2.0000019038844044
-1.309662916233721	0.0024565905252884185	1.0000060349204054	2.0000030174738606
-1.309660394553308	0.003092664238638743	1.000009564781577	2.0000047824250964
-1.3096563978752087	0.00389343360013021	1.0000151593514053	2.0000075797618835
-1.3096500633563397	0.004901542498259027	1.0000240264406597	2.0000120134368204
-1.3096400232905643	0.006170676407891441	1.00003808056764	2.0000190408276763
-1.3096241095273429	0.007768421337542193	1.0000603567107325	2.000030179721696
-1.3095988845675526	0.009779863030735182	1.000095666673331	2.0000478367696237
-1.3095588972961096	0.01231211809202035	1.0001516408886217	2.0000758290710685
-1.3094955006203892	0.015500038336584032	1.0002403834320874	2.000120213399649
-1.309394970563961	0.01951339214077893	1.0003811047582865	2.000190606902367
-1.3092355076215256	0.02456590522649353	1.000604318778883	2.000302296570784
-1.308982439782525	0.030926642333731203	1.0009585564883778	2.0004796237271054
-1.3085805073513221	0.038934335896239264	1.0015211622835658	2.0007614525499253
-1.307941349262733	0.04901542477296289	1.0024158004585502	2.001210103514899
-1.3069229382106304	0.06170676366065442	1.0038412097372216	2.0019261972551825
-1.3052950926739244	0.07768421254088871	1.0061193711763348	2.003073967889944
-1.3026798251869742	0.09779862864225548	1.0097786190545344	2.004926146193832
-1.298443276461446	0.12312117759795119	1.0157034112664634	2.007948234280245
-1.2914861332265377	0.15500037673723846	1.025421466884192	2.0129702967832306
-1.2797948999571982	0.19513390818250623	1.0417033792171193	2.0215800852441013
-1.2593320305842466	0.24565902587865926	1.0699667039850862	2.037181314251924
-1.2206106161891321	0.30926637069493207	1.1220925494103189	2.06859711573759
-1.132975465678366	0.3893432539433574	1.2287160297811575	2.147660808344093
-0.6486819226677517	0.49015403824070386	1.4705356551733724	2.4511346807400565
-1.309534306349739	0.0004903040966278299	1.0000002403982395	2.0000001201991413
-1.3095342059020738	0.0006172562867511664	1.000000381005656	2.0000001905028824
-1.3095340467031193	0.0007770796249799695	1.0000006038535785	2.000000301926926
-1.3095337943894458	0.0009782852868732064	1.0000009570442	2.0000004785224434
-1.3095333944983814	0.0012315882076259158	1.0000015168147816	2.0000007584082535
-1.3095327607116438	0.001550477691440091	1.0000024039943052	2.0000012019993196
-1.309531756222053	0.0019519357661615052	1.0000038100864763	2.000001905048682
-1.3095301642000128	0.0024573415381859342	1.0000060386109337	2.0000030193191414
-1.309527640981647	0.0030936097078303484	1.0000095706307646	2.000004785349732
-1.309523641865954	0.0038946238752624067	1.00001516862198	2.0000075843972764
-1.3095173034835013	0.004903040965751896	1.0000240411341264	2.0000120207838186
-1.3095072572937116	0.00617256286646135	1.0000381038567119	2.0000190524728776
-1.3094913338229557	0.00777079624770405	1.0000603936251828	2.000030198180593
-1.3094660934736746	0.009782852864550702	1.0000957251882365	2.0000478660312777
-1.309426081801266	0.012315882067916247	1.000151733652228	2.000075875463432
-1.3093626464268135	0.015504776897754613	1.0002405305121331	2.000120286966223
-1.3092620549721243	0.019519357628401342	1.000381338014367	2.000190723597205
-1.3091024945566643	0.024573415315589334	1.0006046888418918	2.000302481770491
-1.3088492718218154	0.030936096946077647	1.0009591439476209	2.0004799178808863
-1.3084470928586436	0.0389462384887995	1.0015220957345599	2.0007619203474807
-1.3078075414146626	0.04903040913112174	1.0024172859134455	2.0012108489618243
-1.3067885002540982	0.06172562761431952	1.0038435793005966	2.0019273889752878
-1.3051596389545348	0.07770796038144898	1.0061231655259153	2.003075882930773
-1.3025427172870485	0.09782852446431727	1.0097847321876134	2.0049292494448077
-1.2983034299838148	0.12315881233679767	1.0157133577363258	2.0079533324104153
-1.2913416285479715	0.15504775233298945	1.025437911552408	2.012978866226695
-1.2796421027897273	0.19519354307581108	1.0417312937943075	2.0215950694384044
-1.2591632425220587	0.24573408690331427	1.0700162349267495	2.0372094545459603
-1.220405910322986	0.30936083729003977	1.1221873794419448	2.068657871254423
-1.132655897632239	0.389462121237632	1.2289217698579298	2.1478378302830614
-0.6452905635284997	0.49030356546480836	1.4709809679571757	2.4518662047788506
-1.3093240786510825	0.0004905414940075616	1.00000024063109	2.000000120315567
-1.3093239781065387	0.0006175551523446125	1.0000003813746992	2.000000190687404
-1.3093238187540421	0.0007774558744690894	1.0000006044384733	2.0000003022193735
-1.3093235661970197	0.0009787589569138797	1.0000009579711973	2.000000478985943
-1.309323165920272	0.0012321845228722272	1.000001518283977	2.000000759142853
-1.3093225315222634	0.0015512284078477389	1.0000024063228325	2.0000012031635874
-1.3093215260638633	0.0019528808621054395	1.0000038137769671	2.000001906893938
-1.309319932506338	0.002458531343449018	1.000006044460027	2.0000030222437144
-1.3093174068543276	0.00309510758383667	1.0000095799011024	2.0000047899849673
-1.3093134038814052	0.0038965095892819135	1.000015183314851	2.000007591743879
-1.309307059385248	0.004905414938753993	1.0000240644217009	2.0000120324280264
-1.3092970035048643	0.006175551520809141	1.000038140767401	2.000019070929278
-1.309281064672976	0.007774558739429422	1.0000604521306387	2.000030227435973
-1.3092557999714682	0.00978758955864077	1.0000958179280983	2.0000479124078727
-1.3092157496871148	0.01232184520777597	1.000151880672601	2.000075948990368
-1.3091522530759647	0.015512284036684039	1.0002407636182076	2.000120403561375
-1.3090515644648189	0.01952880853766579	1.000381707700119	2.0001909085460325
-1.3088918498079642	0.024585313268108262	1.0006052753516774	2.000302775292179
-1.3086383819649856	0.030951075506391958	1.0009600750063745	2.000480384083044
-1.308235812886084	0.03896509523044503	1.0015235751511673	2.000762661756234
-1.3075956389857002	0.04905414806593799	1.0024196401919603	2.0012120304146066
-1.3065756007109932	0.061755512571174724	1.0038473347832744	2.001929277722116
-1.304945131985398	0.07774558213303549	1.0061291791090603	2.0030789180610986
-1.3023255925203805	0.09787588508907495	1.0097944207110048	2.0049341677574
-1.2980819710933968	0.12321843113364452	1.0157291214792064	2.007961412395102
-1.2911127968735812	0.15512279858042063	1.0254639737235598	2.012992447929494
-1.2794001443277558	0.1952880020099606	1.0417755332639933	2.0216188182504444
-1.2588959649946625	0.24585296636848822	1.0700947309733373	2.037254056999524
-1.220081738196721	0.3095104233083416	1.122337662782499	2.0687541837325925
-1.1321495914303217	0.3896502906232078	1.2292478054257538	2.1481185804885783
-0.6398183973216598	0.49054016124752275	1.4716857811404147	2.4530246531923185
-1.3089913065484593	0.0004909175083419926	1.000000241000133	2.000000120500088
-1.3089912058507571	0.0006180285263439421	1.0000003819595935	2.0000001909798515
-1.3089910462555203	0.0007780518170231668	1.000000605365469	2.000000302682872
-1.3089907933137794	0.0009795092041332682	1.000000959440389	2.0000004797205397
-1.3089903924272914	0.0012331290281500527	1.0000015206124948	2.0000007603071146
-1.3089897570629034	0.0015524174695200426	1.0000024100132996	2.000001205008828
-1.3089887500728783	0.001954377802013958	1.0000038196260008	2.0000019098184714
-1.3089871540878508	0.0024604158790461285	1.000006053730215	2.0000030268788507
-1.308984624588406	0.0030974800734024427	1.000009594593597	2.0000047973313206
-1.3089806155174537	0.003899496376312648	1.0000152066014807	2.000007603387459
-1.308974261355924	0.0049091750801027005	1.000024101330017	2.000012050882851
-1.3089641901553328	0.0061802852568206895	1.0000381992668954	2.0000191001807
-1.3089482270384716	0.007780518157025562	1.000060544855523	2.0000302738026234
-1.3089229238376223	0.00979509201498304	1.0000959649108387	2.000047985909818
-1.3088828125101584	0.012331290228926116	1.000152113684101	2.0000760655226975
-1.3088192190874264	0.01552417459030079	1.0002411330662162	2.00012058835221
-1.308718376877372	0.019543777810837597	1.0003822936119926	2.000191201670102
-1.3085584183727148	0.024604158372849946	1.0006062049056428	2.000303240492533
-1.3083045630242087	0.03097479990078353	1.000961550631536	2.00048112296325
-1.307901377183792	0.03899496210060258	1.0015259198596382	2.0007638368088956
-1.307260219185103	0.04909174748388823	1.002423371449756	2.0012139028886264
-1.3062386044483156	0.0618028459497477	1.0038532867664787	2.0019322711784446
-1.30460559425785	0.07780516836501838	1.006138709856197	2.0030837284063123
-1.3019819156333292	0.0979508938029458	1.0098097756350721	2.004941962735554
-1.2977314406800464	0.12331284972356456	1.0157541044500296	2.007974218289937
-1.290750606337918	0.15524164103092847	1.0255052772916466	2.0130139736037904
-1.279017189090377	0.19543756889355177	1.0418456426870957	2.021656458747401
-1.2584729437866353	0.24604116639273882	1.0702191257392233	2.0373247548928988
-1.2195686232747551	0.3097471666381198	1.1225758153009795	2.068906882663158
-1.1313475862889522	0.3899479612358453	1.2297644347085144	2.1485640152113388
-0.630888465095007	0.4909141664020152	1.472800416825994	2.4548582546592868
-1.3084649406935815	0.000491512861667116	1.0000002415850269	2.000000120792535
-1.3084648397540979	0.0006187780317702136	1.0000003828865882	2.000000191443349
-1.3084646797756627	0.0007789953884431496	1.0000006068346585	2.000000303417467
-1.3084644262265919	0.0009806970901569069	1.0000009617689007	2.0000004808847973
-1.3084640243775467	0.0012346244880219557	1.000001524302947	2.000000762152345
-1.3084633874875977	0.0015543001418960993	1.0000024158622955	2.0000012079333365
-1.3084623780796962	0.001956747945992535	1.0000038288960944	2.000001914453545
-1.3084607782625282	0.0024633997132954815	1.0000060684224723	2.000003034225046
-1.3084582426893874	0.003101236497694873	1.000009617879631	2.0000048089745053
-1.3084542239918684	0.0039042254333767614	1.0000152435082998	2.00000762184129
-1.3084478545722344	0.004915128608348761	1.0000241598257504	2.0000120801317762
-1.3084377591866059	0.006187780301096769	1.0000382919823316	2.000019146541078
-1.3084217577325816	0.007789953851299446	1.0000606918145263	2.000030347288808
-1.3083963937551872	0.009806970835461967	1.000096197862695	2.0000481024025394
-1.3083561860625865	0.012346244748318698	1.0001524829822186	2.000076250213966
-1.3082924398088347	0.01554300115578457	1.0002417186012922	2.0001208812258775
-1.308191355119982	0.019567478934820658	1.0003832222183315	2.000191666240272
-1.3080310116631495	0.024633996085237274	1.0006076781458746	2.0003039777849803
-1.3077765445710006	0.031012362886490313	1.000963889330968	2.0004822940084037
-1.3073723850543097	0.039042250162795576	1.0015296359499295	2.0007656991392864
-1.30672967343515	0.04915127776143331	1.0024292850390804	2.001216870553797
-1.3057055698154512	0.06187778640669474	1.0038627198841596	2.0019370154727807
-1.3040685470048659	0.07789950538440553	1.006153814721145	2.003091352259103
-1.3014383326720327	0.09806964225847728	1.0098341106687148	2.004954316888107
-1.2971770345888032	0.12346231561695367	1.0157936975848232	2.0079945142204765
-1.2901777825479417	0.1554297484909341	1.025570733534419	2.0130480898146073
-1.278411555027022	0.19567426458974135	1.041956745036252	2.0217161178433964
-1.2578039643453354	0.24633891422942825	1.0704162452598163	2.0374368230113036
-1.218757049504752	0.31012154186638685	1.1229531847196665	2.0691490296544726
-1.1300775753122847	0.39041834158941874	1.2305829777052537	2.149271176530388
-0.6160324215432516	0.4915044900966724	1.474560896437541	2.4577580251062012
-1.3076333118278656	0.0004924549587634916	1.0000002425120211	2.0000001212560328
-1.3076332105075732	0.0006199640617358896	1.000000384355776	2.0000001921779433
-1.307633049925596	0.0007804885116874749	1.0000006091631666	2.0000003045817225
-1.3076327954199727	0.0009825768209149896	1.0000009654593434	2.0000004827300213
-1.3076323920548876	0.001236990928766536	1.0000015301519192	2.0000007650768374
-1.307631752762161	0.0015572793141371047	1.0000024251323294	2.00000121256837
-1.3076307395460733	0.001960498501337845	1.0000038435882022	2.000001921799641
-1.3076291336932342	0.0024681213821394245	1.0000060917081304	2.0000030458679814
-1.3076265885539429	0.003107180725414161	1.0000096547855053	2.000004827427709
-1.307622554694452	0.003911708770362772	1.0000153020016604	2.000007651088641
-1.3076161612430912	0.004924549566769986	1.000024252535226	2.0000121264881976
-1.307606027765671	0.006199640575727907	1.0000384389263604	2.0000192200173212
-1.307589965929997	0.007804885033810061	1.0000609247287613	2.0000304637565507
-1.3075645062284367	0.009825768043414212	1.0000965670662838	2.000048287031033
-1.3075241467586705	0.012369908956979717	1.0001530682797337	2.000076542929831
-1.3074601597919644	0.01557279248156805	1.0002426466104464	2.000121345399186
-1.307358693190478	0.019604983696903517	1.0003846939566763	2.0001924025339397
-1.3071977434153335	0.024681211194697617	1.0006100130654474	2.0003051463136874
-1.3069423127844886	0.031071802013244092	1.0009675958975706	2.0004841499872477
-1.3065366196276789	0.03911707724682448	1.001535525500363	2.000768650727582
-1.305891460814728	0.04924547480414681	1.0024386573064907	2.0012215739706556
-1.304863436609076	0.061996364130638325	1.0038776700165246	2.0019445346368503
-1.3032200924285378	0.0780487672871568	1.0061777534362697	2.003103435174632
-1.3005795805418594	0.0982575147419248	1.0098726768846986	2.0049738967615163
-1.2963012260691367	0.12369875902158316	1.015856442933366	2.0080266809892824
-1.2892729392611828	0.15572726544722149	1.0256744608650312	2.013102161157819
-1.277454958882192	0.19604852186785393	1.042132796212689	2.0218106784895857
-1.2567473579414583	0.24680948959263224	1.0707285758870968	2.0376144879933604
-1.217474928339796	0.3107127929568156	1.1235510809711151	2.0695331471440563
-1.128067404962891	0.3911603590094944	1.2318796204104807	2.150394953451674
-0.5904493041823268	0.4924340213158538	1.4773356509078068	2.462337162307196
-1.306321758426041	0.0004939444013787323	1.000000243981208	2.0000001219906265
-1.3063216565081346	0.0006218391588702803	1.000000386684282	2.000000193342197
-1.3063214949790019	0.0007828491190729622	1.0000006128536032	2.0000003064269425
-1.3063212389722343	0.0009855486494469098	1.0000009713083007	2.000000485654504
-1.3063208332279856	0.0012407322390394283	1.0000015394219155	2.0000007697118463
-1.3063201901645134	0.0015619893443430597	1.0000024398243428	2.0000012199144037
-1.3063191709721318	0.0019664280773162017	1.0000038668736226	2.0000019334424186
-1.3063175556473439	0.0024755862745467635	1.0000061286134088	2.0000030643207896
-1.3063149954956188	0.003116578465223093	1.0000097132773689	2.000004856674066
-1.3063109378420033	0.003923539817957642	1.0000153947073753	2.0000076974425656
-1.3063045066769332	0.004939443961535053	1.0000243994698077	2.0000121999581695
-1.3062943134208722	0.0062183914844458794	1.0000386718168628	2.000019336469308
-1.306278156826258	0.007828490982709919	1.0000612938727247	2.0000306483454553
-1.306252546901246	0.009855486079415865	1.0000971522139805	2.000048579647407
-1.3062119492411908	0.012407321562256239	1.0001539959123793	2.0000770068530382
-1.3061475845114996	0.015619891791084384	1.0002441174023173	2.0001220810638687
-1.3060455185501605	0.019664277476318194	1.0003870264959178	2.000193569479676
-1.3058836172282247	0.02475585616746359	1.0006137136413742	2.0003069983041843
-1.3056266744020824	0.031165771527590366	1.000973470353965	2.000487091508828
-1.3052185742410012	0.039235371993117676	1.001544859668657	2.000773328663542
-1.304569574421619	0.0493943873685262	1.0024535109974952	2.00122902834516
-1.3035353961157692	0.062183810604758166	1.0039013634962213	2.001956451619039
-1.3018821280126465	0.07828470186184923	1.0062156915259215	2.0031225851120724
-1.2992254465252753	0.09855444591310418	1.0099337946576463	2.005004928420501
-1.2949203003363652	0.12407238802890047	1.015955873685888	2.008077661596361
-1.2878463815765324	0.15619726728564642	1.0258388228644342	2.0131878604484634
-1.275946992704702	0.1966394833593	1.0424117325744648	2.0219605654581394
-1.255081839738238	0.24755200086126436	1.0712233781930118	2.0378961909806157
-1.2154531776498418	0.3116446449371935	1.1244981920967863	2.070142787390793
-1.1248879667643543	0.39232770489037516	1.2339329642710861	2.152183561062007
-0.5433040178454255	0.4938921674328495	1.4816942413996577	2.469549227549056
-1.3042591780947692	0.0004962958526059131	1.0000002463097122	2.0000001231548787
-1.3042590752443128	0.000624799460516477	1.0000003903747148	2.0000001951874147
-1.304258912237185	0.0007865759179256206	1.0000006187025512	2.000000309351419
-1.3042586538879466	0.000990240410995089	1.0000009805782732	2.0000004902894974
-1.3042582444311153	0.001246638816415454	1.0000015541138692	2.0000007770578403
-1.3042575954835558	0.001569425283774548	1.0000024631096136	2.000001231557082
-1.3042565669654227	0.0019757893685836063	1.000003903778525	2.000001951894977
-1.304254936860059	0.0024873714383323213	1.0000061871043278	2.0000030935665194
-1.3042523532820591	0.0031314151000559442	1.0000098059807112	2.0000049030264155
-1.3042482584986865	0.0039422180199311305	1.0000155416359968	2.0000077709085806
-1.3042417684828669	0.004962958395429313	1.0000246323453377	2.0000123164002166
-1.3042314819444771	0.006247994344524272	1.0000390409232123	2.000019521033241
-1.3042151774817683	0.007865758659210853	1.0000618789259215	2.000030940899084
-1.3041893331373802	0.009902403072326513	1.0000980796091805	2.0000490434129308
-1.3041483637862095	0.012466386093829754	1.0001554661075243	2.0000777421213347
-1.30408340955997	0.01569424870692979	1.0002464484414988	2.0001232470127226
-1.3039804082889306	0.019757885443855386	1.0003907232992724	2.0001954189613036
-1.3038170220323906	0.02487369793866339	1.0006195786031813	2.0003099335045422
-1.3035577192717733	0.0313141181899515	1.0009827805997942	2.000491753489642
-1.3031458625318073	0.03942211473607784	1.0015596529765263	2.000780742651611
-1.3024908675896063	0.0496294533459896	1.0024770516274837	2.0012408426349486
-1.301447082524378	0.062479682872773105	1.0039389129118852	2.001975338537463
-1.2997783194853374	0.07865706676184939	1.006275813776198	2.0031529352321935
-1.2970963825508355	0.09902299377898711	1.0100306458293777	2.0050541094076433
-1.292749367235531	0.12466179276357416	1.016113425818278	2.0081584596910167
-1.28560407411905	0.15693836304978365	1.026099231737924	2.0133236896421782
-1.2735771714343544	0.19757063393442922	1.042853600655629	2.022198166540318
-1.25246465415811	0.24872060256725806	1.0720070616013353	2.0383429687014605
-1.2122742738887822	0.31310858544942877	1.1259980165660066	2.07111115012366
-1.1198642846412288	0.3941563594904496	1.2371828860280267	2.1550372571087593
-0.4411699869742221	0.4961660515258597	1.4885025669778538	2.480852289376268
-1.3010298173531858	0.0004999999996710132	1.0000002500001428	2.0000001250000947
-1.3010297130603203	0.0006294627052406689	1.0000003962236568	2.0000001981118873
-1.3010295477671239	0.0007924465949208371	1.0000006279725089	2.000000313986402
-1.3010292857947012	0.0009976311548712056	1.0000009952701894	2.000000497635466
-1.3010288705954847	0.0012559432105407014	1.0000015773990456	2.000000788700456
-1.3010282125467938	0.0015811388196807163	1.000002500014279	2.000001250009483
-1.301027169604179	0.0019905358320098303	1.0000039622688481	2.0000019811403114
-1.3010255166371494	0.0025059361267194035	1.000006279806173	2.000003139917875
-1.3010228968248367	0.003154786639763301	1.0000099529055722	2.000004976489935
-1.3010187446114048	0.003971641008737688	1.0000157745020803	2.000007887344357
-1.3010121635686824	0.004999999671014044	1.0000250014279572	2.000012500948397
-1.301001732746315	0.006294626402558552	1.0000396259167952	2.0000198135472926
-1.3009851995685664	0.007924464652594032	1.0000628061713488	2.0000314045651644
-1.3009589926338923	0.009976308961636295	1.000099549427999	2.0000497784313147
-1.300917448361078	0.012559426943543799	1.000157796200958	2.000078907441955
-1.3008515823049966	0.015811377897635776	1.0002501428674173	2.000125094914379
-1.3007471342703698	0.019905337770865266	1.0003965822819518	2.0001983501852965
-1.3005814509943967	0.02505932026708142	1.0006288738010882	2.0003145854665934
-1.3003184974896824	0.03154778459480814	1.0009975359930494	2.0004991421893075
-1.2999008289295968	0.03971624687925867	1.0015830979054323	2.0007924929283627
-1.2992365576126657	0.049999671098674446	1.0025143587915535	2.001259566777144
-1.2981779045294124	0.06294561444502474	1.003998419150341	2.002005271719167
-1.2964851521625524	0.07924335075760218	1.0063710871270988	2.0032010357107772
-1.2937640929045666	0.09976050521517822	1.0101841094841966	2.005132053809893
-1.2893521623424171	0.12558911602631162	1.0163630411617486	2.008286514208607
-1.2820960522950386	0.1581035065208405	1.02651173229961	2.013538976816702
-1.2698707201509558	0.19903291286683383	1.0435533697049204	2.0225748547096973
-1.2483718158995267	0.25055246896714606	1.0732477885574465	2.03905183754748
-1.2072979948364067	0.3153968832825673	1.1283718971904981	2.0726512980311824
-1.1119375926326682	0.3970019059929168	1.242322001975821	2.15960763049589
0.09921899915186433	0.49967940735009214	1.4990382246502543	2.4983970497502237
-1.2960080137804981	0.0005058151155296112	1.000000255849081	2.000000127924565
-1.2960079072868045	0.0006367835020083334	1.000000405493605	2.000000202746864
-1.2960077385055242	0.0008016629312894291	1.0000006426644013	2.0000003213323554
-1.2960074710048446	0.0010092338334990634	1.0000010185553063	2.0000005092780424
-1.2960070470438914	0.0012705501146565578	1.0000016143035613	2.000000807152758
-1.2960063751086834	0.001599527816766059	1.0000025585042258	2.0000012792545676
-1.296005310157169	0.002013686196377461	1.0000040549697489	2.0000020274910404
-1.2960036223077487	0.0025350806860469123	1.0000064267286615	2.0000032133798196
-1.2960009472089769	0.0031914774208892994	1.0000101857656958	2.000005092921755
-1.2959967073684031	0.00401783187523634	1.0000161435697288	2.000008071882599
-1.2959899874359488	0.005058150346591183	1.000025586383931	2.0000127934374814
-1.2959793364628913	0.00636783340650876	1.0000405530677408	2.000020277150647
-1.2959624543062487	0.008016626093402085	1.000064275752794	2.0000321394259393
-1.2959356941175866	0.010092331911298144	1.0001018789249956	2.000050943355847
-1.2958932725949113	0.012705488329737332	1.0001614891279673	2.0000807543479167
-1.295826015182486	0.015995252595116093	1.0002559980821122	2.00012802363424
-1.2957193594590037	0.020136810941073193	1.0004058680035708	2.0002029958450467
-1.2955501708451755	0.02535070506069446	1.0006436053449563	2.000321958286839
-1.2952816456614262	0.03191457110396679	1.0010209208311853	2.0005108523836204
-1.2948551059615312	0.04017791354373803	1.0016202533928513	2.0008111156045456
-1.2941766719903525	0.05058069509165555	1.002573481084281	2.001289241926329
-1.2930953110357428	0.06367672153602169	1.0040927161757012	2.002052711190541
-1.2913658988758574	0.0801630447471068	1.0065220500456056	2.0032772667628627
-1.2885849998107282	0.1009169058682917	1.010427244737332	2.005255581795749
-1.2840736350304722	0.12704209948560408	1.0167584336139976	2.008489462267362
-1.276647393046552	0.15992705770190968	1.0271649486115764	2.0138802148580908
-1.2641163058180505	0.20131741595890174	1.0446610550720676	2.023172154849575
-1.2420184264172436	0.2534062892032238	1.0752108428994738	2.040177257881937
-1.1995601174289936	0.31894587568990695	1.132126047658847	2.075105824062172
-1.0994503768906332	0.4013841960079967	1.2504353214518014	2.1669704784046093
-1.288279496953008	0.0005148969433190779	1.0000002651190232	2.000000132559538
-1.2882793871701497	0.0006482168449152866	1.0000004201854824	2.000000210092807
-1.288279213175885	0.0008160566554554408	1.0000006659494804	2.0000003329749063
-1.2882789374131565	0.0010273544551077402	1.0000010554597274	2.0000005277302813
-1.2882785003576753	0.0012933626186653372	1.000001672793271	2.000000836397685
-1.2882778076688803	0.0016282470437788152	1.0000026512045308	2.0000013256049014
-1.2882767098247498	0.002049841533156102	1.0000042018907402	2.000002100951991
-1.2882749698430467	0.002580597502592234	1.0000066595850245	2.000003329809144
-1.2882722121176642	0.0032487795867716953	1.0000105548238982	2.000005277453727
-1.288267841316432	0.004089970806282742	1.000016728501974	2.000008364355933
-1.2882609138094805	0.005148967437650216	1.0000265134752697	2.000013257001266
-1.2882499338132187	0.006482164467541069	1.0000420224994422	2.0000210119120077
-1.2882325300899566	0.008160558610242159	1.0000666048735791	2.0000333041006773
-1.2882049430226832	0.010273528700241438	1.000105570906715	2.0000527896340445
-1.2881612103543567	0.012933594560554871	1.0001673419670496	2.0000836814896776
-1.2880918733289246	0.01628240733693447	1.0002652778318721	2.00013266532509
-1.2879819176490712	0.020498289433576823	1.000420584528511	2.000210358676346
-1.287807488909646	0.025805723841505743	1.0006669523842657	2.0003336433120777
-1.2875306333688548	0.032487294736619966	1.00105798108076	2.0005294115258354
-1.2870908270266195	0.04089870832566102	1.0016791352926504	2.0008406299103307
-1.2863912050044688	0.051487680115435114	1.0026671695896465	2.0013362723191888
-1.2852758515217937	0.06481766710866971	1.004242131691333	2.002127894103615
-1.2834915094161643	0.08159765457639513	1.006761221754136	2.0033980771135016
-1.2806208136818207	0.10271947657318652	1.0108123662304855	2.0054513464102386
-1.2759598828632672	0.12930444714979691	1.0173845317300223	2.008811101239113
-1.2682767760263798	0.16276137548356726	1.0281988329016238	2.0144211170036757
-1.2552813130611045	0.2048582672741929	1.0464131447799423	2.024119533945959
-1.2322648744837983	0.2578100561324016	1.0783135007285805	2.041965778936051
-1.1876463683225185	0.32438438782188456	1.1380545765060956	2.0790300281473817
-1.079800134636196	0.4080266806846534	1.2632053812316533	2.178937773538928
-1.2765676319403527	0.000528971371476057	1.0000002798108911	2.0000001399054748
-1.2765675173909352	0.000665935498033772	1.0000004434705378	2.0000002217353425
-1.2765673358421672	0.0008383631138496174	1.0000007028538418	2.000000351427106
-1.276567048106319	0.0010554366138886737	1.0000011139492875	2.000000556975109
-1.2765665920746225	0.001328715944935905	1.0000017654931996	2.0000008827477687
-1.2765658693103046	0.0016727542106194457	1.0000027981245776	2.000001399065225
-1.2765647237990565	0.0021058726686741893	1.000004434744731	2.0000022173797407
-1.2765629082684924	0.0026511363876201323	1.0000070286372673	2.0000035143371595
-1.2765600308022877	0.003337582511639883	1.000011139741173	2.000005569917123
-1.276555470214727	0.004201766526296629	1.0000176555557065	2.0000088278947534
-1.2765482418918108	0.005289708835577363	1.000027982812501	2.0000139916999125
-1.2765367850718075	0.006659345245144915	1.0000443513828998	2.0000221764291832
-1.2765186254766496	0.008383611714414915	1.0000702962590435	2.000035149982972
-1.2764898400381737	0.010554327383325162	1.000111422247613	2.0000557157808476
-1.276444207086829	0.01328708212366823	1.0001766179517138	2.0000883206793336
-1.2763718558202957	0.016727387826914863	1.0002799848920392	2.0001400218658096
-1.276257116613748	0.021058418877314248	1.0004439077643652	2.0002220278689875
-1.2760750906971632	0.02651074977321315	1.0007039527264998	2.0003521625592566
-1.2757861546289913	0.033374600001849046	1.001116712037772	2.0005588251180213
-1.2753271014165501	0.042015221413457246	1.001772442796832	2.000887405306713
-1.274596720569927	0.05289221405371164	1.0028156206487326	2.0014108065737886
-1.2734319697113914	0.06658373268788984	1.0044788508551719	2.002247041977318
-1.2715676762138042	0.08381674182291061	1.0071400611014045	2.003589529148383
-1.2685659499411865	0.10550467230636705	1.0114221842766074	2.0057615768598356
-1.2636859086882957	0.13279398185470379	1.0183754279187498	2.0093208333225054
-1.2556241661185321	0.16712113286929905	1.0298339097241167	2.015278575873167
-1.2419375109488253	0.21028121006364042	1.0491812082644578	2.0256228212053267
-1.2175324351689534	0.264508571668234	1.083208880584689	2.0448124920086395
-1.1695576134344023	0.3325683845589189	1.1473937708247601	2.0853348662316478
-1.0488208572739017	0.41785611287748864	1.283185594721663	2.1986401797360458
-1.2592098806250274	0.0005505412984970525	1.0000003030959317	2.0000001515480004
-1.259209759467671	0.0006930904221614919	1.0000004803748617	2.0000002401875174
-1.259209567446001	0.0008725491276545375	1.0000007613433075	2.000000380671871
-1.2592092631116598	0.0010984742349745141	1.000001206648979	2.0000006033250353
-1.2592087807729684	0.0013828970590385777	1.0000019124126507	2.000000956207697
-1.2592080163144808	0.0017409641107048338	1.0000030309770713	2.000001515491981
-1.2592068047214409	0.0021917436830175196	1.0000048037932134	2.0000024019052605
-1.2592048844558186	0.00275924126606273	1.0000076135450966	2.000003806794286
-1.2592018409895132	0.003473677844485025	1.0000120667711785	2.0000060334401937
-1.2591970172938973	0.004373099110780574	1.0000191248333357	2.000009562553835
-1.2591893719335632	0.005505401209264178	1.000030311546233	2.000015156117692
-1.2591772540551842	0.006930880726207299	1.000048042392225	2.0000240220617553
-1.2591580465053542	0.00872544439772542	1.0000761466549402	2.0000380755022995
-1.2591275995481177	0.010984648816357157	1.000120695857813	2.000060353393555
-1.2590793317024287	0.013828783973555523	1.0001913190445972	2.0000956732557413
-1.2590028004764424	0.017409268779065876	1.0003032931272025	2.0001516810878095
-1.2588814265872605	0.021916694006311466	1.0004808703805186	2.0002405220202135
-1.2586888605035293	0.02759093074757227	1.0007625887361817	2.000381512910158
-1.258383156629543	0.03473382232058208	1.0012097803113351	2.0006054408462726
-1.2578973697274336	0.043725095017119346	1.0019202899997013	2.0009615352261014
-1.2571242172834856	0.05504225464809465	1.00305081120955	2.0015289256078943
-1.2558906556075615	0.06928536956740676	1.004853802996646	2.0024358559291486
-1.2539146800681322	0.08720774748159096	1.007739921784487	2.0038929110228336
-1.2507291256259165	0.10975353043336093	1.012387274355856	2.006253168623462
-1.245539609834231	0.13810303877555544	1.019942353669764	2.0101286210354714
-1.23693750214069	0.17372607946638904	1.0324164207324427	2.0166380060715023
-1.2222485876626958	0.21844209014932559	1.0535458255009922	2.028009787132794
-1.195779203558374	0.27448366769540133	1.0909104988572602	2.0493542589737563
-1.1425957600143606	0.344557236648249	1.162040517257685	2.0955408591834837
-0.9994004853988774	0.4318947843900462	1.3140628075257383	2.2316182962042186
-1.2342603195988797	0.0005830951612741506	1.0000003400002317	2.0000001700001593
-1.234260189822624	0.0007340732952499104	1.0000005388642677	2.0000002694322427
-1.2342599841408797	0.0009241434840633507	1.0000008540428493	2.000000427021698
-1.2342596581566803	0.0011634276335352697	1.0000013535680539	2.000000676784714
-1.2342591415050284	0.0014646684476408778	1.0000021452641998	2.0000010726338258
-1.23425832266354	0.0018439079993699586	1.0000034000231812	2.000001700015926
-1.2342570248776867	0.002321341980542103	1.000005388695083	2.000002694358431
-1.2342549680017292	0.0029223950981352945	1.000008540560132	2.0000042703074197
-1.234251708012755	0.003679074837302055	1.000013536011203	2.000006768074313
-1.2342465411270218	0.004631675586922305	1.0000214534726046	2.000010726908907
-1.2342383517846713	0.0058309236851330085	1.0000340023182595	2.00001700159273
-1.2342253715962963	0.007340677230381042	1.000053892191981	2.0000269471852925
-1.2342047969837722	0.009241323662879001	1.0000854187674122	2.0000427121204956
-1.2341721823895289	0.011634054514435579	1.0001353931874186	2.000067703470549
-1.2341204765859575	0.014646241910367465	1.0002146178222302	2.000107326194261
-1.2340384903170618	0.018438197037010464	1.0003402319687718	2.0001701594347625
-1.2339084550543011	0.023211658323904732	1.000539446598027	2.0002698325892356
-1.2337021220617763	0.029220437149907123	1.0008555065268965	2.0004280283778093
-1.233374499397934	0.036783739842925746	1.0013572483532547	2.000679317588606
-1.2328537217018085	0.04630277986793191	1.0021545234884346	2.001079012947417
-1.2320244743542035	0.05828137587759457	1.0034233405766289	2.001716106987823
-1.2307003823872258	0.07335126070557081	1.0054475024404022	2.0027350486067075
-1.2285767492504964	0.09230272360513385	1.0086892286091838	2.0043736144220623
-1.2251462962978705	0.11612082132331757	1.0139132915750335	2.0070320578912404
-1.2195396770178302	0.14602645977454481	1.0224168122638095	2.011408651431553
-1.210196426943774	0.1835197813036494	1.0364867707745642	2.018793608365071
-1.1940966326002023	0.23042015123325527	1.060405588402631	2.0318036138153275
-1.1646052746884472	0.2888931337883749	1.1029669281644092	2.056626341640946
-1.1032732041251796	0.36145409534395556	1.1848206610910261	2.1122450037251785
-0.9171166673626577	0.4509533827932053	1.3605165126104324	2.2875891203394616
-1.1997914176339206	0.0006312600388179147	1.0000003984896002	2.0000001992448597
-1.199791277467662	0.0007947092561214552	1.000000631563715	2.000000315782007
-1.1997910553188091	0.0010004795813545538	1.0000010009616869	2.000000500481219
-1.1997907032358435	0.001259528977074632	1.000001586419007	2.000000793210447
-1.1997901452200348	0.0015856526532923253	1.0000025143088127	2.000001257156777
-1.1997892608197733	0.0019962176556479164	1.0000039849212905	2.0000019924666
-1.1997878591277495	0.002513087610070305	1.0000063157006729	2.0000031578652946
-1.1997856375652842	0.0031637868134259924	1.0000100097764302	2.0000050049257894
-1.1997821165498959	0.003982965549468306	1.0000158645908728	2.0000079323898228
-1.1997765359252621	0.005014244438534053	1.000025144094917	2.0000125722845596
-1.1997676907506774	0.006312535590518912	1.0000398517419218	2.0000199264665874
-1.1997536708863628	0.007946963275674812	1.000063163359633	2.0000315831761837
-1.1997314478656425	0.010004537863802081	1.0001001137232757	2.0000500606212217
-1.1996962191301794	0.012594775121239648	1.000158686000644	2.00007935244747
-1.1996403661950705	0.0158554997603629	1.0002515416745674	2.00012579458139
-1.1995517971167333	0.019960128154774673	1.000398770505877	2.000199444950999
-1.1994113035260943	0.025126789883708582	1.0006322696236267	2.000316284988083
-1.1991883315604466	0.03162971784676475	1.0010027360659488	2.0005017461426684
-1.198834177463914	0.039813402342353144	1.0015908808978369	2.0007963937497353
-1.1982709449547682	0.05011004291494795	1.0025255359398981	2.001265176698474
-1.1973733837651304	0.06306079435901468	1.0040131999443234	2.0020127072674865
-1.195938402719074	0.07934109282842913	1.0063870433889706	2.003209092219798
-1.1936322880509402	0.09978978147656654	1.010190227058365	2.005135161331446
-1.1898950559373103	0.12544051490665228	1.0163228979830636	2.0082659168773134
-1.1837553094921731	0.15755153568678404	1.026315844302723	2.0134367219486586
-1.1734366694548053	0.19762593320536023	1.042879933475808	2.0222123325096573
-1.1554015758610259	0.24740938747934507	1.0711281533379866	2.037841954114843
-1.1215117063691367	0.3088504759010545	1.12167576177342	2.068330258166168
-1.0470711359359302	0.3840246238331964	1.2196808035042654	2.139993288533398
-0.7574104469311559	0.4750880739457881	1.4263926735121275	2.3808059039657796
-1.1543755824386388	0.0007008483684610027	1.0000004911889881	2.0000002455945847
-1.154375430873881	0.0008823157118264137	1.000000778482403	2.000000389241429
-1.154375190659522	0.0011107694532730785	1.0000012338122641	2.000000616906703
-1.1543748099443991	0.001398375457260646	1.0000019554626756	2.0000009777327716
-1.154374206549029	0.0017604495322141216	1.0000030992045497	2.000001549605877
-1.1543732502253745	0.0022162729240737017	1.000004911920921	2.000002455969508
-1.1543717345383486	0.0027901188553701214	1.0000077849020013	2.000003892473728
-1.1543693322956663	0.0035125446489105926	1.0000123383184965	2.0000061692163382
-1.1543655248955236	0.004422017991271518	1.0000195551187268	2.0000097777027723
-1.154359490316558	0.0055669634316288215	1.0000309932812987	2.0000154970008994
-1.1543499255093435	0.007008337084206023	1.0000491223135053	2.000024562061752
-1.1543347646934197	0.008822864621600307	1.000077856818055	2.0000389306826527
-1.154310732354252	0.011107110955508996	1.0001234027743642	2.0000617070997397
-1.15427263344904	0.013982590278931185	1.0001956003999963	2.0000978145551462
-1.1542122250835976	0.0176021725542694	1.0003100564551992	2.000155064309411
-1.1541164197472604	0.022158095668837887	1.0004915338114995	2.000245857632053
-1.1539644162356384	0.02789194639487026	1.0007793489678627	2.00038990274848
-1.1537230984767195	0.03510701554259485	1.0012359906001411	2.000618570152842
-1.1533396065465042	0.04418343562370241	1.0019609408822896	2.000981920313736
-1.1527292153734663	0.055596415459473705	1.0031129910227135	2.0015601610924247
-1.1517552356458358	0.06993758180908698	1.0049466542594436	2.0024826298043745
-1.150194862066053	0.08793870998271792	1.0078725620011044	2.0039600330775444
-1.1476790034310054	0.11049560227622231	1.012560174385998	2.0063413206803786
-1.1435805757512356	0.13868699370533372	1.0201191246899115	2.010219885221259
-1.1367912450124285	0.17377855374819473	1.0324374546606292	2.0166491043053374
-1.1252270737956807	0.21719569147162643	1.0528634087524906	2.0276352210069857
-1.1045626156440056	0.2704455189629597	1.08773173724408	2.0474701665464394
-1.064173573817167	0.3349842759498101	1.1502504942651037	2.087294376413027
-0.9672697395824287	0.41209784792341664	1.2713212044862037	2.1867930771299733
-1.0975529091226595	0.0007988157792289054	1.0000006381075814	2.0000003190539433
-1.0975527462762287	0.0010056492435004073	1.000001011332743	2.000000505666755
-1.097552488181453	0.0012660369085073409	1.0000016028553367	2.000000801428632
-1.0975520791273536	0.0015938450796890062	1.0000025403569155	2.000001270180878
-1.0975514308166638	0.002006530164421821	1.0000040262004197	2.000002013106289
-1.0975504033043395	0.002526068004861548	1.000006381112804	2.0000031905716718
-1.0975487747841295	0.003180123604024553	1.0000101134203419	2.0000050567485275
-1.097546193695956	0.004003523255517327	1.0000160287867528	2.0000080144897265
-1.097542102802244	0.005040106911053759	1.0000254041554015	2.000012702319732
-1.0975356188093202	0.006345058309691252	1.000040263476817	2.0000201323464073
-1.0975253414603583	0.007987834719873686	1.0000638148272207	2.000031908941007
-1.0975090506670095	0.010055847852907512	1.0001011434958536	2.000050575585262
-1.0974832257387188	0.012659083076267863	1.0001603112111093	2.0000801652472466
-1.0974422815103875	0.015935885193106403	1.0002541001985679	2.0001270743290402
-1.0973773529023052	0.02006018360695183	1.000402782108997	2.000201451960398
-1.0972743565366843	0.025250471431314866	1.0006385185045648	2.000319412414347
-1.09711088826633	0.03178087731539777	1.00101236545389	2.0005065681438943
-1.0968512294948933	0.039994643613211006	1.001605451457486	2.0008036966110025
-1.0964382388001135	0.05032018476236286	1.0025468863266247	2.0012758929347334
-1.0957800077260738	0.06328951711030195	1.0040426345080404	2.0020275149684412
-1.0947274474948043	0.079557985466689	1.0064225251842018	2.0032270081271153
-1.0930354882310813	0.09992244166686863	1.010217972355471	2.005149255389961
-1.090292920625009	0.1253317101349946	1.0162935400384456	2.008250854283669
-1.0857875967617963	0.15687760059541153	1.0260778234257741	2.013312520734049
-1.078225176942702	0.1957471447080713	1.0419909915321646	2.021734509858674
-1.0650729736107873	0.24311178932350827	1.068300361359046	2.036236321201893
-1.04076489285336	0.2999443738369755	1.11302105802998	2.06285021221748
-0.9903342678000664	0.3668299192902645	1.1926387880901008	2.11822760790881
-0.8497702411364059	0.4440087216397471	1.3429854402457564	2.2655281706812973
-1.0300012614570724	0.0009332502530202043	1.0000008709577717	2.0000004354791705
-1.0300010885266881	0.0011748919424062775	1.0000013803754395	2.0000006901884344
-1.030000814449646	0.0014791002914889715	1.000002187748632	2.000001093876111
-1.0300003800646635	0.0018620748866011252	1.000003467350413	2.000001733679715
-1.0299996916054759	0.002344209289278084	1.0000054953863433	2.000002747704497
-1.0299986004576667	0.002951176456087883	1.000008709616175	2.0000043548365345
-1.0299968710709488	0.003715294696757141	1.0000138038509956	2.0000069019969553
-1.029994130092347	0.004677246307090416	1.000021877728972	2.0000109390439853
-1.0299897857195848	0.00588823919173986	1.0000346741136503	2.000017337507729
-1.0299828998140996	0.007412724180727633	1.0000549553945088	2.000027478829964
-1.0299719850361746	0.009331807939609443	1.0000871000077565	2.000043552849474
-1.0299546828793718	0.0117475336387979	1.0001380481711732	2.0000690312348257
-1.0299272522675413	0.01478823824230793	1.000218801559529	2.0001094187435196
-1.0298837562150065	0.01861523367036288	1.00034680210718	2.000173446199116
-1.0298147656747758	0.023431091954471416	1.0005497071270768	2.0002749670540463
-1.0297052874153627	0.029489825308836554	1.0008713849752309	2.000435977921767
-1.029531434905933	0.037109205601523296	1.0013814490174129	2.0006914429174834
-1.0292550383129164	0.04668529242440536	1.0021904473010836	2.0010970339189136
-1.0288148137822128	0.05870879455951322	1.0034741370238411	2.001741638495719
-1.0281116338125225	0.07378191294802793	1.0055124651143175	2.0027678030640703
-1.0269832978273312	0.09263234147295475	1.008752643559881	2.00440575182103
-1.0251596431580283	0.1161174138174201	1.0139124490614877	2.0070316273307376
-1.0221783729555232	0.14520515456040994	1.0221526430594339	2.0112717389295667
-1.0172158311890942	0.18091031061584611	1.035373522675465	2.018202450270953
-1.008714555382517	0.2241569057058082	1.056749621227089	2.0297751309419456
-0.993458741650098	0.2755525190909866	1.09176610039935	2.0498637073797576
-0.963833978362958	0.33513631845763703	1.1504318428848537	2.087419267901624
-0.89665774182194	0.40234723599840083	1.2522511218324763	2.1686435395427957
-0.6426727739191899	0.47664087876119166	1.4308589162350596	2.387680681109095
-0.9532888476971446	0.0011135513953745135	1.000001240000231	2.000000620000692
-0.9532886665421453	0.0014018770612686143	1.000001965268139	2.000000982635518
-0.9532883794295147	0.0017648564863876313	1.0000031147406327	2.0000015573739547
-0.9532879243833821	0.0022218183486760554	1.0000049365325765	2.0000024682754267
-0.9532872031756278	0.002797094939704387	1.000007823880269	2.00000391196309
-0.9532860601176786	0.0035213166602628986	1.000012400023103	2.0000062000692136
-0.9532842484409465	0.004433040631832128	1.0000196527336183	2.0000098265116533
-0.9532813769962818	0.005580798878429535	1.0000311475375185	2.0000155741326044
-0.9532768257352521	0.007025672608747395	1.0000493656552947	2.000024683741636
-0.9532696116488566	0.008844524616353466	1.0000782396304082	2.0000391221112452
-0.9532581760230021	0.011134051822028732	1.0001240023100662	2.0000620069232427
-0.9532400465783908	0.014015853615605983	1.0001965325581004	2.0000982807713843
-0.9532113002822388	0.01764274576208597	1.0003114884905218	2.0001557806612844
-0.9531657076473383	0.022206576243007117	1.0004936894911345	2.000246936269947
-0.9530933656819848	0.027947800618670224	1.0007824790171633	2.000391469612346
-0.9529785039261279	0.035167012585453704	1.0012402307724257	2.000620694196738
-0.9527959383187878	0.04423842392514236	1.001965846861027	2.000984380586743
-0.952505276718932	0.055624797463586624	1.0031161928792725	2.0015617695975596
-0.952041293262779	0.06989227611722408	1.004940174996778	2.0024793656537128
-0.9512975449252673	0.08772142448407091	1.0078330095368386	2.0039400162390506
-0.9500975011986631	0.1099068247641578	1.0124228850349675	2.006271322492608
-0.9481411979919181	0.13733081641494813	1.0197099444525193	2.0100086733246467
-0.9449003815507422	0.1708873776188895	1.031290753668237	2.0160446798130938
-0.9393958373696188	0.2113241921819691	1.049725537316413	2.0259193917657727
-0.929676718297247	0.25898294740178013	1.0791551531771484	2.0424530332369706
-0.9114352908636091	0.31349468150236925	1.12639601878908	2.071368730510159
-0.8734779361961492	0.3736782848633161	1.2030266208650864	2.126386506504877
-0.7749960637964708	0.4380936894428308	1.328597854403478	2.2482803059376946
-0.8693809540900659	0.0013508830181479293	1.0000018248925544	2.000000912447526
-0.8693807667134379	0.001700658707728528	1.0000028922591953	2.0000014461327345
-0.8693804697394629	0.0021409979702810326	1.0000045839204237	2.0000022919680918
-0.8693799990623252	0.0026953477854065187	1.0000072650205427	2.0000036325300643
-0.8693792530765061	0.003393223931395853	1.0000115142722277	2.0000057571858325
-0.8693780707364391	0.004271780141997938	1.0000182488681235	2.000009124558951
-0.869376196772778	0.005377781359237658	1.0000289224477108	2.0000144615375715
-0.8693732265372165	0.00677008352589852	1.0000458388419002	2.0000229202090005
-0.8693685185203734	0.008522746711890582	1.000072649295198	2.00003632662722
-0.8693610555335537	0.010728936864533505	1.0001151404355646	2.000057575190874
-0.8693492242734652	0.013505803047395163	1.0001824829360033	2.0000912539618674
-0.8693304648922948	0.017000548234937584	1.0002892100406768	2.0001446364115645
-0.8693007129302515	0.021397934055882098	1.0004583521362087	2.0002292549513534
-0.8692535081149325	0.026929454463069543	1.0007264017338353	2.0003633991402303
-0.8691785649839274	0.033884340584711195	1.001151174909248	2.0005760860020683
-0.869059464849114	0.04262233903940444	1.0018242517634952	2.0009133801938828
-0.8688698902376314	0.053587682497878195	1.0028906446101151	2.001448481011604
-0.8685673846866655	0.06732255042019876	1.0045798452109322	2.0022978887385956
-0.8680827709645623	0.08447607883945896	1.0072547081441074	2.0036474901865975
-0.8673016103970765	0.10580079279708526	1.0114880783791882	2.0057951171897614
-0.8660302422428158	0.13212119237764053	1.0181819900048708	2.009221259337164
-0.8639299301092368	0.1642489331951493	1.028750590658064	2.0147101882862275
-0.8603800094163256	0.20280993452910745	1.045394328730253	2.0235682576189498
-0.8541693276732821	0.24795919597924276	1.0714957626985715	2.038051392727558
-0.8427276145581257	0.29903493374152246	1.1121656792485712	2.062314846188888
-0.8199184815685909	0.3543981150617521	1.1749871010232364	2.104904902632306
-0.7678249616172487	0.41192019007626735	1.2709623791048552	2.186441564273006
-0.5974751289949403	0.47036351618529004	1.4129520304865242	2.3605111179354457
-0.7801844185984271	0.001658874821673474	1.0000027518830148	2.0000013759443473
-0.7801842267779109	0.0020883950611356736	1.0000043614374892	2.000002180725878
-0.7801839227596846	0.0026291244205114625	1.0000069124046298	2.000003456220233
-0.7801834409152382	0.003309853203870749	1.000010955403056	2.0000054777465373
-0.7801826772230874	0.004166821715446965	1.0000173630935227	2.000008681659821
-0.7801814668019368	0.0052456447350023	1.0000275185226204	2.000013759545308
-0.7801795482864402	0.006603729792619183	1.000043613602393	2.000021807514588
-0.7801765073246273	0.00831331262839194	1.0000691221057665	2.0000345628449283
-0.7801716869219464	0.01046526072627459	1.00010954915576	2.000054779079637
-0.780164045081298	0.013173826028248329	1.0001736186886598	2.0000868206535984
-0.780151928512179	0.016582557211400558	1.0002751544577577	2.000137605641914
-0.7801327123111671	0.02087160137897224	1.0004360587114187	2.0002181007476563
-0.7801022246884907	0.026266615143598685	1.0006910267554634	2.0003456927922016
-0.7800538246418709	0.03304942503460989	1.001095003088056	2.0005479525545784
-0.7799769135324794	0.04157034457236536	1.0017349583053141	2.000868613396663
-0.7798545089402577	0.052261509252056006	1.0027484522026635	2.0013770805700486
-0.7796592298278205	0.0656494281597987	1.0043527946203357	2.0021835886615817
-0.7793465034020478	0.08236263370196706	1.0068905971789013	2.003463446081411
-0.778842702963031	0.10312597800296344	1.0109002506156926	2.005496036710865
-0.778023533402522	0.1287257049001557	1.017223149914119	2.008728164047066
-0.7766724575689328	0.1599186305401529	1.0271619084425347	2.013878625774438
-0.7743954208184596	0.1972487915551945	1.042700546284944	2.0221158436472177
-0.770432782230311	0.24074409278944223	1.066776508754612	2.0353750340869694
-0.7632092597299183	0.289540130937934	1.1035355632544388	2.0569743922059587
-0.7491396423681443	0.3416738213952712	1.1584084796824412	2.0929726254553236
-0.7188771847309415	0.3945133792070954	1.2378221718412918	2.1556019157644615
-0.6403752951461901	0.44608743495084724	1.3481611242217086	2.271920673930182
-0.11030797146392446	0.49667057839571543	1.4900146282628706	2.48336734236262
-0.6872883019382267	0.002054512001713595	1.0000042210603641	2.0000021105368635
-0.687288107071639	0.0025864680243834655	1.0000066899193227	2.0000033449764447
-0.6872877982238628	0.0032561516803440473	1.0000106027811837	2.00000530143275
-0.687287308720444	0.004099214899330886	1.0000168042093818	2.000008402210589
-0.6872865328779556	0.005160531592056171	1.0000266327104175	2.0000133166212164
-0.6872853031704658	0.006496576291556926	1.0000422095828494	2.0000211054596218
-0.687283354014451	0.008178409569327314	1.0000668966290005	2.000033449992998
-0.6872802643054726	0.010295418272767965	1.0001060213703483	2.0000530149016202
-0.6872753661784431	0.01295998796482128	1.0001680259117658	2.000084023548111
-0.6872675999840114	0.016313312966313654	1.0002662864496783	2.000133169835271
-0.6872552833901949	0.02053256699742263	1.000421993681098	2.0002110636986696
-0.6872357427899863	0.025839644606007336	1.0006687095964644	2.000334522800778
-0.6872047224743663	0.03251159867711353	1.001059568478575	2.0005302064908506
-0.6871554315046159	0.04089265834013216	1.001678636644558	2.000840379953993
-0.6870769909539834	0.05140715039737159	1.002658782157586	2.001332061664811
-0.6869518665577167	0.06457145694126701	1.0042096554709217	2.002111551241991
-0.686751530466726	0.08100077192812896	1.0066611654604314	2.0033475311943105
-0.6864289012385026	0.1014019865352825	1.010530147501662	2.0053078773804556
-0.6859046116861721	0.126536424339468	1.0166202328483218	2.008418511038096
-0.6850407256358937	0.1571250012588398	1.02616505377692	2.013358032215612
-0.6835872507086418	0.19365779640406383	1.041016161260908	2.0212114443777107
-0.6810657510557432	0.23607823796211122	1.063842839282317	2.033724620286586
-0.6764975752573337	0.2833856784770448	1.098223385358572	2.053740921616237
-0.6677166822073748	0.333395554938285	1.1483666394682044	2.086000530245618
-0.649421230777617	0.3831237171475113	1.2181829183399049	2.138741974999181
-0.6062611578248238	0.4300657659032623	1.3098803358984843	2.226962152111365
-0.46948141147666084	0.473744473009207	1.422547018749469	2.3749375796949153
-0.591893155101141	0.00255918785456782	1.0000065495407007	2.0000032747864367
-0.5918929582042927	0.003221807782602144	1.0000103802921163	2.000005190186466
-0.5918926461358288	0.004055978097220231	1.000016451578064	2.0000082258905323
-0.5918921515205775	0.005106098892029587	1.0000260738025513	2.0000130371562355
-0.591891367557824	0.006428048003770039	1.0000413237110513	2.000020662495968
-0.5918901249339676	0.008092134416935862	1.000065492459759	2.0000327478386466
-0.5918881551897954	0.010186798007103516	1.0001037955175514	2.0000519018000116
-0.5918850325566237	0.012823230614422084	1.0001644971817834	2.0000822587427947
-0.591880081509235	0.016141120647670548	1.0002606913000354	2.0001303711535354
-0.5918722295848305	0.020315739803688504	1.0004131197125692	2.0002066239305103
-0.5918597724519716	0.02556657577278776	1.0006546295926935	2.000327475792311
-0.5918399973835762	0.032167626751200155	1.0010372137021533	2.0005190114481053
-0.5918085759682135	0.04045922712492385	1.0016431075216508	2.0008225708279084
-0.5917585750919724	0.05086070261248438	1.0026022230019962	2.0013036692742565
-0.5916788225277742	0.06388194435200881	1.0041193885327997	2.002066130919307
-0.5915511473596751	0.08012958683758516	1.0065165257625157	2.0032744768733695
-0.5913455769809494	0.10029897554775914	1.0102969423686627	2.0051893740156213
-0.591011629505376	0.12513537556922832	1.0162406386486271	2.008223714179207
-0.5904616973337004	0.15533649153745668	1.0255382704571392	2.013031169363919
-0.5895373952681348	0.1913573613290859	1.0399594038101037	2.020645503889656
-0.5879369350837463	0.2330862303470296	1.0620090315990123	2.032698053263141
-0.5850480754845482	0.27943274502494997	1.0949231992064035	2.051752163518185
-0.5795381254724544	0.3280648585187783	1.1421910437100065	2.0818036601733936
-0.5682625340261274	0.3757597350258348	1.2062822246492266	2.128994428467353
-0.5429073715669002	0.4196421562110799	1.2869588739801379	2.2025010387361714
-0.4756425603908544	0.45868986154885144	1.380835312849151	2.3146195319752203
-0.12487858251365731	0.4943833651182004	1.4831639071430462	2.471985683102642
-0.49484968278430697	0.003199948596750431	1.000010239911122	2.000005119994883
-0.49484948455809846	0.0040284587558716035	1.0000162290830374	2.0000081146402917
-0.49484917037807596	0.005071453581510891	1.0000257211562642	2.0000128608262417
-0.49484867240451086	0.006384431119633755	1.000040764765583	2.000020383006025
-0.4948478830897522	0.008037221973325749	1.0000646064935084	2.0000323048122857
-0.49484663190959305	0.010117663266566117	1.0001023911110531	2.000051199488127
-0.49484464841883125	0.012736187012482783	1.000162270733014	2.000081145245399
-0.4948415035320909	0.016031523043834463	1.0002571610729953	2.0001286053537215
-0.49483651604259854	0.020177732270920148	1.000407520802319	2.000203822749417
-0.4948286034147994	0.025392770093339977	1.000645746177282	2.000323029740901
-0.4948160426674477	0.031948689709993726	1.0010231099662843	2.000511948636344
-0.49479608475927006	0.04018334507988361	1.001620693122809	2.0008113360075765
-0.4947643267126481	0.05051287582051694	1.0025665440759122	2.0012857599071743
-0.49471367433962493	0.06344303564971285	1.0040624529464441	2.0020374854456944
-0.4946325917462879	0.07957499889687297	1.0064253127745508	2.0032284157138975
-0.49450205693609883	0.0995967375456611	1.0101499247377368	2.005114689671201
-0.4942900489701662	0.12424324465128946	1.0160014568009972	2.008101035997626
-0.4939410473542673	0.15419734478064215	1.025143664939725	2.0128255692343284
-0.49335482929926616	0.18989154619783954	1.0392950146537858	2.0202902684540667
-0.49234094327734895	0.23117847738087768	1.060858756518163	2.032056103959164
-0.49051496157474817	0.2769095797011579	1.0928611086441655	2.050517155372446
-0.48704850243915315	0.32465638392187757	1.1383567879983012	2.0792316689350763
-0.4800293632001142	0.37103818376148895	1.1989638771234223	2.1231663922159023
-0.46465859844657204	0.41292993969345887	1.2730075388275257	2.1884503196049634
-0.4270114442514634	0.4489313592914057	1.3553417309346536	2.28095637250485
-0.3075961650425366	0.47997653597496726	1.4405271350562951	2.4027709407396087
-0.39673605258683725	0.004010998077981081	1.000016088698283	2.000008044446213
-0.39673585349821067	0.00504947156166346	1.0000254986517925	2.0000127495697315
-0.396735537943951	0.006356756740318273	1.0000404120955708	2.000020206660281
-0.3967350377737866	0.008002380685214009	1.0000640474884448	2.0000320252827777
-0.3967342449309783	0.010073798072344597	1.0001015049951048	2.0000507563623704
-0.3967329880419864	0.01268095879478474	1.000160865950487	2.000080442683794
-0.39673099520876737	0.015961984442145003	1.000254933679665	2.0001274912288594
-0.39672783477513135	0.020090167618496156	1.0004039882025688	2.0002020553726902
-0.39672282078570725	0.025282491349528445	1.0006401413067407	2.000320224595646
-0.39671486148398777	0.03180977444831985	1.001014211578082	2.0005074926149318
-0.3967022150107006	0.040008296454484775	1.0016065517723218	2.000804248102659
-0.39668209166976726	0.050292174201577326	1.0025440351759363	2.0012744618582827
-0.3966499969863127	0.06316453376598398	1.0040265365815346	2.0020194164712577
-0.39659862339393	0.0792230800189877	1.006367780562387	2.003199366211544
-0.3965159236062526	0.09915109627439601	1.0100572125407257	2.00506760130593
-0.39638162439267766	0.12367703697651192	1.0158506727889036	2.008023722751418
-0.3961605937626595	0.1534742413567456	1.0248950303515736	2.012696096586485
-0.3957894728039596	0.18896082888164983	1.03887675683781	2.0200668608882757
-0.3951480621310779	0.22996662363638104	1.060135662721977	2.031653331412104
-0.39399449271060294	0.27530567185770877	1.09156796815942	2.04974564581163
-0.39181080451409683	0.32248724619637736	1.135961940177361	2.07763807303754
-0.38741722486864794	0.36802792018447206	1.1944207833975846	2.119609975046145
-0.3779433520463062	0.4086380922498325	1.2644100279687447	2.180091271962175
-0.35569513838973105	0.4426634852582586	1.3396690122486463	2.261484632607602
-0.2951456995775088	0.4706595918007555	1.4137874166772204	2.3617546411785972
-0.003211886749894828	0.4949112124522245	1.4847439233266442	2.4746073686297714
-0.2979347587100508	0.005035552470767963	1.0000253582610783	2.0000126793716966
-0.2979345590619476	0.006339233224784383	1.0000401895761295	2.0000200953938334
-0.2979342426092525	0.007980319051599386	1.0000636947808308	2.0000318489120703
-0.2979337409857099	0.010046022455925022	1.000100945895589	2.0000504767701486
-0.2979329457654615	0.012645988042924163	1.0001599795972826	2.000079999400477
-0.2979316849225948	0.015917952244851485	1.0002535283011673	2.0001267882713574
-0.29792968535587167	0.020034721140199465	1.000401759312188	2.0002009402528933
-0.29792651307677004	0.025212661981260924	1.0006366049464162	2.0003184547178225
-0.2979214773638944	0.03172181183789386	1.0010085972608065	2.000504681179509
-0.2979134762166766	0.03989745306980716	1.0015976296527254	2.0007997762504477
-0.2979007447667199	0.050152421170893975	1.0025298342065403	2.0012673340664953
-0.297880439776601	0.06298817736795505	1.0040038778968134	2.0020080177476753
-0.29784793878969223	0.07900022760168686	1.0063314878679488	2.003181042436287
-0.29779562216933464	0.09886888211501202	1.009998734855136	2.005037904185251
-0.2977106702070965	0.12331844646266327	1.0157555860232252	2.0079749777387046
-0.29757087493733136	0.1530162357197364	1.0247382895176131	2.0126145050248856
-0.29733620876814304	0.18837121986723054	1.038613228575947	2.019926189898844
-0.2969308133240244	0.2291986987767401	1.0596804840502365	2.0314000960864154
-0.2962023392814041	0.2742888487335939	1.0907551955901795	2.049261893392706
-0.29482578782161495	0.3211110735961552	1.134460511079386	2.076643958758048
-0.2920669713934889	0.3661158373703622	1.1915835756327529	2.117412349593819
-0.2861729637354686	0.405906770901726	1.2590670354020541	2.1750077766058555
-0.27265831221903847	0.4386626454615523	1.3299598043289182	2.2498804598186974
-0.2384443965922413	0.4646848901995986	1.3971221751626015	2.3374168118496783
-0.12893362628146257	0.48588073071326426	1.457856159796491	2.4304548639908106
-0.19869451010596492	0.0063281516663256055	1.0000400491759702	2.0000200251895284
-0.1986943100896634	0.007966367665878129	1.0000634722376642	2.0000317376298713
-0.19869399303482788	0.010028457644083845	1.0001005931283797	2.0000503003598715
-0.19869349041026926	0.012623873144338741	1.000159420348069	2.0000797197088414
-0.19869269348622443	0.015890107025949344	1.0002526415719337	2.000126344738249
-0.19869142964832784	0.019999657684661724	1.0004003529891274	2.000200236667642
-0.19868942459428823	0.02516850294331397	1.0006343736833192	2.000317338019988
-0.1986862417572016	0.03166618546053633	1.0010050549401779	2.0005029073330487
-0.19868118463167117	0.03982735689552125	1.001592000362679	2.0007969548272273
-0.19867313777654927	0.05006404224161547	1.002520874472852	2.0012628370504175
-0.19866030424942524	0.06287664949341606	1.0039895824311853	2.0020008264466864
-0.19863976277459705	0.0788592931960537	1.0063085917814767	2.0031694829936266
-0.198606698316211	0.09869040178302825	1.009961845791741	2.005019171991218
-0.1985530108336231	0.12309165364159484	1.015695610824881	2.007944236170086
-0.198464671398688	0.15272654699335408	1.024639447215344	2.0125630640348273
-0.19831640356121885	0.1879982502792987	1.0384471023566901	2.0198375474941375
-0.19806033567378542	0.22871284429078137	1.059393707644202	2.0312406708028043
-0.1976004415585586	0.27364533263667096	1.0902436170579954	2.048957865637556
-0.19673236594688617	0.32023972453249977	1.1335169778024297	2.0760211812662406
-0.19499681817196252	0.3649042394932593	1.189804987680164	2.116043750665753
-0.19130987502356198	0.4041739266726141	1.2557282839638322	2.1718735643171034
-0.1829745815794852	0.43611940194127025	1.3239082122976122	2.2428218402161577
-0.16268133936256216	0.4608752570079588	1.3867195393632639	2.3227408013360056
-0.10624508632753728	0.4800954908184567	1.440873679295102	2.4033168786681647
0.15732774619665088	0.4961396436190207	1.488423434779549	2.480720706402617
-0.09917525216762703	0.007957552351179219	1.0000633318225356	2.0000316674156284
-0.09917505189862415	0.010017359150086022	1.0001003705476113	2.000050189052706
-0.09917473441382516	0.012609899630789725	1.0001590674864071	2.000079543235839
-0.09917423103381197	0.015872512746213215	1.000252082085463	2.000126064889007
-0.09917343272650919	0.019977502474794018	1.0003994656639195	2.0001997927384556
-0.09917216622905693	0.025140600564538974	1.000632965863194	2.0003166334390814
-0.09917015578557274	0.03163103725531881	1.0010028199164562	2.0005017881312495
-0.09916696145430559	0.03978306565142467	1.0015884485951598	2.000795174679195
-0.09916187868475786	0.050008198541799324	1.0025152214510709	2.001259999751083
-0.09915377248891248	0.06280617826126206	1.0039805630790037	2.001996289363881
-0.09914079778219219	0.07877023985466906	1.0062941465438309	2.003162190305404
-0.09911991352800412	0.09857762203643572	1.0099385734953013	2.005007354933614
-0.09908600439180067	0.12294834179298947	1.0156577771887858	2.007924845302483
-0.09903021202514316	0.15254348270172274	1.0245771036126452	2.012530622793935
-0.09893657967559567	0.18776254118101704	1.0383423430033831	2.019781663614628
-0.09877489878559789	0.22840575907228905	1.0592129316491705	2.031140221317235
-0.09848461971921331	0.2732385216188645	1.089921327649254	2.0487665121493146
-0.09793707967021378	0.3196887184479385	1.1329231570012288	2.0756299976729817
-0.09684403134885393	0.3641376986563324	1.1886873569953669	2.115187286370057
-0.09453010785453672	0.40307674285266337	1.2536345675433282	2.169924516913168
-0.08934354595703925	0.4345070644853828	1.3201202053606582	2.238470538609708
-0.07699738699339032	0.45845525272204674	1.3802073204205823	2.313760542950508
-0.0449301394437499	0.4764091053354815	1.4301908342752694	2.3866483343653777
0.05867111219352905	0.49047542425300794	1.4714929072955287	2.4527075640193865
0.0005208715779778272	0.010010350142508563	1.0001002301087574	2.00005011882271
0.0005210720372428617	0.012601074966891477	1.0001588448460432	2.0000794318890964
0.0005213898702835971	0.015861401464338974	1.0002517290741022	2.0001258883165622
0.0005218939195452214	0.01996351083133868	1.000398905801416	2.000199512639307
0.0005226935823449485	0.025122979408749437	1.0006320775934092	2.000316188881686
0.0005239629690692031	0.031608840127177365	1.0010014097235658	2.000501081970478
0.0005259798546225039	0.03975509437609029	1.0015862076109683	2.0007940515014937
0.0005291890819097548	0.04997293144031431	1.0025116547102986	2.0012582095863833
0.0005343072571444296	0.06276167320595573	1.0039748724423274	2.0019934267860893
0.0005424993031545028	0.07871399915535741	1.0062850326992034	2.003157589259399
0.0005556851655893866	0.09850639638997712	1.0099238909144312	2.004999899733142
0.0005770942244353281	0.12285783211463794	1.0156339090242597	2.0079126127806726
0.0006123184007790435	0.15242786381824733	1.024537776083582	2.0125101600523254
0.0006714290982649086	0.1876136664238793	1.0382762678741797	2.019746421442253
0.0007734881348761692	0.22821178878415488	1.05909893639241	2.031076898031276
0.000956684540199818	0.2729815292840743	1.0897181734382555	2.048645964777504
0.001302089939904222	0.3193405679294654	1.1325490803940093	2.0753838752692806
0.0019909675404276637	0.36365321271365636	1.1879839981167646	2.11464967953061
0.003446106628807903	0.40238292733575054	1.2523186471904861	2.1687059370034314
0.006690567859499188	0.43348666267194075	1.317742332341368	2.2357651853338014
0.014310546524529287	0.45692173847008966	1.376120365150072	2.3082069118885693
0.033374878944837115	0.47406840421276497	1.423472533573615	2.376345472890041
0.08726091088767207	0.48686763821238643	1.4607756377891787	2.435188697520167
0.33528685906686156	0.4972977062366283	1.4918946678077778	2.4864962713687877
0.10032891962179742	0.012595503799174863	1.000158704369587	2.0000793616341292
0.10032912024936086	0.01585438671269132	1.000251506339285	2.000125776907076
0.10032943842316225	0.01995467765330251	1.0003985525527954	2.0001993359091825
0.10032994319850595	0.025111854848955808	1.0006315171349212	2.0003159083861677
0.1003307444795772	0.03159482666216434	1.0010005199566792	2.0005006364162674
0.10033201760648063	0.03973743556383501	1.0015847936573217	2.0007933428321456
0.10033404337646712	0.04995066659179475	1.0025094042788056	2.001257080088784
0.10033727412792824	0.0627335761690143	1.0039712819688893	2.0019916206725323
0.10034244517808594	0.07867849298795303	1.0062792824447337	2.0031546863266696
0.10035076840231617	0.09846142953464987	1.0099146273279838	2.004995196161494
0.10036428212928108	0.12280069004402824	1.0156188505226116	2.0079048954920307
0.10038651569417531	0.15235486808913262	1.0245129655230318	2.012497251441262
0.10042382507448455	0.18751967198785863	1.0382345866592628	2.0197241923639857
0.10048823808366311	0.22808931693159454	1.0590270367777785	2.031036966028264
0.1006038443747795	0.2728192535231837	1.0895900700040706	2.048569979426026
0.10082175350140966	0.3191207043726917	1.1323132920875218	2.075228859343566
0.10125609423613499	0.3633471903559901	1.18754093110199	2.1143115749555146
0.10217231494105108	0.401944543121961	1.251490395952907	2.1679414776579105
0.10420848407834328	0.43284159492478647	1.3162468840673145	2.2340740374887864
0.10895157538427819	0.45595150258912576	1.3735507757777334	2.304747756625774
0.12056280321857592	0.47258555649843015	1.4192445717740134	2.369937035766937
0.15128374540899386	0.4845774585809691	1.4540100025474267	2.4242468931493426
0.25127616235464073	0.49373977353515985	1.4812384133054954	2.468793986471272
0.20020771881149102	0.015849959106236593	1.000251365803233	2.0001257066125206
0.20020791962149045	0.019949102282304322	1.0003983296682775	2.0001992244002076
0.2002082382017991	0.025104833189831376	1.0006311635102607	2.000315731405952
0.2002087439163909	0.031585981564529346	1.000999958553588	2.000500355291806
0.20020954742768882	0.03972628956769927	1.0015839015175763	2.0007928956951493
0.20021082595476616	0.049936613314308084	1.0025079843643874	2.001256367431926
0.20021286497978577	0.0627158416604593	1.0039690165633866	2.0019904811121916
0.20021612857641655	0.0786560818640092	1.0062756543561693	2.0031528547521082
0.20022138157438796	0.09843304679746831	1.0099087825974424	2.004992228544493
0.200229910362388	0.12276462214969351	1.015609349764725	2.007900026574633
0.20024394222800437	0.15230879289731744	1.0244973124840095	2.0124891076557088
0.2002674880620196	0.18746034125834965	1.038208291321109	2.019710169640516
0.20030813715318596	0.2280120085691646	1.0589816817450888	2.0310117795045963
0.20038108667291757	0.2727168147570017	1.089509273315263	2.048522065689858
0.2005185674418589	0.31898190187218795	1.1321646144069097	2.075131160865055
0.20079249449263026	0.36315397061494653	1.1872616619472858	2.114098682629076
0.2013698352765774	0.4016676952010833	1.2509686156890125	2.1674608829709596
0.20265026560995716	0.4324340895804432	1.315305273647718	2.233013249868267
0.20561784048691636	0.4553382614011889	1.3719331848069287	2.3025830880597145
0.21278824115333678	0.4716475440810472	1.4165818167167092	2.365931811169509
0.23107933741328596	0.4831268670886398	1.4497423222760648	2.417398986409156
0.2833733478119043	0.49148161735392976	1.4744926592042449	2.457645545635399
0.5223441874670889	0.4981869926386752	1.494561446665528	2.4909373062157973
0.3001312115279856	0.019945583659137393	1.000398189037771	2.0001991540428787
0.30013141257387504	0.025100401811761656	1.0006309403884783	2.000315619739181
0.3001317317141624	0.03158039941053662	1.0009996043329255	2.000500177914756
0.30013223878418854	0.039719255310230434	1.00158333861732	2.000792613572025
0.3001330456207514	0.049927744260375766	1.0025070884636786	2.001255917779012
0.30013433238117637	0.06270464936125468	1.0039675872011227	2.001989762106296
0.3001363919239223	0.07864193811462176	1.0062733652175873	2.0031516991274527
0.30013970689887465	0.09841513428926942	1.0099050949003499	2.004990356158921
0.30014508907811654	0.1227418593935369	1.0156033553965014	2.0078969546397594
0.3001539439556147	0.15227971424357695	1.0244874366279833	2.012483969671408
0.3001688024479174	0.18742289643498164	1.0381917015692754	2.0197013230450764
0.30019445317387194	0.22796321680044698	1.058953068855882	2.030995891410823
0.30024048395976105	0.27265216046205876	1.0894583064324115	2.048491846011975
0.3003272242761427	0.3188942923293795	1.1320708428021002	2.0750695610068584
0.30050001158526884	0.36303200428622917	1.187085569278117	2.113964530309737
0.30086398950792004	0.40149291774819584	1.2506397172955872	2.1671583410014095
0.3016701854315202	0.4321767733854923	1.314711937250383	2.2323464176122507
0.3035327659950471	0.45495090705491664	1.370914051881148	2.3012244058525946
0.307997376388342	0.47105473718057367	1.4149038154419336	2.3634202465652834
0.31914589256634895	0.4822093604749255	1.4470506787922708	2.4131031600329464
0.34902064462986315	0.4900514631494614	1.470230229319054	2.450633134869205
0.446780436944125	0.4959490859560598	1.4878524598561622	2.479771399941772
0.40008292494878156	0.02509760539863708	1.0006307996082682	2.0003155492822895
0.4000831263349773	0.03157687680173026	1.0009993808350917	2.0005000659976
0.4000834463098557	0.03971481635276063	1.0015829834520127	2.0007924355648643
0.4000839554452827	0.049922147454932904	1.0025065231904262	2.001255634068463
0.40008476742489973	0.06269758646985266	1.003966685339272	2.0019893084474583
0.40008606704893157	0.07863301270307589	1.0062719208809463	2.003150969985856
0.4000881588787269	0.09840383058296674	1.0099027681520631	2.004989174785057
0.40009155515393807	0.12272749489305625	1.0155995732873517	2.00789501643734
0.4000971427492512	0.152261363996029	1.0244812056006096	2.012480727980512
0.400106518650997	0.18739926649895242	1.0381812347346	2.019695741676431
0.4001227043140748	0.22793242590160037	1.0589350170157645	2.0309858681055966
0.4001517488743563	0.27261135847005924	1.0894261534311331	2.0484727833977896
0.4002064766565548	0.3188390020585299	1.1320116919098329	2.0750307115116526
0.4003154786212982	0.3629550276471375	1.186974507777281	2.113879954950111
0.4005450142491254	0.40138260147225474	1.2504323248695275	2.166967725087778
0.40105301556196815	0.43201433898390984	1.3143378781159423	2.2319266593546048
0.4022243506727735	0.45470633320058323	1.3702716239797486	2.300369974097472
0.40501817592816086	0.4706803171521975	1.4138459296543617	2.3618418321543224
0.41190556295992764	0.48162955361170745	1.4453529511640146	2.4104032264520456
0.4297096361169829	0.4891469453668093	1.4675390323234123	2.4462205315858228
0.4810057514431737	0.49453185155128737	1.4836083045555593	2.4727228308832863
0.714528299243776	0.498812649061741	1.4964380790304452	2.49406390444713
0.5000524528519421	0.03157465398362203	1.0009992398176095	2.0004999953827265
0.5000526547565084	0.03971201530464211	1.0015827593581497	2.0007923232501366
0.5000529760215364	0.049918615786560955	1.0025061665278643	2.00125545505971
0.5000534883813552	0.06269312967723994	1.0039661163048117	2.0019890222093615
0.5000543084446024	0.07862738062779932	1.0062710095709755	2.0031505099319014
0.5000556283883905	0.09839669775830537	1.0099013000855948	2.004988429397125
0.500057771432449	0.12271843064084301	1.0155971869702534	2.007893793537159
0.5000612971839417	0.15224978463457198	1.024477274174319	2.0124786826747423
0.5000672133073718	0.18738435548404542	1.0381746308436883	2.0196922202522973
0.5000774262281682	0.22791299601746273	1.0589236277404135	2.030979544386477
0.5000957525445625	0.2725856110110582	1.0894058682202814	2.0484607575772498
0.5001302827829411	0.31880411132220665	1.1319743761862138	2.075006206055678
0.5001990506373565	0.3629064502702558	1.1869044508004698	2.113826618961956
0.5003438305644439	0.401312981004717	1.250301520214991	2.1668475639624147
0.5006640902417906	0.4319118183731255	1.3141019866110577	2.231662201049014
0.5014016206350369	0.4545519498215017	1.369866520117615	2.299831994094483
0.503155327921724	0.47044392075689695	1.4131787997265626	2.3608484377928876
0.5074446836777187	0.48126336079785514	1.4442820285428046	2.4087040366965202
0.5183016003137301	0.4885753716104162	1.4658404558951	2.4434419114336077
0.5476437383319099	0.49363554351920097	1.4809266873872209	2.46827762769195
0.6440117682018209	0.4974035737729324	1.4922120957197416	2.487024736523201
0.6000332243763478	0.03971024786109927	1.001582617964599	2.000792252384413
0.600033427089753	0.04991638732589654	1.0025059414892992	2.001255342113022
0.6000337503810064	0.06269031746818209	1.0039657572690954	2.0019888416058413
0.6000342678282024	0.07862382682095433	1.0062704345751836	2.00315021965879
0.600035100691637	0.0983921969841412	1.0099003738032313	2.004987959092553
0.6000364529164841	0.12271271113983867	1.0155956813188713	2.0078930219484126
0.6000386776017728	0.15224247809826214	1.0244747936463405	2.0124773921990893
0.6000424105544656	0.18737494665913434	1.0381704641638863	2.0196899984560908
0.6000488546541852	0.22790073573703484	1.0589164418585058	2.030975554611942
0.600060417952567	0.2725693642112764	1.0893930698982948	2.0484531705441094
0.6000822047987551	0.3187820947909761	1.13195083393117	2.0749907469115367
0.6001255913044362	0.3628757966715616	1.1868602550378087	2.1137929771525283
0.6002169224665683	0.4012690472442595	1.250219008406336	2.166771790924905
0.6004188863791151	0.43184711971788964	1.313953198468367	2.231495494730264
0.6008836291698457	0.4544545135095528	1.3696110130196515	2.299493001468992
0.601986564484847	0.47029470357524855	1.4127580108647377	2.360222655415341
0.6046710741136148	0.48103216531649406	1.4436064395434418	2.4076336910725518
0.6113800964771077	0.48821438864344235	1.4647685504848822	2.441691123615205
0.6288772046848576	0.49306917304580383	1.4792333821772727	2.465474610267037
0.6795462769490811	0.4965124498225975	1.4895406734129446	2.482578849949376
0.9097290929897411	0.4992334422145515	1.4977003621532343	2.4961673886107985
0.7000210916569937	0.04991498121108264	1.0025057994996824	2.001255270848559
0.7000212956455835	0.06268854301931165	1.003965530733174	2.0019887276529267
0.7000216221415585	0.0786215844377716	1.0062700717781328	2.00315003650936
0.700022147656878	0.09838935708169168	1.0098997893605446	2.0049876623517893
0.7000230008751587	0.12270910224150545	1.015594731322216	2.007892535112451
0.700024404591119	0.152237867805083	1.0244732285526545	2.012476577973968
0.7000267599772649	0.18736900984885344	1.038167835203953	2.019688596626204
0.7000308260019202	0.2278929996836764	1.0589119079790426	2.030973037322963
0.700038122019457	0.2725591126753336	1.0893849950138552	2.0484483837470364
0.700051868486171	0.3187682025164843	1.1319359807177876	2.0749809939468626
0.7000792422961966	0.36285645422591206	1.1868323722633116	2.1137717549530954
0.7001368608857387	0.4012413244402658	1.2501669550750703	2.1667239986807996
0.700264249238652	0.431806292638332	1.3138593391444864	2.231390372053921
0.7005572409220682	0.4543930246025591	1.3694498373009083	2.2992792906403547
0.7012517297360592	0.4702005295335237	1.4124925679346496	2.3598282155261234
0.702936952408042	0.48088623363835664	1.443180220870357	2.406959062843619
0.7071158650324314	0.4879864863919067	1.4640921640803977	2.4405874563186147
0.7177889126423115	0.4927114824542927	1.478164495822849	2.46370692353114
0.7467955065945974	0.4959493647656113	1.4878532952142802	2.479772788650454
0.8422919585998393	0.4983455903809548	1.4950371274472511	2.4917297329674746
0.8000134368807987	0.06268742339192047	1.0039653877987904	2.001988655753579
0.8000136428893619	0.0786201695567256	1.0062698428689745	2.00314992095009
0.8000139744726938	0.09838756518220615	1.0098994206029246	2.004987475121567
0.8000145128258265	0.12270682512598405	1.0155941319168964	2.007892227941168
0.8000153985244328	0.15223495883490323	1.0244722410507368	2.012476064236617
0.8000168846934156	0.18736526387801403	1.03816617645722	2.0196877121427854
0.8000194502104458	0.22788811842886944	1.0589090473364966	2.0309714490562514
0.8000240537139744	0.27255264419503916	1.0893799002299447	2.0484453636005786
0.8000327271067775	0.31875943677233487	1.1319266093500386	2.0749748406783803
0.8000499983259842	0.36284424943723304	1.186814780563058	2.1137583663807837
0.800086350222429	0.40122383154787755	1.2501341148680847	2.166693850702254
0.800166710027676	0.43178053050632514	1.313800125738301	2.2313240687613654
0.800351479418405	0.4543542234434333	1.369348157589264	2.2991445195039826
0.800789110524505	0.4701411000240925	1.412325107541644	2.3595795011491068
0.8018490262300808	0.48079413418380995	1.4429113152416067	2.4065336878511685
0.8044646528041373	0.4878426350114634	1.463665371881388	2.439891501554807
0.8110611954655841	0.49248566127851395	1.4774898924183433	2.462591999443325
0.8283647459041282	0.49559375293242675	1.4867879475110777	2.4780021478220413
0.87863920064881	0.4977845789442641	1.493354591359499	2.4889271653843448
1.106752014008226	0.49950938645258247	1.4985281686726184	2.4975469788362066
0.9000086081769287	0.07861927681403649	1.0062696984371813	2.0031498480372023
0.9000088173940893	0.09838643455327314	1.0098991879329087	2.0049873569874985
0.9000091570754527	0.12270538834147858	1.0155937537185225	2.0078920341297657
0.9000097159189524	0.15223312337020245	1.024471617981314	2.012475740091842
0.9000106536364667	0.18736290029166555	1.0381651298646961	2.0196871540760326
0.9000122723797901	0.22788503851150146	1.0589072424097927	2.0309704469417404
0.9000151770051735	0.2725485627808995	1.0893766856878753	2.0484434580640882
0.9000206495296186	0.31875390583765173	1.131920696566541	2.074970958402082
0.9000315467382777	0.362836548524945	1.186803681404837	2.1137499194514886
0.9000544820499459	0.40121279388652	1.2501133953820232	2.1666748313556488
0.9001051789696501	0.43176427490901154	1.3137627677198316	2.2312822440155333
0.900221722449094	0.4543297398620832	1.3692840081212125	2.2990595130419678
0.9004976259223185	0.47010359867298096	1.4122194562740242	2.3594226369022167
0.9011650465083264	0.4807360142779164	1.4427416554415995	2.40626540906788
0.9028071181459972	0.487751849097062	1.4633960764049516	2.439452550908296
0.9069163834814046	0.4923431244556427	1.4770641767592998	2.4618887068195376
0.9174734574515333	0.4953692456827287	1.4861154968765062	2.4768849502349486
0.946268540591313	0.49743027910346616	1.4922921698176568	2.487158053925679
1.041217635862567	0.4989496835722128	1.4968491420045769	2.4947488742532236
1.0000055634385383	0.09838572116795855	1.0098990411281776	2.0049872824500263
1.000005777764383	0.12270448178308596	1.0155935150918054	2.0078919118432665
1.0000061303729668	0.152231965258882	1.0244712248519474	2.0124755355709447
1.0000067220360156	0.18736140895415768	1.0381644695118093	2.0196868019615297
1.0000077433985874	0.22788309519359962	1.058906103584689	2.0309698146558173
1.0000095760976946	0.2725459875512239	1.0893746574685566	2.0484422557705937
1.0000130290206413	0.31875041600441056	1.1319169659120059	2.0749685089204633
1.000019904617277	0.3628316894936784	1.1867966784902764	2.1137445900735767
1.0000343753491898	0.40120582943677774	1.2501003227811716	2.1666628320506236
1.0000663602806414	0.4317540180055907	1.3137391976439383	2.2312558582871698
1.0001398790771245	0.45431429108771054	1.3692435349700407	2.299005888886983
1.0003138737210102	0.4700799353807286	1.4121527984602398	2.3593236877170356
1.000734455704695	0.4806993394807615	1.4426346106395038	2.4060961824035476
1.001767266897345	0.4876945583619533	1.4632261595019813	2.439175659061231
1.0043394557121992	0.4922531685641239	1.4767955412608404	2.4614450329497077
1.0108650464861118	0.4952275388163353	1.4856911077069614	2.476180060569591
1.028046517947576	0.49720660111424564	1.4916215141059825	2.4860415531309936
1.0780723896602644	0.4985962116493117	1.4957888527347483	2.4929821469783287
1.3048935228379681	0.49968767143632264	1.4990630167130616	2.4984383692019705
1.1000036455389455	0.12270390977996393	1.0155933645286548	2.0078918346857932
1.1000038680207864	0.15223123453550574	1.0244709768044296	2.012475406527233
1.100004241336245	0.18736046797769657	1.038164052858242	2.01968657979302
1.1000048857742855	0.22788186903437033	1.0589053850372758	2.030969415712595
1.1000060421309945	0.2725443626786266	1.089373377756488	2.0484414971821474
1.1000082207754824	0.3187482140488366	1.1319146120518697	2.0749669634295635
1.1000125589529457	0.36282862361873197	1.186792260021893	2.1137412275725826
1.1000216891798649	0.40120143510385814	1.2500920747311046	2.1666552614354453
1.1000418692475675	0.4317475462116697	1.3137243264252183	2.231239211571396
1.1000882504362275	0.4543045432997525	1.3692179991045126	2.2989720588297273
1.1001979983645092	0.4700650042397657	1.4121107416699408	2.359261265143637
1.100463156370684	0.4806761978083617	1.442567071256572	2.4059894258680523
1.1011135232305302	0.4876584068887608	1.4631189480527569	2.4390009790932368
1.1027283844350262	0.4921964017744109	1.4766260331078411	2.461165123872068
1.1067937155864143	0.49513810696083593	1.485423296505656	2.4757353144492047
1.1172776290667537	0.49706541805419324	1.4911982370103256	2.485336996511606
1.145939338565033	0.4983730569499857	1.4951195097213699	2.491866978684565
1.2405440887258503	0.49933472192477096	1.4980041889916103	2.496673725705485
1.2000024405628669	0.15223077347841968	1.0244708202971629	2.0124753251062546
1.2000026761095195	0.18735987425925546	1.0381637899679865	2.0196864396144547
1.200003082723161	0.2278810953768041	1.058904931665563	2.0309691639973244
1.2000038123356147	0.2725433374483428	1.0893725703158672	2.0484410185481674
1.2000051869663186	0.318746824700968	1.1319131268759808	2.074965988301684
1.2000079241590167	0.3628266891690873	1.1867894721854744	2.113739106021333
1.2000136848680438	0.40119866244246316	1.2500868706443318	2.1666504848731454
1.2000264172081454	0.43174346273584746	1.3137149435171267	2.231228708822164
1.2000556793574488	0.45429839275373013	1.3692018874474423	2.2989507152969773
1.2001249115859416	0.47005558308268014	1.4120842062057182	2.359221883201116
1.2002921309840022	0.4806615958269229	1.4425244573151996	2.405922074330905
1.2007019718088399	0.48763559547222035	1.463051301761302	2.438890774271456
1.2017176916100278	0.49216058098256993	1.4765190765109204	2.4609885254204285
1.2042624795194588	0.4950816709624966	1.485254303409886	2.4754547031489933
1.2107433081722523	0.4969763169287498	1.4909311193410337	2.4848924181349292
1.2278477715670064	0.49823220442629246	1.4946970478702413	2.4911631944490247
1.2777169582120889	0.4991118974161171	1.4973357474548497	2.4955597630925124
1.503728729202022	0.49980182878093643	1.4994054869570497	2.4990091469758733
1.3000016885138481	0.18735949964727638	1.0381636240955974	2.0196863511678735
1.3000019450700007	0.227880607230529	1.0589046456077709	2.030969005176078
1.300002405424614	0.2725426905697809	1.0893720608565143	2.048440716551725
1.30000327275754	0.31874594807861034	1.1319121897971087	2.074965373041948
1.3000049998045056	0.36282546860856946	1.18678771319102	2.113737767430286
1.3000086345364366	0.4011969130015327	1.2500835871198053	2.166647471134931
1.3000166679320164	0.431740886216914	1.3137090233806161	2.2312220822815565
1.300035130143807	0.45429451197869936	1.3691917218323062	2.298937249150974
1.3000788071423637	0.47004963863726573	1.412067463689311	2.359197036483334
1.3001842820416392	0.4806523823712431	1.4424975699468419	2.40587958128557
1.3004426703747203	0.4876212018923376	1.4630086196642256	2.438821244036018
1.3010822837520792	0.492137978249356	1.4764515898058777	2.4608771042546134
1.3026799805032765	0.49504605894445936	1.4851476697863546	2.4752776514107833
1.3067175938977347	0.4969200896988597	1.4907625605942803	2.4846118958081354
1.3171553512683174	0.4981433119998282	1.494430439404371	2.4907190762070446
1.3457329397446345	0.49897125345667553	1.4969138461523532	2.4948566961521577
1.4401208238605	0.49957921261337207	1.4987376437178301	2.4978960924549374
1.4000012272574693	0.22788029923051373	1.0589044651176733	2.0309689049667865
1.4000015177217042	0.27254228241621187	1.089371739409887	2.048440526005323
1.4000020649716192	0.318745394966055	1.13191159854181	2.0749649848410354
1.400003154662648	0.3628246984848341	1.1867866033450931	2.1137369228433203
1.4000054480116162	0.4011958091750042	1.250081515368727	2.1666455696220797
1.4000105166747114	0.43173926053545847	1.3137052880581623	2.2312179013150875
1.4000221651621938	0.4542920633581341	1.36918530782378	2.298928752870999
1.4000497212625247	0.470045887907092	1.4120568999670684	2.3591813599045275
1.4001162581324897	0.4806465689828415	1.4424806052484251	2.405852771142283
1.4002792091497995	0.48761211993878434	1.4629816890135077	2.4387773751406456
1.4006822770387475	0.492123716354683	1.476409007917586	2.460806804225344
1.4016872155904145	0.4950235879619314	1.4850803860653305	2.4751659401763586
1.4042147163967955	0.49688460944141355	1.49065619973659	2.4844348934970206
1.4106673038135356	0.4980872165077275	1.4942621998804249	2.4904388333776217
1.4277231856807622	0.49888249271627205	1.496647588085446	2.494413013199726
1.4774935743899413	0.49943870025179876	1.4983161147023618	2.497193570991743
1.7029968900048322	0.4998745220386718	1.4996235662719644	2.499372610973103
1.500000957618204	0.2725420248884049	1.0893715365909722	2.0484404057788583
1.5000013029094919	0.318745045975132	1.1319112254855332	2.074964739903509
1.5000019904572774	0.3628242125687657	1.186785903081462	2.1137363899477117
1.5000034374579394	0.401195112705986	1.250080208187278	2.1666443698594917
1.500006635541535	0.4317382347966545	1.3137029312414297	2.2312152633425977
1.500013985088738	0.45429051837621376	1.3691812608822804	2.298923392193709
1.5000313709278896	0.47004352134094224	1.4120502347453487	2.3591714689069048
1.5000733475647847	0.48064290094655493	1.4424699012808895	2.4058358555457273
1.5001761304880104	0.4876063895264511	1.4629646968947008	2.4387496964233515
1.500430250167788	0.49211471749482566	1.4763821403018975	2.4607624486946027
1.5010630802825005	0.4950094092056078	1.485037931933465	2.475095455508765
1.5026499480690518	0.4968622216087765	1.4905890876056866	2.4843232107779274
1.5066700735475553	0.4980518193941662	1.4941560396174356	2.4902620031075684
1.517078710258387	0.4988264803486868	1.49647956834094	2.4941330381351285
1.5456032347072601	0.4993500226012625	1.4980500894564115	2.4967502212651085
1.6398544446314411	0.49973409271051333	1.4992022796152462	2.498670470971048
1.600000822080506	0.3187448257765497	1.1319109901031732	2.0749645853586536
1.6000012558935235	0.3628239059761191	1.1867854612457014	2.1137360537144056
1.6000021688873423	0.40119467326312197	1.250079383413577	2.16664361286482
1.6000041867310812	0.431737587597969	1.3137014441955415	2.231213598910012
1.6000088239215462	0.45428954355582063	1.3691787074444883	2.2989200098799727
1.6000197932922624	0.4700420281325181	1.4120460292892514	2.3591652282107973
1.6000462766541437	0.4806405865577168	1.4424631475473144	2.4058251827091124
1.6001111154753789	0.4876027738460514	1.462953975581855	2.4387322326060556
1.6002713750531183	0.49210903951343726	1.4763651878788986	2.4607344625616716
1.6006701706105806	0.4950004628062003	1.4850111448001069	2.4750509828353553
1.6016683073403153	0.4968480953222925	1.4905467415354476	2.4842527430391215
1.60418490117322	0.4980294840309176	1.4940890537262665	2.490150427223484
1.6106196701621407	0.49879113569758055	1.4963735462288743	2.4939563740726554
1.6276449020270891	0.499294062682643	1.4978822157852105	2.496470452093091
1.6773529787648274	0.499645467486572	1.4989364059757027	2.4982273550125838
1.9025363574242975	0.4999206533473768	1.4997619600815677	2.49960326693407
1.7000007924151967	0.3628237125291034	1.1867851824664695	2.113735841565966
1.7000013684746051	0.40119439599317164	1.2500788630173627	2.166643135235201
1.7000026416437146	0.43173717924270555	1.313700505934982	2.23121254873023
1.7000055674890824	0.45428892848465763	1.369177096338009	2.298917875802182
1.7000124885539007	0.4700410859792553	1.412043375831612	2.3591612906381574
1.700029197587507	0.48063912627134736	1.4424588862348326	2.405818448677434
1.7000701030164018	0.48760049249215265	1.4629472108865287	2.4387212137908683
1.7001711885107762	0.4921054569156698	1.476354491581918	2.4607168046311525
1.700422615553366	0.4949948179265903	1.4849942431076564	2.4750229225341465
1.701051166157951	0.49683918203142696	1.4905200225029855	2.4842082806238484
1.7026312016061176	0.49801539085402063	1.494046787177745	2.490080026210091
1.7066402931943514	0.4987688334416507	1.4963066472978042	2.4938449019674374
1.7170305567255215	0.49925875113368057	1.497776285509969	2.4962939162047024
1.7455216051090978	0.49958954066126404	1.498768627439359	2.4979477305837197
1.8396866426050706	0.4998320612025036	1.4994961839813599	2.4991603078817586
1.8000008634487876	0.4011942210475616	1.250078534669872	2.166642833871973
1.8000016667625092	0.43173692158775445	1.3136999139333743	2.2312118861140458
1.8000035128365726	0.45428854040056155	1.3691760798000756	2.298916529297254
1.8000078796774392	0.4700404915197629	1.4120417016153246	2.359158806213866
1.800018422031296	0.4806382048906546	1.4424561975305434	2.4058141998197398
1.8000442295815655	0.4875990530496629	1.4629429426506424	2.438714261431744
1.8001079976977723	0.4921031964358761	1.4763477426583949	2.460705663280257
1.800266559536529	0.494991256215219	1.4849835787994359	2.475005217704601
1.8006626597151607	0.496833558042815	1.4905031637468977	2.4841802266266177
1.8016565049600632	0.49800649845534195	1.4940201182682724	2.490035605623846
1.80416621708033	0.4987547611563482	1.4962644355348877	2.4937745659997446
1.810589743607383	0.49923646976740915	1.497709444392948	2.4961825242809823
1.827595637763543	0.4995542499984923	1.4986627569821784	2.497771284925313
1.8772644083744598	0.49977615525773234	1.4993284666583837	2.498880780714574
2.102246267947307	0.49994986579052986	1.499849597381538	2.4997493290023907
1.9000010516552523	0.4317367590183913	1.3136995404059228	2.231211468032477
1.9000022164454355	0.45428829553588024	1.369175438408611	2.298915679712918
1.9000049717135339	0.4700401164407933	1.4120406452571768	2.3591572386545163
1.9000116233563207	0.48063762353783074	1.4424545010736687	2.4058115189833384
1.9000279060114542	0.48759814482066555	1.462940249575191	2.4387098748069125
1.9000681359905782	0.49210177016420553	1.4763434843690106	2.460698633583022
1.900168150761202	0.49498900891408376	1.4849768500514733	2.4749940467218132
1.9004178790426234	0.4968300095131387	1.490492526516793	2.4841625257075477
1.9010437295700613	0.4980008876493859	1.494003291117022	2.490007577910722
1.9026194541759078	0.49874588194028585	1.4962378011599475	2.493730186281652
1.9066215839243037	0.4992224106640308	1.4976672690560477	2.496112238629343
1.917000255039074	0.4995319818127954	1.4985959535249969	2.497659949496192
1.9454701834720045	0.499740877773296	1.499222634692909	2.4987043957315414
2.0395808749461546	0.49989397302050603	1.4996819191556088	2.499469865572983
2.000001398480695	0.4542881410366432	1.3691750337181983	2.2989151436625703
2.0000031369284916	0.47003987978180856	1.4120399787406088	2.3591562495939806
2.000007333778491	0.4806372567286349	1.4424534306820795	2.4058098274945263
2.0000176071175906	0.4875975717660386	1.4629385503591883	2.4387071070406123
2.000042988535394	0.4921008702454927	1.4763407975674532	2.460694198151863
2.000106081260365	0.4949875909576774	1.484972604488829	2.474986998311952
2.000263572011139	0.49682777052923666	1.4904858148488318	2.4841513571654046
2.0006579715914565	0.4979973474376329	1.4939926738200078	2.4899898935327163
2.0016491091370074	0.49874027945236116	1.4962209957854369	2.4937021842857523
2.0041544792244297	0.49921353976577365	1.4976406576435948	2.496067890549032
2.010570912312625	0.49951793102670494	1.4985538019168814	2.4975896993163857
2.027564605649592	0.49971861790400324	1.4991558554700668	2.498593098310235
2.0772085797777757	0.49985870385104814	1.4995761117758122	2.4992935203685778
2.3020634273554443	0.4999683396361136	1.4999050189108465	2.4998416981930958