0.026	1.2049573077800008e6	3.00422733599e8	0	2.4471690288e6	2.894266124719998e8	0
0.035888	1.6216296036114541e6	4.403998744284239e8	0	3.992438966293692e6	4.1431043558147836e8	0
0.045776	2.0970925647332913e6	5.807445074328015e8	0	5.882867587640415e6	5.568291508524023e8	0
0.055664000000000005	2.6129904893307644e6	6.971310920413815e8	0	7.91849785277489e6	7.072441763933725e8	0
0.065552	3.145434959547215e6	7.709089665318611e8	0	9.847499062983034e6	8.544974463364444e8	0
0.07544000000000001	3.6678756311379946e6	7.947287596210499e8	0	1.1443660908586534e7	9.885275479978278e8	0
0.085328	4.154395743926907e6	7.729116185548588e8	0	1.2568584613154085e7	1.1021635608392172e9	0
0.095216	4.582778416510871e6	7.17635147910737e8	0	1.3195218881796183e7	1.1921344299448922e9	0
0.105104	4.936804669755002e6	6.437369104910467e8	0	1.3393131397377586e7	1.2591253571981485e9	0
0.11499200000000001	5.207478432560031e6	5.645622715075818e8	0	1.3292584773887593e7	1.307133400702731e9	0
0.12488	5.411284801537505e6	4.931603230235349e8	0	1.3218054562851338e7	1.3482108792922182e9	0
0.134768	5.5898914802927e6	4.4066201141626465e8	0	1.3720596517908376e7	1.4021009139645042e9	0
0.144656	5.681471210762469e6	3.962422789347245e8	0	1.4169875810699105e7	1.4516027350034292e9	0
0.15454400000000001	5.6774817127077235e6	3.6020556013655204e8	0	1.4563632852710204e7	1.4975400412642646e9	0
0.164432	5.574054736453379e6	3.325608290292581e8	0	1.4900713219471652e7	1.5409422718459826e9	0
0.17432	5.372671865608114e6	3.13270529612768e8	0	1.5181024340898998e7	1.5892209661474137e9	0
0.184208	4.954076961535899e6	3.163012972194916e8	0	1.5392241678113293e7	1.6385723425014448e9	0
0.19409600000000002	4.50976144503034e6	3.2527526330560577e8	0	1.5550043759924417e7	1.6867793882554917e9	0
0.20398400000000003	4.0885787646609177e6	3.359307083023501e8	0	1.566246116581212e7	1.7331435182017853e9	0
0.213872	3.7164442024021037e6	3.453342151040382e8	0	1.573628660303286e7	1.776914743256042e9	0
0.22376000000000001	3.4674242659902824e6	3.3948067375062114e8	0	1.5778785493624324e7	1.8151706323854282e9	0
0.23364800000000002	3.3358131179431533e6	3.1603802949906987e8	0	1.581364793665338e7	1.847077772778291e9	0
0.243536	3.2494794106689375e6	2.908597905426258e8	0	1.5840463501852088e7	1.8752910598869078e9	0
0.25342400000000004	3.1992696389132347e6	2.6678938634707484e8	0	1.5844688983269997e7	1.9000935962513025e9	0
0.26331200000000005	3.177755694640878e6	2.4587501304246253e8	0	1.5826306297606817e7	1.9218131028883963e9	0
0.27320000000000005	3.1776989837260246e6	2.3088506925022706e8	0	1.5786709620395588e7	1.941418007791619e9	0
0.28308800000000006	3.1906696449907646e6	2.289857161623213e8	0	1.5737977941494027e7	1.9624437258700118e9	0
0.29297600000000007	3.216304138173793e6	2.3006701934531453e8	0	1.5664085756928843e7	1.9805405215691721e9	0
0.302864	3.25024727829786e6	2.334340914159657e8	0	1.556171653790776e7	1.9951317520432081e9	0
0.31275200000000003	3.288043568040202e6	2.3843425705391493e8	0	1.5427792766595077e7	2.0056434110549977e9	0
0.32264000000000004	3.3083787501514615e6	2.428465300507476e8	0	1.525954067523908e7	2.0115142798901439e9	0
0.33252800000000005	3.3181154406077443e6	2.468134637729941e8	0	1.5005959750158189e7	2.0030021671225398e9	0
0.34241600000000005	3.322621824280905e6	2.5068119375726175e8	0	1.4709568073987711e7	1.988608794680687e9	0
0.35230400000000006	3.321876545500608e6	2.541359263918963e8	0	1.4398702618119042e7	1.9726463351891875e9	0
0.36219200000000007	3.3158831374626234e6	2.568486085476204e8	0	1.4084237630081812e7	1.9570827115906072e9	0
0.3720800000000001	3.3046699943267256e6	2.5848220727803525e8	0	1.377618947371451e7	1.9438258172282507e9	0
0.3819680000000001	3.287041729433472e6	2.5714652980722427e8	0	1.3499789189114558e7	1.9422100849793286e9	0
0.39185600000000004	3.2637996928487937e6	2.5309329976599872e8	0	1.326287265241742e7	1.9532722762994332e9	0
0.40174400000000005	3.2367102709290925e6	2.486132935334271e8	0	1.3040017124789711e7	1.9674155510824494e9	0
0.41163200000000005	3.2063882415432003e6	2.4413630767393804e8	0	1.2829923822518993e7	1.9832389471567543e9	0
0.42152000000000006	3.1727797155534704e6	2.401678428201067e8	0	1.2631378602852248e7	1.9993025049455273e9	0
0.43140800000000007	3.131538525621877e6	2.3977608855133927e8	0	1.245196120939734e7	2.0131955806656342e9	0
0.4412960000000001	3.089669981650105e6	2.39951726383837e8	0	1.228044747844763e7	2.0192646922360764e9	0
0.4511840000000001	3.048995881187957e6	2.4034680238395983e8	0	1.2113350376646629e7	2.022506827327443e9	0
0.46107200000000004	3.011243710149515e6	2.406128120927302e8	0	1.1947677498753922e7	2.022745172234694e9	0
0.47096000000000005	2.9780584130763602e6	2.4040004696646014e8	0	1.178059696715019e7	2.0198157430579617e9	0
0.48084800000000005	2.951023514253547e6	2.377572815564195e8	0	1.1596536697580494e7	2.0135698772770104e9	0
0.49073600000000006	2.9515299144336013e6	2.3389984477257547e8	0	1.140327526009907e7	2.0017497864598594e9	0
0.5006240000000001	2.955820583734798e6	2.2981257089542776e8	0	1.1211716055440182e7	1.9866775311341472e9	0
0.5105120000000001	2.9579161338410913e6	2.257538560286163e8	0	1.1024379008116232e7	1.9694514454076836e9	0
0.5204000000000001	2.9542489981853664e6	2.2231263332166588e8	0	1.0845679970498683e7	1.9506540355604477e9	0
0.5302880000000001	2.9318138693893114e6	2.202600007611137e8	0	1.0684814075366521e7	1.9307843891594715e9	0
0.5401760000000001	2.8891979555452e6	2.1857990778094992e8	0	1.0531953895762445e7	1.9103917139848125e9	0
0.5500640000000001	2.8402669458778733e6	2.171775162071934e8	0	1.0386383302763611e7	1.890187884941659e9	0
0.5599520000000001	2.7879401455549025e6	2.1596154208099312e8	0	1.0247425757002385e7	1.8707426130455694e9	0
0.5698400000000001	2.73526041639976e6	2.148433053053003e8	0	1.0114440741178272e7	1.855751714754349e9	0
0.579728	2.6923310133472136e6	2.1337012087208006e8	0	1.0000536310231782e7	1.8432055052637687e9	0
0.589616	2.6518900165797477e6	2.118821967377409e8	0	9.892089623976216e6	1.8320573971717863e9	0
0.599504	2.6142316134937443e6	2.1040464855586827e8	0	9.783108906878153e6	1.8218868344407413e9	0
0.609392	2.579635434308117e6	2.0893740397036138e8	0	9.67037961714749e6	1.8122841858348906e9	0
0.61928	2.5483703392069098e6	2.074803911296905e8	0	9.550841582654234e6	1.8028490361517296e9	0
0.6291680000000001	2.5281598562273714e6	2.0606691981111768e8	0	9.421606007994225e6	1.793931450849974e9	0
0.6390560000000001	2.513066254299199e6	2.0467741147098914e8	0	9.260265806408124e6	1.784683123812991e9	0
0.6489440000000001	2.4981681195112686e6	2.0327864683049983e8	0	9.077443044076692e6	1.7740122523199809e9	0
0.6588320000000001	2.481617728045793e6	2.0185945130279657e8	0	8.889646192344302e6	1.761339121556334e9	0
0.6687200000000001	2.4616187085012007e6	2.0040897700112325e8	0	8.70001639875892e6	1.7461070249118922e9	0
0.6786080000000001	2.4283666899717445e6	1.98879639076015e8	0	8.511460816695448e6	1.7256395101728058e9	0
0.6884960000000001	2.378314001959857e6	1.9722230738882938e8	0	8.330461133415639e6	1.697246336938313e9	0
0.6983840000000001	2.3265389752031714e6	1.9555786216653693e8	0	8.162245060244051e6	1.6680705536247945e9	0
0.7082720000000001	2.275565213772931e6	1.939087973811218e8	0	7.9939123595176805e6	1.639475221919303e9	0
0.7181600000000001	2.2277048683737097e6	1.9229685649613413e8	0	7.823770353596474e6	1.6127326514525716e9	0
0.7280480000000001	2.1860787969978065e6	1.9085122044705147e8	0	7.635976116329515e6	1.596734168840411e9	0
0.7379360000000001	2.1621063140012017e6	1.8948512224511316e8	0	7.441839133152571e6	1.5849445070615792e9	0
0.747824	2.14258992017703e6	1.8816617166758636e8	0	7.252750167196072e6	1.5747960415636837e9	0
0.757712	2.126439247579419e6	1.8688287782234985e8	0	7.073870161739997e6	1.5652256680520487e9	0
0.7676000000000001	2.112612967675001e6	1.8562406622848493e8	0	6.92059934603876e6	1.5551976220722692e9	0
0.7774880000000001	2.100258755778112e6	1.8437886134845713e8	0	6.813663607953423e6	1.5403523382142818e9	0
0.7873760000000001	2.088303493301644e6	1.831366756231599e8	0	6.719072629009512e6	1.5206775541103866e9	0
0.7972640000000001	2.0756497833571206e6	1.818872047112653e8	0	6.631628034869267e6	1.4998424533026073e9	0
0.8071520000000001	2.0613080310983474e6	1.8062042864689702e8	0	6.546417042007046e6	1.4782661306536775e9	0
0.8170400000000001	2.0443194774176802e6	1.7932661863251886e8	0	6.458778273661459e6	1.4563478654587379e9	0
0.8269280000000001	2.0212128141825758e6	1.7797459720275247e8	0	6.333285744957531e6	1.435760762605035e9	0
0.8368160000000001	1.9896718765133186e6	1.7649439667252553e8	0	6.202190184670917e6	1.4208455163430812e9	0
0.8467040000000001	1.9563184123037509e6	1.750058342610635e8	0	6.070892010746841e6	1.4047600105234828e9	0
0.8565920000000001	1.922250641674079e6	1.735290894090525e8	0	5.942071613009305e6	1.3864420753876607e9	0
0.8664800000000001	1.8884983349611403e6	1.7208366907399654e8	0	5.818187521443059e6	1.364895712127347e9	0
0.8763680000000001	1.85670557342661e6	1.7117147453411576e8	0	5.707736408563708e6	1.339211532116585e9	0
0.8862560000000002	1.8270261389444475e6	1.7041267183282658e8	0	5.608348984652745e6	1.2975839686389446e9	0
0.896144	1.8000350127086693e6	1.6949809096850052e8	0	5.514824858525217e6	1.2529903984755378e9	0
0.9060320000000001	1.7763550337441985e6	1.6828769360974786e8	0	5.426619817215654e6	1.2099642718638756e9	0
0.9159200000000001	1.7565858088109738e6	1.6664669976474455e8	0	5.344966066350658e6	1.1706467497977061e9	0
0.9258080000000001	1.7488945940204896e6	1.6391370898958686e8	0	5.277716242140345e6	1.1426488187157931e9	0
0.9356960000000001	1.7502684024479215e6	1.5999961002535108e8	0	5.211500961168635e6	1.12892754154291e9	0
0.9455840000000001	1.752919479104012e6	1.5591673953899807e8	0	5.143049010007481e6	1.119976284172104e9	0
0.9554720000000001	1.7547263702612927e6	1.5186440733789384e8	0	5.069264034778909e6	1.1143632205078437e9	0
0.9653600000000001	1.7535606178308749e6	1.480225736305957e8	0	4.987247528685938e6	1.110722625732452e9	0
0.9752480000000001	1.7433336888755702e6	1.4503413437658823e8	0	4.864958201550662e6	1.107107639967548e9	0
0.9851360000000001	1.71659108746251e6	1.4247671527634272e8	0	4.729910085634449e6	1.0963372866915584e9	0
0.9950240000000001	1.6872797285581636e6	1.403626475117788e8	0	4.5947129573391e6	1.0847264811284306e9	0
1.004912	1.6573473750362748e6	1.3871881724989298e8	0	4.463972136343976e6	1.0722972648499595e9	0
1.0148000000000001	1.6286153991301316e6	1.375743757286186e8	0	4.341782023705399e6	1.0590738108609765e9	0
1.024688	1.609160540269057e6	1.3750387373773742e8	0	4.243642115475946e6	1.0450823457838805e9	0
1.0345760000000002	1.5943757559226872e6	1.38191651637453e8	0	4.1713309100378687e6	1.03035106232694e9	0
1.044464	1.5825754056289776e6	1.392052228797304e8	0	4.10923388141606e6	1.0138581483670809e9	0
1.0543520000000002	1.573477329586946e6	1.404132081440615e8	0	4.0557420511505e6	9.969619423732903e8	0
1.06424	1.5668190390413138e6	1.4168078854262954e8	0	4.0093684132437594e6	9.801316086242282e8	0
1.0741280000000002	1.5647585295176303e6	1.4274848238471833e8	0	3.9696100913139014e6	9.636398302918166e8	0
1.084016	1.566511938334618e6	1.433589173565681e8	0	3.939536974345784e6	9.515519548831778e8	0
1.0939040000000002	1.5684669402149299e6	1.4370312406776404e8	0	3.9100560019210796e6	9.447298458490356e8	0
1.103792	1.569381005983696e6	1.4371847535354248e8	0	3.878300923331958e6	9.362860595767617e8	0
1.1136800000000002	1.5680101213015437e6	1.433443229076328e8	0	3.8415016250955346e6	9.243394915566709e8	0
1.1235680000000001	1.5610665885919936e6	1.425235097252506e8	0	3.7842294393423893e6	9.071366783968887e8	0
1.133456	1.5406341940919335e6	1.4073109993209147e8	0	3.7131975421158085e6	8.815765873346467e8	0
1.1433440000000001	1.5163940806393323e6	1.385690149894782e8	0	3.6367114600767265e6	8.372391825731307e8	0
1.153232	1.4892796121853625e6	1.361310220865757e8	0	3.55697808284001e6	7.93102338567773e8	0
1.1631200000000002	1.460189416050366e6	1.335013166443033e8	0	3.4760534301465265e6	7.520874956315626e8	0
1.173008	1.4299738936882894e6	1.307209506817127e8	0	3.39769520486251e6	7.271366640709294e8	0
1.1828960000000002	1.3994266959741954e6	1.2787898389411233e8	0	3.3247729239787273e6	7.182675941080595e8	0
1.192784	1.3669466049057927e6	1.2509281087888685e8	0	3.254157392561632e6	7.147265773767431e8	0
1.2026720000000002	1.3369972188137136e6	1.224408955483743e8	0	3.1863090633403286e6	7.140618080450628e8	0
1.21256	1.3109004660941537e6	1.199950665390647e8	0	3.1216471230495195e6	7.138922682457933e8	0
1.2224480000000002	1.2945911864343977e6	1.1795369113601059e8	0	3.0605761149784047e6	7.118513884244825e8	0
1.232336	1.2904939272509632e6	1.1669771243400319e8	0	3.008979910971096e6	7.016660783238025e8	0
1.2422240000000002	1.2908306960082022e6	1.1572591846483327e8	0	2.9594807758216597e6	6.806518451463609e8	0
1.2521120000000001	1.2935841500988977e6	1.1499963001556084e8	0	2.9110141629017466e6	6.590292947931308e8	0
1.2620000000000002	1.2967440113761083e6	1.1448268077334353e8	0	2.8625830973669644e6	6.37857898971414e8	0
1.2718880000000001	1.2965141471537538e6	1.1414074568131803e8	0	2.8084683649840383e6	6.212449451917475e8	0
1.2817760000000002	1.2796750224080211e6	1.1394394367529666e8	0	2.7496901120212562e6	6.072730516733623e8	0
1.2916640000000001	1.2611206816559508e6	1.1511642814526887e8	0	2.691291391138575e6	5.94668221369408e8	0
1.301552	1.2421628842046063e6	1.1546471784956083e8	0	2.6344318034600276e6	5.83066764967748e8	0
1.3114400000000002	1.2240405875272863e6	1.1515950572560176e8	0	2.5801739185554674e6	5.721342321365359e8	0
1.321328	1.2079219767702126e6	1.143829658608496e8	0	2.5324670924260593e6	5.61982019646529e8	0
1.3312160000000002	1.2030818338935527e6	1.1331999556378837e8	0	2.498873969456864e6	5.523032905392052e8	0
1.341104	1.2027591411921517e6	1.1215223837772854e8	0	2.4668147780851545e6	5.421197944041293e8	0
1.3509920000000002	1.203733659086344e6	1.1105499863695273e8	0	2.434506208764038e6	5.310121065101722e8	0
1.36088	1.2049620246159143e6	1.1019695945359899e8	0	2.400257847892823e6	5.1860201862402797e8	0
1.3707680000000002	1.2053981170186845e6	1.0977697217570738e8	0	2.3624797111987e6	5.0406322053153175e8	0
1.380656	1.2006002006301165e6	1.0966482668385619e8	0	2.3060690299702045e6	4.845670584622412e8	0
1.3905440000000002	1.1905371235081297e6	1.0875202717297187e8	0	2.2468174142041304e6	4.6463556956225735e8	0
1.4004320000000001	1.179957564672024e6	1.071731604711122e8	0	2.18932821508601e6	4.4493287231960934e8	0
1.4103200000000002	1.1696799788252497e6	1.0503878044397056e8	0	2.135892700031133e6	4.260237287788522e8	0
1.4202080000000001	1.160797190399499e6	1.0246240437313369e8	0	2.103062567151327e6	4.101676576723383e8	0
1.4300960000000003	1.1604886646746425e6	9.95558850528916e7	0	2.0967438953934526e6	3.9656003202759326e8	0
1.4399840000000002	1.161430137143248e6	9.642577512427391e7	0	2.0939171820742749e6	3.8421362737495226e8	0
1.4498720000000003	1.16261491267123e6	9.31707152334319e7	0	2.0897485656242985e6	3.7298934457222664e8	0
1.4597600000000002	1.1630336318414751e6	8.987979916086182e7	0	2.0794500620325995e6	3.627634014554841e8	0
1.469648	1.1616765429048182e6	8.714914530891743e7	0	2.0583649654536177e6	3.534251306368909e8	0
1.4795360000000002	1.1539268150201105e6	8.565779738837847e7	0	2.0157418858281379e6	3.454073132088771e8	0
1.489424	1.1418771903141506e6	8.44808478699905e7	0	1.937256287392242e6	3.385254821081625e8	0
1.4993120000000002	1.127108608543727e6	8.35369680161615e7	0	1.8561623618634096e6	3.3186349177558386e8	0
1.5092	1.109804227156074e6	8.275032898669887e7	0	1.7766952551916065e6	3.25171684698461e8	0
1.5190880000000002	1.090159950417507e6	8.204891046671635e7	0	1.7229697780053497e6	3.1822034803202146e8	0
1.5289760000000001	1.0669731990548037e6	8.13162053477784e7	0	1.6908251592045017e6	3.1067381278552204e8	0
1.5388640000000002	1.0404626468973674e6	8.025980967022228e7	0	1.6668980519296897e6	3.017361007723958e8	0
1.5487520000000001	1.0138564985188295e6	7.918488409041855e7	0	1.6482849928010607e6	2.922521799282725e8	0
1.5586400000000002	988100.769298844	7.808922385803936e7	0	1.6322704930475147e6	2.822609321730142e8	0
1.5685280000000001	964047.599528513	7.69708196527916e7	0	1.6162634317537688e6	2.7180721333997077e8	0
1.5784160000000003	938779.2512936506	7.582786413374779e7	0	1.5977763485161774e6	2.6094143518854073e8	0
1.5883040000000002	917379.7867956127	7.471151206486201e7	0	1.5744442422643472e6	2.4854824829135135e8	0
1.5981920000000003	901468.4973546057	7.356017072437017e7	0	1.5314263343981921e6	2.360953621527306e8	0
1.6080800000000002	892509.4883015285	7.23427428800993e7	0	1.4815889596015238e6	2.2424980388257244e8	0
1.617968	892033.6246535021	7.104334503895007e7	0	1.4358055318683842e6	2.1329483579026404e8	0
1.6278560000000002	916160.6124996796	6.957107490295552e7	0	1.3970200822564056e6	2.0396709883371088e8	0
1.637744	956219.829164761	6.78886670703251e7	0	1.3790919399488498e6	1.9658355900633934e8	0
1.6476320000000002	1.0007679262586198e6	6.617998805536015e7	0	1.3677783736934706e6	1.9001867919853923e8	0
1.65752	1.0455500728652165e6	6.449063996142434e7	0	1.3606251031409677e6	1.8408940926136974e8	0
1.6674080000000002	1.0778751726149735e6	6.286183487870177e7	0	1.3552822575035421e6	1.786348135826124e8	0
1.6772960000000001	1.0715766339172595e6	6.1648652946555115e7	0	1.3494532579221919e6	1.713471618096094e8	0
1.6871840000000002	1.053767011159769e6	6.055419268600399e7	0	1.3337758669335647e6	1.6427048054234934e8	0
1.6970720000000001	1.0275128905939203e6	5.951694561506231e7	0	1.3133562687754915e6	1.5783999033691475e8	0
1.7069600000000003	995877.6738387718	5.8503211129704155e7	0	1.291262821719717e6	1.5227796217359844e8	0
1.7168480000000002	961735.1078811261	5.748152583407879e7	0	1.267878164948743e6	1.4777710235319394e8	0
1.7267360000000003	927797.4418496633	5.64226199124827e7	0	1.2432745013790326e6	1.445156575561935e8	0
1.7366240000000002	904263.1813452416	5.51005252848424e7	0	1.2174423677813774e6	1.42675010601656e8	0
1.7465120000000003	881416.2935547992	5.369543033191373e7	0	1.191635501293641e6	1.4261475649581373e8	0
1.7564000000000002	859410.6464985537	5.233303847103772e7	0	1.1663760834982917e6	1.395427080390874e8	0
1.766288	838383.4430201374	5.104478449565204e7	0	1.1421428959307533e6	1.3380965011605969e8	0
1.7761760000000002	816095.4143051315	4.9912640641204834e7	0	1.1193746250134206e6	1.2638305136142081e8	0
1.786064	793815.7815345397	4.9030688165534504e7	0	1.1017291520643143e6	1.1816663235185418e8	0
1.7959520000000002	774262.7906817931	4.821996261108204e7	0	1.0856888343601301e6	1.1001323308412938e8	0
1.8058400000000001	758369.423414075	4.7449864423091434e7	0	1.0707700536577983e6	1.024130602073138e8	0
1.8157280000000002	747017.7196281941	4.6691744020330824e7	0	1.0566737329878518e6	9.562615067899397e7	0
1.8256160000000001	744316.8525467968	4.5845116475968234e7	0	1.0431169229759654e6	9.103028628601645e7	0
1.8355040000000002	755561.5936484374	4.4958134912102744e7	0	1.029466753622565e6	8.769007265383351e7	0
1.8453920000000001	769583.9886271997	4.404435044131088e7	0	1.0156923650982598e6	8.503529695389928e7	0
1.8552800000000003	784328.9110262002	4.3102225978232935e7	0	1.0019039619400862e6	8.276872203256837e7	0
1.8651680000000002	797587.6074731204	4.213059627253429e7	0	987986.1173073914	8.018259395173019e7	0
1.8750560000000003	797047.3057224813	4.108393183645192e7	0	973830.1818398123	7.683744556071098e7	0
1.8849440000000002	789910.3832285822	3.997448407323018e7	0	960620.6551672607	7.344103679648231e7	0
1.8948320000000003	779091.443274967	3.886578302477974e7	0	950129.5982783257	7.002224472644505e7	0
1.9047200000000002	765506.5127558425	3.7773606158006065e7	0	938193.7803367428	6.660746292927881e7	0
1.9146080000000003	750053.3321273242	3.671205791159945e7	0	923956.2803167639	6.322046299575592e7	0
1.9244960000000002	734464.210881085	3.56991093460277e7	0	906629.5271356943	5.984987137110437e7	0
1.934384	719258.2810101007	3.476244351563027e7	0	885519.7588060885	5.642514620139148e7	0
1.9442720000000002	703966.2498343932	3.387700815808665e7	0	859634.5398893044	5.3166775577625394e7	0
1.9541600000000001	688948.490670911	3.3044944391383518e7	0	823697.2101260663	5.011043180866329e7	0
1.9640480000000002	674535.5247470655	3.2268116254300028e7	0	789611.329724275	4.7282256802386194e7	0
1.9739360000000001	660587.1964325543	3.160233272989223e7	0	762078.4934302925	4.509566213355256e7	0
1.9838240000000003	646142.8498491155	3.1009374163049243e7	0	744770.7023475715	4.32760243635586e7	0
1.9937120000000002	633782.6752879405	3.0456503006805286e7	0	732494.9244156338	4.160311510576518e7	0
2.0036	624171.0818517318	2.993145374389669e7	0	724089.4047906474	4.001097969609618e7	0
2.013488	617954.3787261503	2.942279240614087e7	0	718508.1246634996	3.844291382586288e7	0
2.0233760000000003	615795.7739569085	2.8919836356097292e7	0	714734.7569041795	3.6850732449517235e7	0
2.033264	627065.489614627	2.8450862279019065e7	0	711008.6357776314	3.519472697327228e7	0
2.043152	643702.0162293679	2.7992714970570914e7	0	707493.1440339251	3.3209351634962857e7	0
2.05304	663250.8230351033	2.7486022679121956e7	0	703484.473368959	3.1150736254011553e7	0
2.062928	684420.8484670436	2.691119058344274e7	0	698295.5149017049	2.9238144632052626e7	0
2.072816	705752.968390275	2.6250942425201684e7	0	691264.0608148503	2.753196078398045e7	0
2.082704	728005.5877112981	2.545447351595011e7	0	678331.2010996154	2.6365748514740925e7	0
2.092592	748549.9810773005	2.44333702262486e7	0	662291.115554719	2.5336736190262042e7	0
2.10248	762466.3302702804	2.3411707803534534e7	0	645403.9437159448	2.4368785106266513e7	0
2.112368	766670.93199746	2.2430335066936783e7	0	628323.6024085283	2.3396709063335635e7	0
2.122256	758333.8975981957	2.161046133123386e7	0	612115.1201909967	2.2365489217965875e7	0
2.132144	729387.597877517	2.0931270859308366e7	0	598094.2903946872	2.0944706678613212e7	0
2.142032	672491.009265992	2.0331457065192003e7	0	584979.4563221865	1.9429216259972617e7	0
2.15192	616003.8227593664	1.9799772920535732e7	0	572810.5682720126	1.7982675014688257e7	0
2.161808	564924.3777952911	1.9326275588553287e7	0	561624.3380402831	1.6643850944672752e7	0
2.171696	535508.8062773976	1.8935196295508545e7	0	551455.3420738934	1.5520810640995432e7	0
2.181584	520850.3796308031	1.8655819263155628e7	0	550162.6864816799	1.4717075300221546e7	0
2.191472	512933.46412478265	1.838794497933702e7	0	550474.4451110489	1.4013124128614567e7	0
2.20136	509886.58088309335	1.810727458561655e7	0	550636.4822539442	1.337929011602701e7	0
2.211248	510050.8208790504	1.779101260293319e7	0	549569.81157877	1.2790694248493498e7	0
2.221136	508580.51953486644	1.7418173062048595e7	0	546209.310779436	1.2226338289615968e7	0
2.231024	501948.69752491947	1.6954378921560336e7	0	539537.8919346696	1.1663557009937853e7	0
2.240912	495608.60022779007	1.6274975079870649e7	0	528639.6104219914	1.104971052570842e7	0
2.2508	489581.71449631854	1.5595859070417287e7	0	512767.6613542924	1.0440868998276293e7	0
2.260688	483888.5623461538	1.4943398747794176e7	0	484598.67556373903	9.836415753832081e6	0
2.270576	478548.87380911165	1.4399237805649599e7	0	457929.5650485915	9.236346417309823e6	0
2.280464	473818.50568411616	1.3972673349891325e7	0	436661.1708983096	8.603519893079752e6	0
2.290352	470489.10122892144	1.3605374967384387e7	0	425001.56515141483	7.982061030923321e6	0
2.30024	466996.64162774396	1.3288135990906682e7	0	417452.33231242595	7.412742819997856e6	0
2.310128	463060.72658662085	1.301282783802519e7	0	412624.85848781327	6.91496772360358e6	0
2.320016	458411.4985601986	1.2772176389826847e7	0	409258.53515464405	6.5631280238048015e6	0
2.329904	450566.94935395196	1.2567590110903034e7	0	403052.87004428374	6.276189601861079e6	0
2.339792	441134.0042547143	1.2399181731682502e7	0	396181.3311569772	6.042437341622016e6	0
2.34968	431459.4997746678	1.2239306567521142e7	0	389551.2830870648	5.852287303091562e6	0
2.359568	422029.9312042438	1.207856670325967e7	0	383222.6890996876	5.697744424872151e6	0
2.369456	413290.679737973	1.1908054772776002e7	0	377578.4919404995	5.571993426605364e6	0
2.379344	406962.6709098131	1.1719392750563532e7	0	372951.274890625	5.584692011752874e6	0
2.3892320000000002	403417.1349760998	1.1470144884499842e7	0	368612.7730775217	5.601153741051444e6	0
2.39912	400290.01464059594	1.1201318073250577e7	0	364424.44541731366	5.574549588293035e6	0
2.409008	397195.01507053676	1.0915858654059025e7	0	360254.04154189315	5.4764024508475885e6	0
2.418896	393758.0136858859	1.061627124561374e7	0	355975.29797544156	5.282426614407605e6	0
2.428784	386080.38144700805	1.0289045712730663e7	0	351378.2281140545	4.872550880356882e6	0
2.438672	378512.19877868047	9.94555413588484e6	0	345868.95348194503	4.347823349000508e6	0
2.44856	371889.43581078504	9.60960485407531e6	0	340210.2041687646	3.8555939861816787e6	0
2.458448	366916.35702925205	9.290102197217474e6	0	334452.146489159	3.4244487817434063e6	0
2.468336	368363.6632655054	9.00200351639514e6	0	328642.25936365314	3.214964486117972e6	0
2.478224	375763.8622089912	8.803926210590925e6	0	322856.4060320371	3.0669725937178363e6	0
2.488112	384796.1623441594	8.632560904629894e6	0	317117.7943523216	2.9608909966962724e6	0
2.498	394338.4693258403	8.481019700262258e6	0	311441.13531467825	2.8814476475851303e6	0
2.507888	403158.15929162415	8.342971863428644e6	0	305853.9845480999	2.8156055842131423e6	0
2.517776	407940.65111789724	8.212528581956407e6	0	300381.9056920205	2.7517099464343595e6	0
2.527664	403101.8691066339	8.084171897635157e6	0	295048.56047656684	2.616696684183322e6	0
2.5375520000000003	395863.6861533516	7.919039795947427e6	0	289889.5187787047	2.467215390861428e6	0
2.54744	386899.86723283766	7.7514244947318e6	0	284921.83564640826	2.326827073956924e6	0
2.557328	376862.21773235244	7.587711099531883e6	0	280139.12221329776	2.1988669457022464e6	0
2.567216	366358.9109688089	7.429724763262907e6	0	275552.7877934658	2.0858642033811423e6	0
2.577104	357196.60536439874	7.279134418581086e6	0	271173.3942245862	2.0137926768094087e6	0
2.586992	348240.96398101206	7.150326751113436e6	0	266925.79170789354	1.9822428610485862e6	0
2.59688	339473.88824759185	7.036589197232349e6	0	262920.9809485306	1.9530094291731273e6	0
2.606768	331006.1251500747	6.92313717977509e6	0	259188.49680456033	1.918542367042491e6	0
2.616656	323090.871498429	6.806061911694276e6	0	255755.8134011058	1.8718551068405854e6	0
2.626544	315801.6387174345	6.679419440196144e6	0	252649.33245505235	1.800504873475936e6	0
2.636432	308976.2841402029	6.527416101643926e6	0	250758.8142315989	1.6730454355120666e6	0
2.6463200000000002	302619.1083383984	6.368809337727538e6	0	249506.97348964712	1.5504301006900622e6	0
2.656208	296734.0219792249	6.205980630106761e6	0	248183.42413295983	1.4405874196067315e6	0
2.666096	291397.3054392835	6.0411365808329545e6	0	246547.49697799693	1.3700177725406988e6	0
2.675984	286899.28869292914	5.866472881880585e6	0	244365.73214933707	1.3345937082953425e6	0
2.6858720000000003	282762.22367514984	5.691223305945495e6	0	240494.24524887287	1.3139068833690009e6	0
2.69576	278903.3148479894	5.524908503394609e6	0	233960.49625493016	1.3035282261763755e6	0
2.705648	275244.5500247157	5.371862712554377e6	0	227182.09797118648	1.2994642112013572e6	0
2.715536	271712.0754151696	5.235938256837696e6	0	220537.23299566683	1.2939727842608993e6	0
2.725424	268235.7773953684	5.137164679381772e6	0	214362.34393977982	1.274902007928204e6	0
2.735312	264749.0524931669	5.08789856966667e6	0	208956.72368985455	1.2528991025411894e6	0
2.7452	261188.74939578073	5.051887015306825e6	0	206913.9896553826	1.227008457415605e6	0
2.755088	257495.26780126325	5.023631203601663e6	0	205351.1267000992	1.1963980991826335e6	0
2.764976	253612.79881786078	4.997807383246436e6	0	203879.43824424664	1.1603930197987193e6	0
2.774864	249041.6279685106	4.968432906000534e6	0	202176.28117583678	1.1185110302776801e6	0
2.784752	243884.2012326175	4.901100134218733e6	0	198926.92224849676	1.0690639536222736e6	0
2.7946400000000002	238698.47820518722	4.825844541472505e6	0	194147.86487920533	1.0065131855181283e6	0
2.804528	233606.59871820835	4.743554027280495e6	0	188912.4209945134	942787.1284525857	0
2.814416	228720.5821183068	4.655113919717158e6	0	183409.3961303011	879447.8098914174	0
2.824304	224205.2990880752	4.561397078650721e6	0	177811.62597302892	817772.6979213753	0
2.8341920000000003	220319.16051954133	4.463255177740908e6	0	171906.50075489073	754655.3757078252	0
2.84408	216837.51640125277	4.364680756254885e6	0	164842.27614045757	695063.9354862309	0
2.853968	213785.6746554444	4.262684875057177e6	0	158660.76479633612	642672.0681394594	0
2.863856	211188.88444536208	4.1563816130573135e6	0	153765.13671059496	598580.1725855573	0
2.8737440000000003	209073.04759979434	4.045781433450193e6	0	150520.74695069558	565436.1820269406	0
2.883632	210627.81319372932	3.923146838724226e6	0	149295.85765678697	546413.1338389213	0
2.89352	212786.9043172333	3.7864174274416757e6	0	152414.0812742688	534621.7915738529	0
2.903408	214494.88976171584	3.6552827144607e6	0	156931.77696831487	529264.3483820482	0
2.913296	215109.9366897608	3.5349605992370336e6	0	161335.4252493498	529799.5001017393	0
2.923184	213995.21269096126	3.4299822428533304e6	0	163151.15564420927	551291.643846912	0
2.933072	210560.2072022167	3.370222092392043e6	0	163887.30636675967	581905.8660647804	0
2.9429600000000002	203094.76344438177	3.3304142315449207e6	0	163689.6002942572	614288.2541698262	0
2.952848	194648.52549108528	3.3060218364106966e6	0	162720.89658168363	643372.0656346582	0
2.962736	189756.45967174653	3.294866078826068e6	0	161152.81625884376	663200.837121886	0
2.972624	187177.76917126527	3.294968415073488e6	0	160387.46140788257	667487.5501341409	0
2.9825120000000003	186099.42112355452	3.310699901416885e6	0	159303.04148595055	621225.0368519179	0
2.9924	185997.32137560306	3.3370316358335554e6	0	157526.82723251835	548748.1233284384	0
3.002288	186370.48037963538	3.36578216010487e6	0	154930.14488494257	480353.57492237695	0
3.012176	186721.43725995312	3.3928267488914635e6	0	151405.76419729082	420766.78768884536	0
3.0220640000000003	184886.77129456322	3.4139109477009387e6	0	145843.9625719508	375303.9426488389	0
3.031952	181997.02043202246	3.4143977379847234e6	0	138580.93345500898	355486.7527420232	0
3.04184	178920.14215121165	3.375341578463728e6	0	131036.94186480291	343277.56178016367	0
3.051728	175723.77116537874	3.328391403795718e6	0	123540.96182259308	337089.8557538621	0
3.061616	172520.5647908004	3.2775966238962486e6	0	116360.8520314472	335753.6869455164	0
3.071504	169456.41022065099	3.226803141218606e6	0	109859.39025538073	338350.8783469486	0
3.081392	166419.1268195014	3.179630836320963e6	0	104685.4354886613	345689.90518364083	0
3.0912800000000002	163423.92836784374	3.1654484754724842e6	0	100045.28735880734	355285.45215293346	0
3.101168	160484.9407398503	3.159670658374827e6	0	95912.40154683914	365462.7173273828	0
3.111056	157615.24589788454	3.159193329673775e6	0	92262.90349951656	374738.282975838	0
3.120944	154832.35045185382	3.162574799722068e6	0	89075.88749736	376622.3974082931	0
3.1308320000000003	152219.84049279583	3.1683855326552903e6	0	86497.18299927404	367438.05842903524	0
3.14072	149674.13455397094	3.175193873234338e6	0	84339.11648308557	356247.09931672865	0
3.150608	147186.7291213057	3.1844988992217686e6	0	82521.28233398913	344710.09615144605	0
3.160496	144749.61804881637	3.1918888193287966e6	0	81003.9619862771	334301.5573941158	0
3.1703840000000003	142355.26704807294	3.193730278125235e6	0	79752.34491093554	327505.2476886377	0
3.180272	139996.59221361674	3.1876171208854225e6	0	78422.97364837103	342195.1973093675	0
3.19016	137666.94220329076	3.16523111474915e6	0	77060.11751712959	358123.94665422535	0
3.2000480000000002	135360.08371774617	3.1177450811861563e6	0	76085.57743762566	372269.486709683	0
3.209936	132990.42395741105	3.0644020441164305e6	0	75595.6322855069	381159.6916421307	0
3.219824	130297.9519203434	3.0093708916255916e6	0	75691.6777319377	381191.10915580706	0
3.229712	127679.48862963014	2.9565510895552146e6	0	76694.49345257359	343309.28825078905	0
3.2396000000000003	125211.68776556956	2.9062657233092827e6	0	79545.03548163445	293603.6924834064	0
3.249488	122965.32372039497	2.865733785894497e6	0	82976.94078715533	248217.6726056163	0
3.259376	121006.40581011324	2.8400217943725493e6	0	86801.63648115646	210170.5926149789	0
3.269264	119397.66812889035	2.833561416905585e6	0	90793.60780255764	180572.7031245668	0
3.2791520000000003	119733.04269175645	2.8831657715615653e6	0	92982.3494357378	166660.83558671342	0
3.28904	120178.5181145692	3.0022296408603652e6	0	94047.24936663937	169318.38743439366	0
3.298928	120484.21049789357	3.125879344854053e6	0	94853.38111980139	175717.96933089106	0
3.308816	120421.77189894833	3.2321776740285275e6	0	95629.95798840752	184408.65056265684	0
3.3187040000000003	119765.73794379756	3.296504401345654e6	0	96614.6176063423	193736.31935432277	0
3.328592	117197.56766549163	3.1715557444697917e6	0	98055.67513193518	200570.486001331	0
3.33848	113536.92569900496	3.000420054089986e6	0	101806.78059040829	190567.08455995476	0
3.3483680000000002	109633.77776079492	2.811483233234341e6	0	107367.27989270502	178890.44467205537	0
3.358256	105717.9088581828	2.6243273653765903e6	0	112044.99100375881	166892.78611976857	0
3.368144	102126.1118420242	2.4886769590899935e6	0	114891.24133496644	155651.005453885	0
3.378032	99266.85490952102	2.403821477580554e6	0	111506.50674599597	145976.52369085673	0
3.3879200000000003	96684.89085967952	2.3337024964183676e6	0	105406.46886922402	139721.45813758345	0
3.397808	94373.62295149616	2.274928275603962e6	0	97835.11879123011	135772.8830712756	0
3.407696	92327.5038457095	2.2245296964345034e6	0	89654.30665124927	133708.39324916707	0
3.417584	90792.90783513566	2.1759080390574452e6	0	82926.66924703888	134389.13583806166	0
3.4274720000000003	89553.21783254037	2.1158939097106922e6	0	78238.35251345231	140558.03443628683	0
3.43736	88484.34911132799	2.0626645926867393e6	0	74093.5132398694	148950.13855656306	0
3.447248	87526.70701392171	2.0177755290167416e6	0	70462.76280837513	158807.00368705578	0
3.457136	86623.64437714992	1.982689645394859e6	0	67319.69010687766	169157.663473699	0
3.4670240000000003	85720.93797623426	1.9588555687042496e6	0	64641.50830383706	178754.4126662202	0
3.476912	84418.34375233988	1.9679645978290583e6	0	62409.65182121501	175608.95187679367	0
3.4868	82845.48770751072	1.9906728506345747e6	0	60610.367178568624	168409.62373118728	0
3.4966880000000002	81284.40474950457	2.0208753334640115e6	0	59235.344614494374	159898.0041736685	0
3.506576	79773.15531266254	2.0556158679426357e6	0	58653.426180523384	151074.66413163694	0
3.516464	78346.98916905592	2.0917655216902408e6	0	58584.21954865346	142767.46990034034	0
3.526352	77038.65357708897	2.1153521958226105e6	0	58636.313420500264	135635.22568043153	0
3.5362400000000003	75974.99052497263	2.125072762221455e6	0	58729.12134544643	132392.98176703288	0
3.546128	75163.1612573949	2.1298891387637584e6	0	58800.25321801541	131052.21971723576	0
3.556016	74396.0055036101	2.129945848741085e6	0	58865.23370330117	129858.31168454229	0
3.565904	73638.1487971928	2.1254201275538504e6	0	58678.96705518367	128398.00357631885	0
3.5757920000000003	72596.15707121638	2.1165180360066216e6	0	58120.60130467963	125726.27099374284	0
3.58568	71482.73858081267	2.1025616153619755e6	0	57079.73231862481	122385.079401735	0
3.595568	70403.68349449917	2.0829682346670432e6	0	54762.05920409331	118339.14567223027	0
3.605456	69415.33730819986	2.060378427013977e6	0	51761.075154111015	113576.56834559274	0
3.6153440000000003	68571.01221887577	2.035492203551803e6	0	48676.624154503144	108111.58974309702	0
3.625232	68390.56720313872	2.008989493160923e6	0	45713.13580301632	99588.31575221261	0
3.63512	68704.24786161198	1.9815239740857054e6	0	43219.687335871415	90641.99525611673	0
3.6450080000000002	68889.39596364142	1.9527639825426927e6	0	41690.63596895014	82603.42538128726	0
3.6548960000000004	68764.90299076334	1.919059381094462e6	0	40429.040459314754	75819.86726169818	0
3.664784	68034.00090152855	1.8939612767317013e6	0	39371.9053111339	70510.3998342117	0
3.674672	65595.13057457103	1.8907046730989385e6	0	38464.27792053659	68957.49597514313	0
3.6845600000000003	62867.332007535784	1.9155890674744167e6	0	37657.10763329948	71477.13392450317	0
3.694448	60087.779476776406	1.95171780980946e6	0	36848.70005864187	74757.17768345015	0
3.704336	57458.57259783936	1.9925026208111902e6	0	36083.377020472406	78164.65016243016	0
3.714224	55789.82821567202	2.0308561190957052e6	0	35351.41366231689	80948.94790873016	0
3.7241120000000003	54776.25135210979	2.0218547734497215e6	0	34598.98351377181	81613.56429192191	0
3.734	54001.9311889002	2.0016587161971033e6	0	33770.89030461088	75549.26076125224	0
3.743888	53392.426881123916	1.9727446701894526e6	0	32948.502795329376	69139.54595933914	0
3.7537760000000002	52878.253962374685	1.9375361147764286e6	0	32145.63855272762	63130.294584718	0
3.7636640000000003	52256.752398480785	1.8983842555247888e6	0	31374.78952662301	58043.107554499824	0
3.773552	51356.324079430386	1.8635948801768671e6	0	30647.22594000111	59736.25103930064	0
3.78344	50445.463724584675	1.8311975850253915e6	0	29977.62979461563	66290.22108829989	0
3.7933280000000003	49533.86153678634	1.7985429691477746e6	0	29402.47227628186	74590.12461839218	0
3.8032160000000004	48630.56755741967	1.76596929687501e6	0	28882.43495511235	83652.68367702927	0
3.813104	47743.99782433315	1.7337920427865337e6	0	28418.00170556089	91916.06483969193	0
3.822992	46855.70446253353	1.702304295350939e6	0	28009.762394851776	97266.2753398761	0
3.8328800000000003	45859.11307128439	1.6712343524092876e6	0	27737.647208797036	97440.33880836799	0
3.842768	44978.262181380924	1.6409889006866508e6	0	27539.03415858717	83022.116022375	0
3.852656	44255.39324923206	1.6127553127213907e6	0	27337.16211546593	64222.4933715236	0
3.862544	43730.950761151325	1.5869783033406935e6	0	27098.513193759543	50098.04404388392	0
3.8724320000000003	43737.162515830954	1.5641337957095106e6	0	26747.800662968802	40458.7550855133	0
3.88232	44062.137774488576	1.5489565699483133e6	0	26145.851525176648	39972.104207455755	0
3.892208	44498.995165570326	1.5365675399212074e6	0	25471.4071488722	42074.41302336573	0
3.9020960000000002	44965.58840379523	1.526293493534572e6	0	24747.745675108883	46256.635171691305	0
3.9119840000000003	45253.400279742855	1.5174882927350677e6	0	23996.507274177227	52071.88321974556	0
3.921872	45058.12955975406	1.5095255091059483e6	0	23237.383846705525	58841.55802392241	0
3.93176	44699.9006180537	1.4975386192784095e6	0	22537.090654869888	59463.41207594417	0
3.9416480000000003	44194.53843254389	1.4841738473272123e6	0	21860.26150265025	56583.40381223973	0
3.9515360000000004	43558.858018299274	1.4721497039854934e6	0	21204.21538796878	53566.581377536146	0
3.961424	42810.21384464032	1.4621559788219312e6	0	20573.088661379188	50967.77151731714	0
3.971312	41963.342412787155	1.4548694664021516e6	0	19970.471032422705	49240.8394653881	0
3.9812000000000003	41003.69797061474	1.4557881008427434e6	0	19399.46364838284	49838.30363115938	0
3.991088	39999.28169384368	1.4684935154959501e6	0	18828.725991168656	53481.033334159874	0
4.0009760000000005	38973.77041698682	1.4822099637059548e6	0	18291.32444899307	57836.20586321244	0
4.010864000000001	37948.84538397774	1.4947351070732414e6	0	17820.09893943409	62444.08480405279	0
4.020752000000001	36967.50194352991	1.5037946556237212e6	0	17425.93949827902	63258.65842478711	0
4.03064	36029.173667748735	1.5064908164450042e6	0	17177.460682469908	61965.38447700795	0
4.040528	35125.114695961354	1.4817556435655905e6	0	17269.904251652144	59825.77793419936	0
4.050416	34260.18389071002	1.4546105868037972e6	0	17434.538967495664	57348.016441404354	0
4.060304	33453.06607338258	1.428371884276642e6	0	17623.280509509008	54981.94440091351	0
4.0701920000000005	32747.47654170534	1.4061271026352015e6	0	17786.273505736222	53109.747969103075	0
4.080080000000001	32073.863822931984	1.4031286051392104e6	0	17871.922895492593	53841.665865871	0
4.089968	31419.392077421067	1.4168939626309043e6	0	17828.379854516184	56366.73920734121	0
4.099856	30772.221921124965	1.4369234435503797e6	0	17369.102471526334	59066.82303113976	0
4.109744	30121.46154116527	1.4611784034793756e6	0	16835.971961389463	61599.68362485887	0
4.119632	29362.736476544065	1.4875210380521412e6	0	16272.473050225413	63448.0627658441	0
4.12952	28606.071128483763	1.5123163752509204e6	0	15753.24287546262	63612.41479351111	0
4.139408	27883.031268102506	1.5311713228077623e6	0	15319.567765688314	62554.93509896932	0
4.1492960000000005	27209.169626443814	1.546842811415276e6	0	14904.262448323234	60183.02644163454	0
4.159184	26636.259045240193	1.5581638495741724e6	0	14500.191824698702	56503.55707423692	0
4.169072	26178.779447768105	1.5639680922748328e6	0	14100.942229486242	51637.2902624318	0
4.17896	25783.333357948388	1.5572432570633136e6	0	13695.385977339032	43029.70831467131	0
4.188848	25442.977584361604	1.542555606252743e6	0	13222.756674843897	35005.64409973019	0
4.198736	25151.373467520232	1.5221374111589594e6	0	12768.802237824026	28739.726255324647	0
4.208624	24921.406297576184	1.4969446115423182e6	0	12344.68967688435	24248.77980603376	0
4.2185120000000005	24854.123373960116	1.4679343019976418e6	0	11960.063677237593	22570.598933178037	0
4.228400000000001	24795.944170905885	1.4360715085928189e6	0	11701.14314948287	24260.880969263417	0
4.238288	24716.180155001166	1.4022360734465034e6	0	11537.721943946848	27244.027429893144	0
4.248176	24584.578284711235	1.3672150268164196e6	0	11407.447515926757	31421.843044415335	0
4.258064	24371.770998937252	1.331767160464897e6	0	11294.65854639763	36591.64645314727	0
4.267952	24050.08058621679	1.2964759297145454e6	0	11184.421599418314	42134.31789725372	0
4.27784	23423.347654019963	1.2599314719014645e6	0	11062.399300590972	43986.92641647053	0
4.287728	22701.800853759905	1.2251674474375737e6	0	10866.261664050375	44848.20477891973	0
4.2976160000000005	21924.59059210822	1.1931063775631988e6	0	10583.404475847494	44658.106768788995	0
4.307504	21112.88963674286	1.1645743303379465e6	0	10307.824747645602	43429.95201540723	0
4.317392	20264.800811450084	1.1403251994218423e6	0	10051.764007012463	41248.882654962385	0
4.32728	19405.33552894532	1.121070249235297e6	0	9826.26329045304	39254.02054050336	0
4.337168	18583.4117305798	1.1141480175297984e6	0	9683.232212498671	36652.37172193488	0
4.347056	17820.73964374265	1.112405654965289e6	0	9578.822960457139	32986.45636491057	0
4.356944	17140.634228679508	1.1133959781326335e6	0	9507.364449745955	28396.129156613024	0
4.3668320000000005	16637.011583150022	1.1161827246084905e6	0	9466.11060869235	23203.140893450785	0
4.376720000000001	16217.104511929372	1.119625590292836e6	0	9492.52942168726	17037.819762705552	0
4.386608	15874.12528953383	1.1226930184282907e6	0	9584.500033545524	11078.71485019547	0
4.396496	15602.482715293143	1.1248745644191483e6	0	9685.878132093867	7044.1571585062275	0
4.406384	15397.632903284355	1.1253478215105983e6	0	9777.34517277926	4484.043744563857	0
4.416272	15316.828386903253	1.1232949072465524e6	0	9838.880558714663	2925.8271166914037	0
4.42616	15304.875234370922	1.1174390968689406e6	0	9850.167306617856	2166.357231087732	0
4.436048	15320.501548504753	1.1010639942428803e6	0	9745.136225336837	1707.111556832639	0
4.4459360000000006	15344.770054908513	1.082711882056031e6	0	9457.993581284489	1429.645206872412	0
4.455824	15358.682715186002	1.0635802478749352e6	0	9143.386154515725	1275.8214474711601	0
4.465712	15306.736768094046	1.0447924309103109e6	0	8821.113371643585	1216.4870667476312	0
4.4756	15164.717849270037	1.0338793801518384e6	0	8508.625123115948	1348.860304709644	0
4.485488	14983.919117841637	1.0288407043608377e6	0	8299.06766797596	1684.4533277650091	0
4.495376	14765.381358558378	1.0247225198013197e6	0	8127.543707995319	2218.258565818024	0
4.505264	14510.449854512788	1.0203721531498339e6	0	7967.529521544157	3026.03649329435	0
4.5151520000000005	14206.70678717628	1.0146573046517462e6	0	7810.441712589815	4200.418825159136	0
4.525040000000001	13748.326907233695	1.006474885325382e6	0	7648.358636640166	5827.94043342273	0
4.534928	13286.788671400822	990308.4413749088	0	7435.212678439367	7939.429879613394	0
4.544816	12846.269472944437	965448.3683590203	0	7173.604587594611	10171.660865421554	0
4.554704	12447.838068074872	940406.9354759958	0	6915.982604741187	12276.105923897576	0
4.564592	12109.990788923633	916490.4890868186	0	6670.954255577246	14268.951174665423	0
4.57448	11849.492626596342	894875.5452907222	0	6445.9189300333055	15890.53131035615	0
4.584368	11813.450697182681	882832.3123335461	0	6255.014615995005	15584.439589166963	0
4.594256000000001	11822.644476224066	874145.9708622716	0	6134.607365990422	14587.828632830879	0
4.604144000000001	11832.54143269713	868073.9746966079	0	6031.002844140866	13330.432765319207	0
4.614032	11792.192043623003	864144.5013326769	0	5938.039609552331	12129.648712295795	0
4.62392	11659.647153573105	861911.5238255566	0	5849.9737776773045	11209.82474181507	0
4.633808	11481.30503337319	861374.7498226617	0	5760.802398563312	12129.26959763932	0
4.643696	11260.465850775128	861775.9266245739	0	5665.907848640978	14236.496837441544	0
4.653584	11000.818200668271	862260.9351797745	0	5561.036025666065	16323.656394583533	0
4.6634720000000005	10664.470061779852	862233.5983475108	0	5442.074183736187	17724.613873667073	0
4.673360000000001	10309.158906354134	860347.5246050289	0	5305.406040141501	16609.85915352698	0
4.683248	9955.884829218403	853634.449881088	0	5125.949316174586	10827.727022767423	0
4.693136	9619.375086749615	845205.9538657728	0	4892.401075696107	6541.411304183432	0
4.703024	9405.300617939827	835338.1669931174	0	4655.617487779189	3844.772308944264	0
4.712912	9332.445140258136	824304.8102792026	0	4424.472299954363	2308.006368539447	0
4.7228	9284.492390974961	812373.3056941152	0	4206.259680691718	1485.5004516031647	0
4.7326880000000005	9239.483327788896	799801.7016892517	0	4007.445476672151	1457.42702600344	0
4.742576000000001	9175.946189087588	787951.1966524693	0	3856.216309990304	1659.456602369211	0
4.752464000000001	9073.075572418138	775506.5554893282	0	3721.8108027444887	2034.0046007917194	0
4.762352	8911.391929571544	762414.5198871961	0	3602.443239316496	2611.354198661479	0
4.77224	8589.276740929432	748654.7929376645	0	3496.5581932172304	3416.8689605410304	0
4.782128	8102.181202059828	731901.9981793268	0	3407.9003933017266	4231.75497415177	0
4.792016	7624.657401673695	712699.0983399928	0	3332.9343409056637	4943.403224388087	0
4.801904	7177.314369215802	693826.3061244788	0	3264.7969359079525	5652.246193189606	0
4.8117920000000005	6776.057477024309	676070.0890675462	0	3200.671155774471	6296.258531405217	0
4.821680000000001	6473.328818905508	660137.2227841902	0	3137.9593903453138	6821.561401463511	0
4.831568	6224.578774488397	646671.0103896409	0	3071.5173047200506	7344.326565852602	0
4.841456	6026.158687471855	638120.6868540514	0	2994.01224749342	7587.394212579882	0
4.851344	5877.091482133396	636119.0534368261	0	2914.765197616795	7443.529401197208	0
4.861232	5812.68474471016	635956.2228089848	0	2834.1140439064316	6862.523810584504	0
4.87112	5825.016031428795	637092.2170214778	0	2752.3848583928457	5884.107856286185	0
4.8810080000000005	5869.025034350846	638993.8276465586	0	2669.8904148480024	4643.466287532187	0
4.890896000000001	5931.269842506431	640429.704976258	0	2561.4748835703717	3337.6591833016037	0
4.900784000000001	5998.003145000646	641575.293393187	0	2460.5065018451664	1905.2977454021022	0
4.910672	6054.905698192272	642180.8637156964	0	2376.5135308999547	1114.3857789266149	0
4.92056	6087.152306303124	641903.0788516412	0	2314.990810001064	700.2233195766346	0
4.930448	6079.830132706891	640402.0785669853	0	2281.199687335733	494.9839223007189	0
4.940336	6018.712758611992	637347.0607521759	0	2280.836918793088	412.21552322321116	0
4.950224	5891.353544033767	632423.540675779	0	2320.8865399971955	423.5079156986606	0
4.9601120000000005	5688.401646116476	625342.0858024274	0	2410.761111664161	562.1184946914377	0
4.970000000000001	5404.972918440004	615848.2110660002	0	2563.9342425000004	1009.3657939600001	0