0.026	3.9736561458299966e6	3.118366279189995e8	0	714909.4077579998	3.4874671176300055e8	0
0.035888	5.228768640699604e6	4.5108935793391865e8	0	967264.5683984417	4.746587379277107e8	0
0.045776	6.6647712933478365e6	6.116191457373526e8	0	1.234743528018683e6	5.937609360844109e8	0
0.055664000000000005	8.244725200519783e6	7.824397343786906e8	0	1.4953084684547964e6	6.887376017879888e8	0
0.065552	9.917464510489225e6	9.506931328948722e8	0	1.7273992503696266e6	7.474140287806143e8	0
0.07544000000000001	1.1622166355421834e7	1.1043780129997663e9	0	1.9140263141317056e6	7.655740835058231e8	0
0.085328	1.3294252067582356e7	1.2346713808484476e9	0	2.0454160951525606e6	7.467667554726325e8	0
0.095216	1.4871663368684046e7	1.337240577310827e9	0	2.1197242358739707e6	6.998544867899071e8	0
0.105104	1.6300556293261362e7	1.4124092282199197e9	0	2.142033887012379e6	6.357828332290412e8	0
0.11499200000000001	1.753965208911473e7	1.4644437058436494e9	0	2.1223056403236305e6	5.64860702968234e8	0
0.12488	1.8558389444189433e7	1.507834894609021e9	0	2.0730485959639924e6	4.9517498108075744e8	0
0.134768	1.9336328021934003e7	1.568859885899168e9	0	2.024722752138862e6	4.376263685991565e8	0
0.144656	1.9894248621332094e7	1.6262900149911816e9	0	1.998684180243579e6	3.9680900297909313e8	0
0.15454400000000001	2.0254377016969305e7	1.681624342273056e9	0	1.9625035838030775e6	3.607791151646024e8	0
0.164432	2.0448716206314106e7	1.73664405197808e9	0	1.9184180959827364e6	3.292596270333217e8	0
0.17432	2.0515731753288925e7	1.7933999953686109e9	0	1.8686219040912508e6	3.019452342751552e8	0
0.184208	2.0502258286688622e7	1.873662155224714e9	0	1.815185357855203e6	2.785454561598373e8	0
0.19409600000000002	2.0542780402600255e7	1.9600926599258394e9	0	1.759366236002224e6	2.5988943097461653e8	0
0.20398400000000003	2.0544174952306177e7	2.0481888257442975e9	0	1.704023476935734e6	2.440243123989054e8	0
0.213872	2.0525050459278375e7	2.135074547389026e9	0	1.6509023039483237e6	2.3053955253226203e8	0
0.22376000000000001	2.0504061662063494e7	2.217416847951325e9	0	1.6021765754716105e6	2.1909960362288356e8	0
0.23364800000000002	2.0556829555427894e7	2.2810703880319195e9	0	1.5593066562016485e6	2.0939236566082788e8	0
0.243536	2.0673470942031045e7	2.327861869106579e9	0	1.522475191012842e6	2.012158079975084e8	0
0.25342400000000004	2.0814031109185793e7	2.366925305674566e9	0	1.492488044487749e6	1.9442852233303943e8	0
0.26331200000000005	2.0973885341050994e7	2.399759308105751e9	0	1.4701371427227065e6	1.888912050817622e8	0
0.27320000000000005	2.114831735720042e7	2.428688880573946e9	0	1.456248865155128e6	1.845940361024747e8	0
0.28308800000000006	2.1337739548625413e7	2.459314757890102e9	0	1.4592293562052955e6	1.8201666538659912e8	0
0.29297600000000007	2.1542425775616158e7	2.488567138856369e9	0	1.4934557179479718e6	1.8030900384105954e8	0
0.302864	2.173938529475661e7	2.5172888255635767e9	0	1.5316456797237415e6	1.792669831440175e8	0
0.31275200000000003	2.1918238036049e7	2.5463646631373873e9	0	1.5692795859207946e6	1.7869965100422496e8	0
0.32264000000000004	2.2068306607666776e7	2.5767212536231637e9	0	1.6013906237598408e6	1.784232560591962e8	0
0.33252800000000005	2.214518787934339e7	2.6093299295588474e9	0	1.6226619969493796e6	1.7825734826508656e8	0
0.34241600000000005	2.2176296742283132e7	2.654403937891569e9	0	1.5985352236931103e6	1.7773396688934013e8	0
0.35230400000000006	2.2169351454287525e7	2.7014083376579847e9	0	1.5615945327791406e6	1.7701068341815215e8	0
0.36219200000000007	2.2126540718356278e7	2.747959660232516e9	0	1.5189761114686604e6	1.760000678984905e8	0
0.3720800000000001	2.2043196188997816e7	2.79248274290917e9	0	1.4746331688561926e6	1.7459066891031465e8	0
0.3819680000000001	2.1920414927414868e7	2.828250312304667e9	0	1.4437481736696968e6	1.726770357173462e8	0
0.39185600000000004	2.1774040356845368e7	2.8535444876408134e9	0	1.4284180927727504e6	1.6946007009531108e8	0
0.40174400000000005	2.1610739008779366e7	2.8746476534909034e9	0	1.4132621288952788e6	1.6535586090052453e8	0
0.41163200000000005	2.143704150881746e7	2.89261643674496e9	0	1.3955740195130634e6	1.6111063585925728e8	0
0.42152000000000006	2.1262023557443913e7	2.908549248401397e9	0	1.3727931308222346e6	1.5692645810815558e8	0
0.43140800000000007	2.1110557428076323e7	2.9248911230661774e9	0	1.338729768650523e6	1.5316803573036858e8	0
0.4412960000000001	2.096088813646833e7	2.948685617107325e9	0	1.2788334376249234e6	1.5075319834306806e8	0
0.4511840000000001	2.0813636975111324e7	2.971833159493995e9	0	1.2231084116335032e6	1.4843952436450598e8	0
0.46107200000000004	2.0669407604246933e7	2.9935776528805504e9	0	1.1763167690654162e6	1.4603680843177107e8	0
0.47096000000000005	2.0528786872414745e7	3.013143036878362e9	0	1.161441623789574e6	1.4336726621452868e8	0
0.48084800000000005	2.0405503217457958e7	3.029737837672299e9	0	1.1751237648323912e6	1.3934237651409078e8	0
0.49073600000000006	2.028881518431241e7	3.036726342113558e9	0	1.2009976310218095e6	1.3469815769922963e8	0
0.5006240000000001	2.017276077022159e7	3.039065085431117e9	0	1.2347836881506948e6	1.3008202234831108e8	0
0.5105120000000001	2.005497765866957e7	3.038856064455071e9	0	1.271884517768661e6	1.2570851284672756e8	0
0.5204000000000001	1.993315921179501e7	3.0368921901992574e9	0	1.2999397116621893e6	1.2207896441951317e8	0
0.5302880000000001	1.9805057800343245e7	3.0339684868556337e9	0	1.3020689407006148e6	1.1983503950436641e8	0
0.5401760000000001	1.9682645443798766e7	3.032364310240003e9	0	1.297867570509493e6	1.1801386323060547e8	0
0.5500640000000001	1.9553816295525502e7	3.032364310240003e9	0	1.2877877558640733e6	1.165043857471612e8	0
0.5599520000000001	1.9400121086850684e7	3.032364310240003e9	0	1.2723529090525315e6	1.1520342488194756e8	0
0.5698400000000001	1.9214442729991235e7	3.032364310240003e9	0	1.2521378492002059e6	1.1401347984285583e8	0
0.579728	1.8969326350625344e7	3.032364310240003e9	0	1.2250195546882842e6	1.1251034056276946e8	0
0.589616	1.8566304422308575e7	3.032364310240003e9	0	1.1952462360811601e6	1.1099285349060023e8	0
0.599504	1.8147469708701402e7	3.032364310240003e9	0	1.164335539681512e6	1.0947167461269303e8	0
0.609392	1.7740164589176506e7	3.032364310240003e9	0	1.1334934392477304e6	1.0793522981820372e8	0
0.61928	1.736936967006909e7	3.032364310240003e9	0	1.1019941554544768e6	1.0637264054011333e8	0
0.6291680000000001	1.705804351537373e7	3.032364310240003e9	0	1.0709807410623445e6	1.0471691907328779e8	0
0.6390560000000001	1.6992260625070173e7	3.032364310240003e9	0	1.0438099112488731e6	1.030016045258516e8	0
0.6489440000000001	1.700337494208564e7	3.032364310240003e9	0	1.0219211738568796e6	1.0127968859873505e8	0
0.6588320000000001	1.702587102107467e7	3.032364310240003e9	0	1.0066730604109801e6	9.956449661646728e7	0
0.6687200000000001	1.703056098501617e7	3.032364310240003e9	0	999432.3535582712	9.78685083941113e7	0
0.6786080000000001	1.6925366257540047e7	3.032364310240003e9	0	1.0081606687507005e6	9.62033737509985e7	0
0.6884960000000001	1.6671678731380489e7	3.0337916656037054e9	0	1.0416802267916742e6	9.45799426510998e7	0
0.6983840000000001	1.6386123288373448e7	3.036755990932277e9	0	1.0798010713696864e6	9.300830825355503e7	0
0.7082720000000001	1.6089133432560641e7	3.03810169667725e9	0	1.1190843099901197e6	9.149786127965318e7	0
0.7181600000000001	1.5799835318579633e7	3.037009984526722e9	0	1.1555710001855942e6	9.005057212245986e7	0
0.7280480000000001	1.5656229458788004e7	3.0326680039459944e9	0	1.1565586749973742e6	8.86801689905133e7	0
0.7379360000000001	1.5546676128984563e7	3.0184965861373277e9	0	1.1420894803600125e6	8.739909005278921e7	0
0.747824	1.5457957551524488e7	3.0002771560965633e9	0	1.1206073472260719e6	8.621673073654969e7	0
0.757712	1.5381499489464218e7	2.9790918626185856e9	0	1.095391920192088e6	8.514209036941871e7	0
0.7676000000000001	1.5308938103050865e7	2.9557203201962047e9	0	1.0695231614404458e6	8.436345399114211e7	0
0.7774880000000001	1.523207628797574e7	2.930925572533263e9	0	1.045820879370075e6	8.393512619881995e7	0
0.7873760000000001	1.5051108803118333e7	2.906328364447385e9	0	1.0419309673857316e6	8.350341669369145e7	0
0.7972640000000001	1.4837078272527322e7	2.8819662655992203e9	0	1.050429877392842e6	8.298654955802049e7	0
0.8071520000000001	1.4630771898500908e7	2.8576141748845654e9	0	1.0600737897402414e6	8.230495747610806e7	0
0.8170400000000001	1.444252541338407e7	2.8335979491282306e9	0	1.069045465207414e6	8.133300204262352e7	0
0.8269280000000001	1.4282169425991924e7	2.8107113710265193e9	0	1.0754678687442709e6	7.944606626238808e7	0
0.8368160000000001	1.4159191335471682e7	2.7908336537447944e9	0	1.0732711656834567e6	7.736598572871663e7	0
0.8467040000000001	1.4116494789970461e7	2.771593208883036e9	0	1.0568860770408437e6	7.517223940119565e7	0
0.8565920000000001	1.411976810667005e7	2.752645712978663e9	0	1.0384180143482209e6	7.293775017185454e7	0
0.8664800000000001	1.4119637021446103e7	2.7336562051257863e9	0	1.0196676650517129e6	7.072816291104528e7	0
0.8763680000000001	1.4056138413968569e7	2.7142989333958364e9	0	1.0023157469264533e6	6.866041261542173e7	0
0.8862560000000002	1.395032772593474e7	2.693849225788459e9	0	995742.1093603065	6.6737182260653764e7	0
0.896144	1.3808328021333478e7	2.6724892311301446e9	0	993562.9601701868	6.497061575147494e7	0
0.9060320000000001	1.3631957270501494e7	2.650123122052399e9	0	993744.6242283055	6.339006406099692e7	0
0.9159200000000001	1.3423257113715885e7	2.626587381566049e9	0	995607.9403969547	6.2022307776047856e7	0
0.9258080000000001	1.3184458869013857e7	2.60000154912767e9	0	998479.9536079208	6.089261261950588e7	0
0.9356960000000001	1.2854649233756559e7	2.569576138910928e9	0	1.0033723602948018e6	6.048520380970704e7	0
0.9455840000000001	1.2499156646814754e7	2.5383520169331636e9	0	1.0090985035621205e6	6.065582898012225e7	0
0.9554720000000001	1.2170681617234712e7	2.507039935855637e9	0	1.0127436871658637e6	6.085031013424093e7	0
0.9653600000000001	1.1887915325271139e7	2.4763171596452284e9	0	1.0129001601834053e6	6.094255938581701e7	0
0.9752480000000001	1.1709927967688395e7	2.446828122928536e9	0	1.0081877261990212e6	6.0806079445718676e7	0
0.9851360000000001	1.1727042787783042e7	2.4205074727452183e9	0	992395.9063982867	6.0107749688294865e7	0
0.9950240000000001	1.180123827230911e7	2.401000263537797e9	0	952973.9260328591	5.823987883155772e7	0
1.004912	1.191164685560712e7	2.381802146102687e9	0	915719.0887151912	5.6248579475183494e7	0
1.0148000000000001	1.2037091968349561e7	2.362100615797513e9	0	884952.1905414646	5.428339571878609e7	0
1.024688	1.2155624194996407e7	2.3411103287527685e9	0	864459.6739729232	5.24747111433742e7	0
1.0345760000000002	1.2135517145874802e7	2.31412308660059e9	0	881209.4741975283	5.155334387685539e7	0
1.044464	1.207875782985309e7	2.2838323222483325e9	0	917612.3138356004	5.108220662086965e7	0
1.0543520000000002	1.199637017948407e7	2.2521052654618545e9	0	961619.20553208	5.0774900038805395e7	0
1.06424	1.1891828786017831e7	2.2195185274504004e9	0	1.0080368036814715e6	5.054893932530312e7	0
1.0741280000000002	1.1768639175126834e7	2.186620362168567e9	0	1.036191420313073e6	5.032403826486221e7	0
1.084016	1.1645092435083212e7	2.155410690302934e9	0	1.0212886654682063e6	4.977975038478012e7	0
1.0939040000000002	1.151544620302478e7	2.126485530349004e9	0	995457.8482529538	4.886381929627811e7	0
1.103792	1.1368649805058338e7	2.0976074103408144e9	0	962694.83419616	4.798154001225921e7	0
1.1136800000000002	1.1203207002735063e7	2.068549458206273e9	0	926768.7302140124	4.719613957845699e7	0
1.1235680000000001	1.1017834686050897e7	2.0390979129636052e9	0	891038.8238697045	4.65669434154156e7	0
1.133456	1.0797993772901738e7	2.0087843396780279e9	0	861386.539611753	4.689970576245686e7	0
1.1433440000000001	1.0532081834922858e7	1.9755687990024734e9	0	861774.4511248466	4.738387184699976e7	0
1.153232	1.0263624809798148e7	1.9424066224049225e9	0	861915.3718079838	4.788088644708148e7	0
1.1631200000000002	1.0002033904153598e7	1.9097485786581318e9	0	859176.3297404909	4.825657677586108e7	0
1.173008	9.7557914819099e6	1.8780156266999497e9	0	850977.024445128	4.837322161260566e7	0
1.1828960000000002	9.54709446412254e6	1.8498715982333684e9	0	834915.2751671856	4.74733469931994e7	0
1.192784	9.365580072237942e6	1.8241653223066945e9	0	781651.7313206238	4.598561602446234e7	0
1.2026720000000002	9.210610002889097e6	1.7992539090766857e9	0	721826.1873506845	4.4387848519199304e7	0
1.21256	9.083955205952583e6	1.7746849827169187e9	0	670616.0050583426	4.279956555089471e7	0
1.2224480000000002	9.008581510840416e6	1.7500302881039991e9	0	632403.848344077	4.144433236174279e7	0
1.232336	8.989878917938692e6	1.7244766561433268e9	0	628930.8877406694	4.068886356112836e7	0
1.2422240000000002	8.991576839846538e6	1.697427292095543e9	0	683261.1479420164	4.007508504295648e7	0
1.2521120000000001	9.004310353705134e6	1.6696903927389612e9	0	756096.1652298458	3.9562016988883205e7	0
1.2620000000000002	9.018734854544856e6	1.641220359511548e9	0	840852.4605316252	3.911146444663742e7	0
1.2718880000000001	9.01931563092287e6	1.6119786911223118e9	0	927173.4053214467	3.8687263343173794e7	0
1.2817760000000002	8.955655092591679e6	1.5806705115493786e9	0	999922.1140727401	3.805710421413837e7	0
1.2916640000000001	8.874260223170739e6	1.5486432595221813e9	0	941517.5132563701	3.73911984925106e7	0
1.301552	8.776037572915649e6	1.516374026587969e9	0	862975.0555165402	3.6721585223958954e7	0
1.3114400000000002	8.661972296818057e6	1.4841588377834527e9	0	776561.8187934312	3.605509561211376e7	0
1.321328	8.533114967751365e6	1.4522711283911207e9	0	691929.9317649666	3.539809451256305e7	0
1.3312160000000002	8.390568389365038e6	1.4215997156766098e9	0	615682.5377685623	3.475649119497913e7	0
1.341104	8.209529431358154e6	1.3920662971219869e9	0	584691.8056069888	3.414639454704711e7	0
1.3509920000000002	8.031193729289198e6	1.363146428782278e9	0	580733.9491446496	3.356282254858906e7	0
1.36088	7.867648307024378e6	1.334827364287851e9	0	585502.2569474027	3.3001532583262086e7	0
1.3707680000000002	7.753742992722339e6	1.3070966220720766e9	0	597276.6876132364	3.246385632905277e7	0
1.380656	7.72070634251801e6	1.280288714903816e9	0	614486.9567319085	3.196401703391665e7	0
1.3905440000000002	7.716116059346542e6	1.2550581323112676e9	0	635527.532333065	3.1530374790532775e7	0
1.4004320000000001	7.729534301571791e6	1.2299510486216874e9	0	658620.3552273778	3.1109520600672547e7	0
1.4103200000000002	7.7506396021407535e6	1.2046831550830727e9	0	681725.4195093906	3.0689592784637805e7	0
1.4202080000000001	7.7690545403393805e6	1.1789946632773159e9	0	778138.8204189892	3.0259362246388227e7	0
1.4300960000000003	7.764275529969174e6	1.1526509090253432e9	0	847868.8884016214	2.980824919200228e7	0
1.4399840000000002	7.687004839205882e6	1.1241363317019713e9	0	843032.8189210568	2.9228253542501733e7	0
1.4498720000000003	7.593876760027854e6	1.0947822694976242e9	0	782070.7038972377	2.8622627445188038e7	0
1.4597600000000002	7.48675686773548e6	1.0648627761655302e9	0	692109.6357584477	2.8015786680177554e7	0
1.469648	7.367520097458777e6	1.0345013942712333e9	0	597410.2978281756	2.742018303036467e7	0
1.4795360000000002	7.238023077752633e6	1.0038168522241365e9	0	526342.1325256712	2.6847236663429078e7	0
1.489424	7.091835463016586e6	9.720237771631372e8	0	491062.9227956857	2.6388821805524517e7	0
1.4993120000000002	6.942446844173233e6	9.398626063974684e8	0	473970.9004619768	2.600026431312797e7	0
1.5092	6.796495289607639e6	9.08498701630978e8	0	470730.4228011377	2.559247606846835e7	0
1.5190880000000002	6.661126208831778e6	8.783235396560798e8	0	478475.2051651559	2.5141895704204347e7	0
1.5289760000000001	6.544246024522015e6	8.501018210157528e8	0	494622.06462040974	2.459920111742885e7	0
1.5388640000000002	6.44059794631823e6	8.262691470525278e8	0	514826.7924267305	2.381659482805538e7	0
1.5487520000000001	6.351030843333006e6	8.036992294082825e8	0	540515.9400034603	2.3012463251531575e7	0
1.5586400000000002	6.276399241160859e6	7.819460959620706e8	0	570168.2483229798	2.222528921891201e7	0
1.5685280000000001	6.217589603239771e6	7.606084581657398e8	0	601910.8240973279	2.148862897190579e7	0
1.5784160000000003	6.195232558819786e6	7.393266810647621e8	0	633407.6809372302	2.1042229304531273e7	0
1.5883040000000002	6.186863824506135e6	7.160076963084509e8	0	659055.8272536471	2.077281674199609e7	0
1.5981920000000003	6.1887640696055945e6	6.924517789098164e8	0	678117.5135128157	2.055592190763818e7	0
1.6080800000000002	6.197870679687085e6	6.693846482689584e8	0	688738.9946304257	2.0359239250351854e7	0
1.617968	6.211136819405178e6	6.470305505440298e8	0	688568.8402289132	2.01518183317066e7	0
1.6278560000000002	6.242093989352636e6	6.265746682748677e8	0	675708.0115495126	1.9903989238737714e7	0
1.637744	6.276572900269629e6	6.088026085741848e8	0	634404.7385275466	1.9471115802736033e7	0
1.6476320000000002	6.296931441092605e6	5.916679617129309e8	0	572017.7997666375	1.885701143336174e7	0
1.65752	6.294378531397388e6	5.748107914531823e8	0	513196.15294703696	1.8215551320880182e7	0
1.6674080000000002	6.26033602118507e6	5.579104779649385e8	0	462558.6231371925	1.756496113606654e7	0
1.6772960000000001	6.156341425121091e6	5.406849761533109e8	0	423892.65385317465	1.6921367928779908e7	0
1.6871840000000002	5.961181842329877e6	5.2234428218489313e8	0	422422.5589310058	1.6295657101035895e7	0
1.6970720000000001	5.755539003824978e6	5.0073158951687837e8	0	430194.02663755824	1.5688179769359572e7	0
1.7069600000000003	5.55459650544602e6	4.797351523218555e8	0	444917.5390568951	1.5132352095488612e7	0
1.7168480000000002	5.371565062929506e6	4.5979423190615255e8	0	464370.2329457114	1.4640770487146419e7	0
1.7267360000000003	5.298601399935131e6	4.412735921296551e8	0	486060.95197905396	1.4224449079669507e7	0
1.7366240000000002	5.258154775602308e6	4.27506705142007e8	0	499471.6385657654	1.4048936536909137e7	0
1.7465120000000003	5.230839496050999e6	4.1628026255863535e8	0	506755.8000127323	1.402067783538479e7	0
1.7564000000000002	5.206683908544169e6	4.0560951678638613e8	0	509946.9652096845	1.404653510571687e7	0
1.766288	5.17593362864323e6	3.948451468097752e8	0	508089.7580717848	1.4095875905243954e7	0
1.7761760000000002	5.075761740134973e6	3.83405861568231e8	0	500375.1952296892	1.413792286037841e7	0
1.786064	4.9262076416604975e6	3.6909440275615937e8	0	476629.48984011705	1.4141577243044734e7	0
1.7959520000000002	4.77714655857357e6	3.51359273334168e8	0	434852.9139000989	1.4003343153998047e7	0
1.8058400000000001	4.637988110926302e6	3.3380542243101203e8	0	396163.9913029865	1.372551877209506e7	0
1.8157280000000002	4.517069358480029e6	3.169793581756158e8	0	363805.2512689671	1.3394997008381069e7	0
1.8256160000000001	4.44633034148615e6	3.013226826915244e8	0	339949.56676978065	1.3018318366581962e7	0
1.8355040000000002	4.470267244099906e6	2.8977251824159503e8	0	327771.12448245735	1.2600807271871775e7	0
1.8453920000000001	4.509918361826936e6	2.7954618229435015e8	0	353447.2158862426	1.2127202356603362e7	0
1.8552800000000003	4.554400778763016e6	2.7013785837259865e8	0	387090.66183757543	1.1637756150644315e7	0
1.8651680000000002	4.592457236062672e6	2.6125675662954167e8	0	425023.3992793688	1.1145361696597643e7	0
1.8750560000000003	4.612477363297739e6	2.5264719232712048e8	0	461851.9307863695	1.0661180055364858e7	0
1.8849440000000002	4.529693871841581e6	2.432865247548446e8	0	473102.9412627957	1.0203210730304122e7	0
1.8948320000000003	4.419949407950771e6	2.3351108080294836e8	0	461826.4895648174	9.772733770005196e6	0
1.9047200000000002	4.294863995769126e6	2.2392839431786996e8	0	441880.14110043854	9.366843098574357e6	0
1.9146080000000003	4.161052876162748e6	2.146033028200841e8	0	416563.09548462275	8.987798875282837e6	0
1.9244960000000002	4.024544974919294e6	2.0559025806840497e8	0	390770.1507528983	8.639424511388965e6	0
1.934384	3.884014524716574e6	1.969289533617597e8	0	374218.85071011196	8.329600446682265e6	0
1.9442720000000002	3.7487572763315723e6	1.8865087467144236e8	0	358635.00182442984	8.046088801088465e6	0
1.9541600000000001	3.628989789322719e6	1.808019969310416e8	0	344140.4365036588	7.786938939405066e6	0
1.9640480000000002	3.5299747417624765e6	1.7340691245679086e8	0	330832.4044492289	7.550400926211437e6	0
1.9739360000000001	3.456530198739159e6	1.6648380951532087e8	0	318788.73509400873	7.341569662751626e6	0
1.9838240000000003	3.4384087530135787e6	1.604881151656196e8	0	308073.0907076251	7.152455126141501e6	0
1.9937120000000002	3.5019863524825787e6	1.5496364268550757e8	0	298740.2385899935	6.976705146309567e6	0
2.0036	3.5747106817244748e6	1.497175222137418e8	0	291526.56926946266	6.810918061596105e6	0
2.013488	3.641209968996821e6	1.4465530163926536e8	0	288723.181064915	6.652915222509544e6	0
2.0233760000000003	3.68500258974342e6	1.3969408738808593e8	0	286797.45172914973	6.501245354266281e6	0
2.033264	3.612402736881725e6	1.3442535441924474e8	0	285484.38202147314	6.350660039662229e6	0
2.043152	3.500024614092249e6	1.2891212802693997e8	0	284528.7541685054	6.198283440967761e6	0
2.05304	3.3735332447089637e6	1.2355490075007325e8	0	283680.85163050354	6.041527763933971e6	0
2.062928	3.2454243301132144e6	1.1841149251779076e8	0	282694.4247703617	5.878105989637179e6	0
2.072816	3.157204678148385e6	1.1352969838397646e8	0	281061.7877171437	5.7060537820201535e6	0
2.082704	3.124078990327181e6	1.0907978642812048e8	0	275665.8375059089	5.514655181264237e6	0
2.092592	3.103613297865586e6	1.0547187229909424e8	0	270186.8707662319	5.28116543730174e6	0
2.10248	3.0911103681752933e6	1.0201002943253742e8	0	264870.6029466274	5.05686136624419e6	0
2.112368	3.0820360234215963e6	9.860015694031064e7	0	259943.8708480943	4.847464633892708e6	0
2.122256	3.07193612319399e6	9.516024044494595e7	0	255617.0293551726	4.657716367102293e6	0
2.132144	3.052912775263503e6	9.162021817227644e7	0	252088.15641914762	4.52298963189569e6	0
2.142032	3.015098162738722e6	8.732932300639917e7	0	250965.27598219996	4.419269466449849e6	0
2.15192	2.9698012248109337e6	8.299599686338095e7	0	250710.7789292731	4.329529426535967e6	0
2.161808	2.91635122184631e6	7.884172548875001e7	0	250891.25212277204	4.248268887466445e6	0
2.171696	2.854213386770402e6	7.495506859368518e7	0	251338.92428299104	4.1704234642814854e6	0
2.181584	2.7731594791654055e6	7.153984446372026e7	0	252069.98304730857	4.080421752720032e6	0
2.191472	2.684016588127652e6	6.866911422262931e7	0	252933.15452860843	3.9727264056933746e6	0
2.20136	2.592778905230034e6	6.6130613937123984e7	0	253364.96195105056	3.864145197337655e6	0
2.211248	2.502476489053466e6	6.390338498884142e7	0	253056.83681315606	3.755834339766556e6	0
2.221136	2.4147006162454393e6	6.196948921637118e7	0	251706.75779367329	3.648838706391838e6	0
2.231024	2.3312552952903616e6	6.0341042993931904e7	0	246059.68064946946	3.546882072749515e6	0
2.240912	2.256539268096854e6	5.922747822107821e7	0	239403.64052963685	3.4749986623214297e6	0
2.2508	2.1928385242249253e6	5.8254999430506654e7	0	232345.10243881706	3.3984209300078996e6	0
2.260688	2.1422260008889325e6	5.734868095353103e7	0	225363.3551078554	3.312011601115363e6	0
2.270576	2.1091020650799214e6	5.643839744452214e7	0	218884.29834472798	3.2112653735495233e6	0
2.280464	2.1372495571314334e6	5.5254195524081685e7	0	215512.11216378323	3.092485891803663e6	0
2.290352	2.1749155574509227e6	5.3869509043591306e7	0	214044.19125005888	2.917313733737925e6	0
2.30024	2.2147783932986776e6	5.241639961368027e7	0	212890.92961792502	2.7331877907866514e6	0
2.310128	2.2490031262147212e6	5.0914661002466984e7	0	211724.62841201996	2.5645396762271323e6	0
2.320016	2.2693053239538646e6	4.938273230182228e7	0	210225.14919096357	2.4332656577008553e6	0
2.329904	2.22367330948098e6	4.781920897531046e7	0	207282.52215487926	2.3834912327987603e6	0
2.339792	2.1493597735281675e6	4.6228925379881024e7	0	202106.36277911733	2.354048903283333e6	0
2.34968	2.072402994712654e6	4.468020257106932e7	0	196834.36934022067	2.3335635202836865e6	0
2.359568	2.0004714904587409e6	4.319630472839934e7	0	191787.50109950991	2.311268138357688e6	0
2.369456	1.9547175782988118e6	4.179731545641192e7	0	187254.75931041437	2.276836954368637e6	0
2.379344	1.9582311357401598e6	4.060873458250242e7	0	185982.17830348393	2.166037787756993e6	0
2.3892320000000002	1.972813420556226e6	3.953826877795909e7	0	186026.06303811574	2.0417525426271528e6	0
2.39912	1.9933040945378589e6	3.856098190633551e7	0	186836.27228106724	1.9201639533325024e6	0
2.409008	2.014419612844715e6	3.766794299551614e7	0	188201.40667571643	1.8073522621397239e6	0
2.418896	2.0306660806170816e6	3.685108287981344e7	0	189910.1373966249	1.724323901554745e6	0
2.428784	2.000861086475732e6	3.610308194214509e7	0	191746.0300579164	1.6771921564621842e6	0
2.438672	1.9627293720797827e6	3.539574666436055e7	0	193484.82233358384	1.6418346444018208e6	0
2.44856	1.9199018555227218e6	3.474280544069314e7	0	193449.343011628	1.6151672417650581e6	0
2.458448	1.8750410841303621e6	3.41574610665488e7	0	192686.47284790527	1.5944317762931832e6	0
2.468336	1.8306011499978474e6	3.364081816045809e7	0	191670.86296963348	1.5770796091744425e6	0
2.478224	1.796979437679442e6	3.3232808058252573e7	0	190439.22909467368	1.5613962501527965e6	0
2.488112	1.7702152374238651e6	3.302634290965181e7	0	189028.2521610555	1.5463521899050327e6	0
2.498	1.7454315986562257e6	3.285030314928141e7	0	187474.21851796613	1.526467079666785e6	0
2.507888	1.7221293941964284e6	3.266467066384681e7	0	185842.0995282395	1.4990454776781215e6	0
2.517776	1.699837106166787e6	3.243035848907379e7	0	184159.36845614287	1.461689413726893e6	0
2.527664	1.6749887669381609e6	3.2109558604444012e7	0	182430.52514892243	1.3969992278781054e6	0
2.5375520000000003	1.6451454616920184e6	3.1359006724196218e7	0	180682.05039296616	1.3209620989140538e6	0
2.54744	1.6178186918094032e6	3.053718101241856e7	0	178939.4738605837	1.2428376282358465e6	0
2.557328	1.5943595722334255e6	2.97409479442871e7	0	177227.36419745194	1.1664234749890685e6	0
2.567216	1.5760548123280297e6	2.9020601987668794e7	0	175569.3538389676	1.1007283236988306e6	0
2.577104	1.5647271896559782e6	2.8591395304464754e7	0	173988.19628818776	1.0525881713809222e6	0
2.586992	1.584853312892636e6	2.85045659303008e7	0	173127.66390857392	1.0090224054413324e6	0
2.59688	1.6054762250536059e6	2.8513752899269763e7	0	172722.39580938546	968721.9150514166	0
2.606768	1.6211175980504362e6	2.857464112882368e7	0	172155.7774933404	930562.2676490516	0
2.616656	1.6261195391414135e6	2.8643047720096827e7	0	171317.17665653737	893576.5460049621	0
2.626544	1.5899630027514878e6	2.861800776306782e7	0	170099.1589858312	855807.2709033882	0
2.636432	1.5245619863412278e6	2.8117669031162392e7	0	168399.5664960281	811174.3701097283	0
2.6463200000000002	1.4564577175393826e6	2.7570875109536406e7	0	165988.17394165896	769536.3846859218	0
2.656208	1.39298945171467e6	2.7017180628480766e7	0	162738.0853823633	731711.0981657137	0
2.666096	1.3466231658400244e6	2.6493214807492286e7	0	158938.89164533946	698336.152520121	0
2.675984	1.3491351628316983e6	2.603282951773849e7	0	154612.65384900876	675163.2083032671	0
2.6858720000000003	1.36397923778059e6	2.5667707821113706e7	0	149788.58541745404	658666.687095889	0
2.69576	1.387650422718085e6	2.5602410427771904e7	0	144030.4777904311	645147.554131223	0
2.705648	1.4166073682423835e6	2.5605003862771787e7	0	138093.50421808788	633514.040517922	0
2.715536	1.4470819572016755e6	2.562716417818506e7	0	132254.75196806184	622765.6860725877	0
2.725424	1.4561394463352824e6	2.560171298588168e7	0	127054.31468693828	611492.6903151168	0
2.735312	1.4565167824849242e6	2.5468244395302307e7	0	122946.31446418662	598576.7558694746	0
2.7452	1.4517805311282566e6	2.53019852916759e7	0	119227.05726430257	584384.396916999	0
2.755088	1.4419428239517163e6	2.5111941554330304e7	0	115792.56710101842	568459.3602606776	0
2.764976	1.4270702651604472e6	2.490695203817198e7	0	112550.23848397422	550419.9166374934	0
2.774864	1.4072834087513774e6	2.469658915799288e7	0	109417.14278732489	529712.8488185005	0
2.784752	1.3870840019259674e6	2.4524368929136958e7	0	106171.66586957886	497111.9355467656	0
2.7946400000000002	1.3629771371781714e6	2.435334966803234e7	0	102084.2354288732	464988.48959890514	0
2.804528	1.3309935054514352e6	2.4183522999802165e7	0	98235.74384283306	434906.59516734397	0
2.814416	1.2901999800774187e6	2.401488060797133e7	0	94723.00865298892	408044.01739547343	0
2.824304	1.2348673189455355e6	2.384741423405889e7	0	91628.54661092913	385271.35165259	0
2.8341920000000003	1.1530761979089892e6	2.3659292030484363e7	0	89024.54437935223	375328.4706888213	0
2.84408	1.0732407953910239e6	2.346773358430231e7	0	87631.10521540498	372164.93136553804	0
2.853968	1.0009427944874685e6	2.328896937023385e7	0	86769.49872384174	370711.1472096817	0
2.863856	940298.4669562995	2.312931334346508e7	0	86147.66963183983	369647.086544128	0
2.8737440000000003	917028.7104837055	2.299493535855278e7	0	85648.33222832804	367676.2347318842	0
2.883632	913614.7297945434	2.291973329272689e7	0	84664.93044865549	360492.076454549	0
2.89352	920077.9557899965	2.2917974127928976e7	0	82822.29147164822	346306.7954535299	0
2.903408	933791.7200889606	2.2927341722632583e7	0	81158.1168643988	331626.954706789	0
2.913296	952185.9313320308	2.2934787994651653e7	0	79875.51812261369	317325.29799429077	0
2.923184	971874.7507660233	2.2927253632106733e7	0	79167.76730185929	304136.2453836483	0
2.933072	989901.3893508565	2.288457988192806e7	0	79328.88749503893	302405.0845754604	0
2.9429600000000002	1.0043455864911035e6	2.2801760849953752e7	0	82746.12585534304	302620.4192970304	0
2.952848	1.0123149824252239e6	2.2668814348634396e7	0	86677.28581748858	302496.6918791357	0
2.962736	1.0109298989834582e6	2.247574131305016e7	0	90689.12824703849	300511.372284275	0
2.972624	993958.5894110461	2.221334013710065e7	0	94264.55067090248	295204.9906056626	0
2.9825120000000003	942398.1350412003	2.1747955000773724e7	0	94869.84192232075	285307.77054253314	0
2.9924	887209.1201473622	2.1166320184656013e7	0	92840.69849562926	260191.26212715055	0
3.002288	833118.6726455898	2.0603504863824543e7	0	89798.57005444934	230965.0364192485	0
3.012176	783864.2706549328	2.009998887479391e7	0	86114.48935442962	204238.9010313761	0
3.0220640000000003	755389.1106083055	1.9736555473628033e7	0	82132.26813195732	181169.3084406687	0
3.031952	739664.4666303807	1.9730275652049117e7	0	78457.03151401835	163607.755981438	0
3.04184	729090.9335074188	1.9828381503060326e7	0	75773.43788306287	153058.14092117993	0
3.051728	722131.129140303	2.0001968914813768e7	0	73281.79192844774	145016.8066653847	0
3.061616	717368.6339856944	2.0222211404484697e7	0	71005.64619023296	138884.61664703084	0
3.071504	708360.2561984478	2.045945256324298e7	0	68965.38249607578	134192.54835896572	0
3.081392	691847.1498651352	2.0495000581105392e7	0	67179.16819019346	131254.00762027135	0
3.0912800000000002	677795.387517021	2.045384218766739e7	0	65683.6828471521	129050.14471573645	0
3.101168	667556.4544215113	2.0377255214598406e7	0	64825.42176735511	126957.18550791367	0
3.111056	662440.3548482804	2.0269384585224982e7	0	64244.14704868194	124528.77174565523	0
3.120944	665262.9971978778	2.01344518755891e7	0	63922.070624603766	121354.67537122955	0
3.1308320000000003	700072.3878513813	1.9976698067669906e7	0	63844.84579300732	115085.76514534664	0
3.14072	740823.600782984	1.9800334274690893e7	0	64001.07674300409	106228.61187985276	0
3.150608	783657.7013436357	1.9617256295361675e7	0	64381.90740386775	97449.98357521064	0
3.160496	823749.5561503539	1.9421551941621393e7	0	64980.67344572689	89181.97344834192	0
3.1703840000000003	855339.6956893813	1.9210936589550946e7	0	65855.68101011816	81726.35093509105	0
3.180272	841699.6049376251	1.8974363688050583e7	0	67846.37141248852	75642.74431206018	0
3.19016	804340.3238360663	1.8665705303659324e7	0	69789.63754301447	72260.9957617304	0
3.2000480000000002	759455.8347257186	1.836048958194996e7	0	71505.64285377406	69600.2750450581	0
3.209936	711675.599631346	1.8080574313799944e7	0	72799.57799045765	67503.76162280362	0
3.219824	664837.3485432919	1.784652806960975e7	0	73470.1117244173	65840.73242964594	0
3.229712	628288.5808076588	1.7678045791072574e7	0	72063.69717626696	64498.653588126195	0
3.2396000000000003	604358.2666473552	1.7746129611844e7	0	69541.01239372593	63377.574788661135	0
3.249488	583038.6055587513	1.789542950818076e7	0	66627.83436594727	62388.51716630736	0
3.259376	563703.5291502461	1.8069373554336675e7	0	63551.95906238553	61443.61831427664	0
3.269264	545805.4185510292	1.8240592341170553e7	0	60510.268857974115	60462.6186943355	0
3.2791520000000003	528617.0981663109	1.8324719621520285e7	0	57698.10809216391	59370.533138057435	0
3.28904	510062.31517802854	1.8273092161730375e7	0	55247.4864177377	57899.12588203106	0
3.298928	492614.8889370574	1.8171617639449738e7	0	53203.01953350679	56126.06266994579	0
3.308816	476423.2686507244	1.8027713087125327e7	0	51647.428355034746	54341.328890448625	0
3.3187040000000003	461613.39110490616	1.7848916206009075e7	0	50660.05321556561	52621.09388158629	0
3.328592	448823.9406042	1.7639838986665063e7	0	52510.48772621182	51153.4702727634	0
3.33848	437773.8019850662	1.737705911495483e7	0	55151.22306256041	49860.12388104214	0
3.3483680000000002	428107.79369532625	1.7110988313386872e7	0	58192.439386535734	48755.24245739414	0
3.358256	419749.565870897	1.6855889017078016e7	0	61255.78347402824	47856.82852005049	0
3.368144	412634.252422582	1.662518864606523e7	0	63879.80157031197	47183.053783184856	0
3.378032	407536.982556547	1.6431622512768162e7	0	65536.42447622295	47146.131252162595	0
3.3879200000000003	404920.35845284443	1.6364209020633556e7	0	62512.863677121015	47521.84660706526	0
3.397808	402709.5599776259	1.6357057653568398e7	0	57584.1080412154	47978.62335503899	0
3.407696	400401.7584138249	1.636825362272015e7	0	52421.19556076411	48411.236175037775	0
3.417584	397506.00354144746	1.6383836340265185e7	0	47420.81963822226	48710.78915041447	0
3.4274720000000003	393526.2133395937	1.6372361399680875e7	0	42862.34007214002	48404.13564015998	0
3.43736	387348.4157701104	1.6300067414524138e7	0	38911.46185903852	47034.72611196153	0
3.447248	379436.6794754617	1.6205248117874868e7	0	35672.78224879085	45580.58132232734	0
3.457136	369592.4384009141	1.608868239119389e7	0	33227.699077349695	44182.5325662486	0
3.4670240000000003	357676.09253025637	1.595122656548044e7	0	31624.513274979035	42965.04538438406	0
3.476912	343618.5857561047	1.5793806165707858e7	0	30928.87851814541	42039.57159198952	0
3.4868	324236.63105128636	1.5561230618340481e7	0	31389.442563738092	44961.95064137463	0
3.4966880000000002	303745.8587203307	1.532303256791427e7	0	34274.8840016071	47922.9962275135	0
3.506576	284927.4100438375	1.509343314413458e7	0	38143.874626033554	50052.783533956186	0
3.516464	269516.95797034324	1.488450750453569e7	0	42863.15460206363	50468.41731907015	0
3.526352	261477.82486685782	1.4707695322060823e7	0	47291.57983113643	48399.40728476324	0
3.5362400000000003	256240.81945862042	1.4634253840907263e7	0	50925.252930340816	40647.80432337778	0
3.546128	253192.99475032045	1.4625586426039094e7	0	54391.99150034706	31629.759429956146	0
3.556016	251808.39996331566	1.4634544912065241e7	0	57700.67986143455	24268.182173071466	0
3.565904	251610.7166179374	1.4648645961977512e7	0	60878.35596699677	19017.844307273386	0
3.5757920000000003	251130.9945817886	1.4644781354112735e7	0	64435.651391364896	17768.095148443696	0
3.58568	250964.0745388157	1.4582140862231294e7	0	69877.85338393912	17493.38206190724	0
3.595568	251114.77969442846	1.4499295002126668e7	0	75243.49587921334	17909.363293932693	0
3.605456	251396.74577791503	1.4396933069106262e7	0	80051.49702292986	18813.954693809213	0
3.6153440000000003	251623.3095532034	1.4275814319693584e7	0	83732.88192508227	20012.150126128356	0
3.625232	250996.84075675433	1.413676061128563e7	0	85684.7854137567	21268.714879617866	0
3.63512	249524.3747711256	1.397367012092082e7	0	85358.63986178231	22286.5432850854	0
3.6450080000000002	247827.44791237943	1.3795145347630702e7	0	74441.18162786229	21369.842123445516	0
3.6548960000000004	245971.7023302737	1.360478771751927e7	0	63536.76734256268	20439.334018733527	0
3.664784	244021.34060652475	1.3405123856682116e7	0	53729.07018909739	19602.907929506524	0
3.674672	242271.4064139115	1.3198584039765595e7	0	45528.97725852756	19200.549096399754	0
3.6845600000000003	241372.39098703253	1.2966451518155472e7	0	39100.54671689991	19364.247897320456	0
3.694448	240261.06342543496	1.2723445021243095e7	0	34420.417732546055	19693.017760205657	0
3.704336	238762.65778580145	1.2499045636694763e7	0	32897.126881117256	20093.8299580764	0
3.714224	236708.2845103733	1.2303732654160364e7	0	32478.164540922444	20467.563283485582	0
3.7241120000000003	233938.3335128428	1.2155333448307585e7	0	32376.877686227424	20537.53175992858	0
3.734	228861.66781874571	1.211411148452507e7	0	32156.529740406586	19193.44850626794	0
3.743888	223180.80798265125	1.2106939705961104e7	0	31080.53781378397	18118.669205504728	0
3.7537760000000002	217393.61133266153	1.2123079598740805e7	0	29861.62878616935	17521.999375695512	0
3.7636640000000003	211768.09798954954	1.2151920977598637e7	0	28570.29507275101	17605.187910827968	0
3.773552	206762.94141447023	1.2128323221901303e7	0	27268.602108656058	21511.54088276746	0
3.78344	202558.3523313833	1.2068035921146806e7	0	26009.29553673433	30254.08348841487	0
3.7933280000000003	198954.0746165777	1.2000335715549553e7	0	25073.960615597764	44728.57054398247	0
3.8032160000000004	196014.3137452482	1.1929421101160005e7	0	24220.543974709606	67799.45441708475	0
3.813104	193880.83655931725	1.185939996409233e7	0	23402.729655174342	102768.29852823455	0
3.822992	196200.12949718212	1.1794285556200668e7	0	22606.526794899928	151927.20399152025	0
3.8328800000000003	199092.86275381388	1.173800629415725e7	0	21819.70688037066	213651.99935405044	0
3.842768	201855.94375893194	1.1746134365942039e7	0	20796.083375455735	271640.65273565764	0
3.852656	203748.4406129105	1.1787611965429073e7	0	19692.876068788828	309917.71229424526	0
3.862544	204009.97288113614	1.1804173299596814e7	0	18784.87589869053	319221.62419601093	0
3.8724320000000003	201906.5033560005	1.1781150704846779e7	0	18135.010684170848	292211.5731918534	0
3.88232	191908.3880936709	1.1686208180516586e7	0	17890.994705307683	227043.24098020815	0
3.892208	179722.92296760494	1.1409863345445707e7	0	18620.94421567601	124950.50473135704	0
3.9020960000000002	167490.39706240818	1.1108900882394075e7	0	19622.40296641474	63349.9351669185	0
3.9119840000000003	155904.31712998345	1.0813226517466951e7	0	20779.67368643903	31363.74246043306	0
3.921872	145831.9725108509	1.0549765472285237e7	0	21948.965780733466	16072.296999889504	0
3.93176	137581.5481341385	1.0442292187577182e7	0	22252.129063381526	11293.12184750713	0
3.9416480000000003	130547.66360301673	1.0428789682352552e7	0	21956.384224159377	9886.725485064764	0
3.9515360000000004	124742.65501379216	1.044281473563578e7	0	21467.57186506651	9519.403143247797	0
3.961424	122066.58136594688	1.0465594987645335e7	0	20881.04678780371	9842.108701627036	0
3.971312	121081.33012471905	1.045199267503943e7	0	20285.383920577453	10668.176726515361	0
3.9812000000000003	121071.76222059557	1.0331869487294056e7	0	20072.649667642774	11460.93562057456	0
3.991088	121691.62414202085	1.0191603714834299e7	0	20498.014352089223	11692.384165744397	0
4.0009760000000005	122601.98973649368	1.0040061968721421e7	0	20888.419369512467	11946.812608566168	0
4.010864000000001	123458.27972490908	9.885689193867724e6	0	21126.55960672337	12168.396172948376	0
4.020752000000001	123906.94793855837	9.736450284257129e6	0	21092.30853541078	12297.399587294309	0
4.03064	121483.43173863593	9.68172346431965e6	0	20645.10555409304	12260.179974814153	0
4.040528	118190.31660252422	9.64298940713411e6	0	18817.967324109406	11574.85357925082	0
4.050416	115075.29413083837	9.603952756633883e6	0	16959.23551642097	10784.220649603907	0
4.060304	112348.67984966733	9.556154506193584e6	0	15234.940453168374	9952.733748611934	0
4.0701920000000005	110577.1566897766	9.49132066581357e6	0	13753.054020541673	9132.761833280249	0
4.080080000000001	110334.03763932287	9.401474628562998e6	0	13076.592892529798	8363.609864452936	0
4.089968	110732.80559867928	9.230918059203772e6	0	13033.040738496096	7989.274459205455	0
4.099856	111691.9611260598	9.03197962690974e6	0	13189.160034300518	7774.363785933415	0
4.109744	113136.43012913175	8.841800796592819e6	0	13471.718188912713	7524.32228532563	0
4.119632	114993.71069054355	8.685987131485883e6	0	13806.307367036392	7194.51281447527	0
4.12952	118419.64774238429	8.64896318025774e6	0	14112.20945858615	6750.770139531814	0
4.139408	121903.10115045562	8.64567972294111e6	0	13976.709933804326	6174.611509212102	0
4.1492960000000005	125045.1955350363	8.662429762147158e6	0	13208.146444876274	5301.024900834294	0
4.159184	127418.94914815227	8.685624650540464e6	0	12463.873591637444	4325.016227886051	0
4.169072	128578.77008367109	8.701585594603112e6	0	11809.115251850097	3524.9968742738993	0
4.17896	125993.23085101657	8.696550108576369e6	0	11295.716399296294	2904.94639304022	0
4.188848	121250.79492137555	8.515289375232073e6	0	10993.10406592246	2600.7135382081683	0
4.198736	115968.36299910233	8.314918547240284e6	0	11469.694224127768	2430.6168217074955	0
4.208624	110612.32790784056	8.122464611608359e6	0	12048.918283921583	2357.4502774463276	0
4.2185120000000005	106070.69490671926	7.951987965592223e6	0	12632.123234239252	2368.5973459829797	0
4.228400000000001	103585.14073374859	7.816430579635554e6	0	13100.989004651903	2460.8388961752166	0
4.238288	101454.96273648663	7.803822307053102e6	0	12843.74232413548	2638.9974317660913	0
4.248176	99515.10889292025	7.874304926831925e6	0	12007.690113506813	2915.9440460825404	0
4.258064	97613.69301598691	7.956050935161737e6	0	11033.892231614538	3354.651215390618	0
4.267952	95610.27380267033	8.02955444813893e6	0	10030.827805204275	3920.6019534918214	0
4.27784	92000.1882701419	8.058591064822294e6	0	9080.734432857738	4605.098779666679	0
4.287728	88495.28364291794	7.962990155186379e6	0	8298.410632426969	5413.620285496248	0
4.2976160000000005	85461.13970377599	7.835985788744316e6	0	7770.766007866594	6291.473436509302	0
4.307504	83102.7873096638	7.689254463121334e6	0	7312.404170756123	7160.036050268179	0
4.317392	83877.65048991978	7.533914594674644e6	0	6913.727562273806	7904.216825205167	0
4.32728	88184.97939518583	7.416056376634701e6	0	6566.717413541406	8384.280610272293	0
4.337168	93180.43377360128	7.316578804036217e6	0	6189.0615735884085	8464.837361186543	0
4.347056	98068.65457018766	7.218721198717846e6	0	5848.361979140587	7162.785929555212	0
4.356944	101883.7017168117	7.119785031316383e6	0	5570.233295780567	5880.111340528277	0
4.3668320000000005	103548.03302858357	7.017220237223146e6	0	5363.036989524262	4817.332171076188	0
4.376720000000001	99302.68846110694	6.889728714944474e6	0	5234.980118256419	4019.8907100270635	0
4.386608	86758.14818959463	6.730029734798901e6	0	5195.827055646335	3794.068103845328	0
4.396496	75117.75882137106	6.575593411249825e6	0	5352.375271268267	4081.6155791460765	0
4.406384	65253.062701523966	6.433395622693514e6	0	5637.783470375533	4518.96569636827	0
4.416272	57574.206019965226	6.309822429697414e6	0	5962.108004397021	5038.113961264	0
4.42616	55999.59364511639	6.214393842777866e6	0	6284.827265843769	5534.277778764087	0
4.436048	56732.22498664107	6.197455795167781e6	0	6412.4389186576755	5694.31589157522	0
4.4459360000000006	58645.50530426926	6.196831676621765e6	0	6466.014408716157	4910.371808642362	0
4.455824	61336.425364695155	6.204885560906814e6	0	6450.778867294065	4159.084523412133	0
4.465712	64357.60042499555	6.214009082139163e6	0	6374.237325859558	3531.942971452479	0
4.4756	65503.03087135764	6.183617665242182e6	0	6245.445460181993	3069.6171089672075	0
4.485488	64662.87510002256	6.120892845288411e6	0	6074.300262125501	3004.2351016384005	0
4.495376	63408.80283996285	6.048800112598883e6	0	5850.114647935339	3149.2910329307865	0
4.505264	61868.27384352498	5.971158021061925e6	0	5609.15394174643	3399.461449889112	0
4.5151520000000005	60163.531571957865	5.891628259776592e6	0	5369.247695510702	3735.465153356175	0
4.525040000000001	58457.55043452016	5.813693278200975e6	0	5141.879026004279	4092.2364719364905	0
4.534928	56951.804732741475	5.751968005106727e6	0	4957.85031281003	4365.657827720551	0
4.544816	55489.67182896285	5.709316425461627e6	0	4826.287418955379	4617.656353244275	0
4.554704	54103.83567027113	5.665037373049066e6	0	4708.377852969048	4826.084556570555	0
4.564592	52823.67760846117	5.616308800280475e6	0	4597.974344254067	4966.930720267553	0
4.57448	51466.942543989724	5.560415306498324e6	0	4489.496549287373	5016.716894324652	0
4.584368	50251.36824177843	5.473438411163272e6	0	4332.710133220554	4999.91759517478	0
4.594256000000001	49319.79585235558	5.380872086681913e6	0	4173.127136846775	4849.376698041442	0
4.604144000000001	48752.1421107384	5.287956756915596e6	0	4017.447601523111	4550.794905815582	0
4.614032	48630.68481289785	5.198810239917663e6	0	3870.001681979518	4109.718827296112	0
4.62392	49665.33937639533	5.137316852373064e6	0	3734.479824754923	3552.2677968929834	0
4.633808	51889.566451563194	5.104112928131273e6	0	3614.038842566769	2643.013469065178	0
4.643696	54346.56935232601	5.077597378614891e6	0	3564.0997486850215	1794.9331421718982	0
4.653584	56766.53676795614	5.053596992794131e6	0	3530.1465983748735	1213.4141174914814	0
4.6634720000000005	58772.8887885725	5.028026999463573e6	0	3480.302718961342	840.1630634470722	0
4.673360000000001	58092.30767841192	4.996887150550365e6	0	3403.2307680034896	613.0470504593831	0
4.683248	56751.52715511375	4.947447894540198e6	0	3212.2613256319833	517.3661370836002	0
4.693136	54996.94328481265	4.870068784255534e6	0	2839.8103636052315	547.009034259074	0
4.703024	53062.336661189845	4.788630960797834e6	0	2512.6574614525744	608.7792033812397	0
4.712912	51157.080488825035	4.705674642222573e6	0	2260.6119227688655	695.1709683512307	0
4.7228	50427.61936277423	4.623581541587026e6	0	2101.1198282144596	793.9399509813894	0
4.7326880000000005	50228.69661828224	4.555932666580125e6	0	2049.703353392504	767.2356368614898	0
4.742576000000001	50037.68028047636	4.492938908588484e6	0	2468.072501408717	705.9928581553361	0
4.752464000000001	49743.436943099274	4.431671284990371e6	0	3065.983579220937	642.2072791372934	0
4.762352	49237.87683729518	4.371024961273102e6	0	3818.3199587998392	586.7238282606019	0
4.77224	48088.61870854855	4.309954308136408e6	0	4648.485207423939	546.9605788719338	0
4.782128	46130.635820218115	4.241112087621987e6	0	4952.407218326763	572.8028995164855	0
4.792016	43996.49313919098	4.167088080384015e6	0	4613.025812427083	665.4957557456341	0
4.801904	41781.77833999315	4.0956732679582983e6	0	4092.4347340429567	787.7804122584839	0
4.8117920000000005	39568.97269098077	4.028742086416208e6	0	3509.1355188682023	935.0344637428173	0
4.821680000000001	37408.447351464754	3.9692565373121896e6	0	2951.4618964919414	1095.103981590414	0
4.831568	35173.48970875586	3.9289437857617685e6	0	2525.102925494491	1214.7367951808974	0
4.841456	33210.278078550364	3.8965633640991393e6	0	2363.08028342265	1180.3767682694856	0
4.851344	31590.59387542826	3.871207939591902e6	0	2228.966012302365	1112.0997197099928	0
4.861232	30373.038477518086	3.852029756230486e6	0	2110.912049287622	1025.2957697498987	0
4.87112	30562.66030965614	3.838227307940827e6	0	1999.3770332665858	933.5438038617737	0
4.8810080000000005	31701.62290333091	3.8290339801623304e6	0	1886.658391713312	847.2236721635082	0
4.890896000000001	33004.79920371303	3.8407725691991495e6	0	1766.7780754593148	785.8845752072947	0
4.900784000000001	34171.60211121257	3.853792624194193e6	0	1524.2707893093798	734.8263725798082	0
4.910672	34860.50082443061	3.8612323368890863e6	0	1329.8978692240307	692.7139169738706	0
4.92056	34719.169437988196	3.858635115436177e6	0	1189.7429295624097	660.1190627190925	0
4.930448	33447.20600401826	3.841616559595301e6	0	1105.9255297133038	637.5963074592765	0
4.940336	30881.0859360834	3.8060034958420657e6	0	1082.4199124511485	625.8646809734375	0
4.950224	27074.15261118821	3.7480170442832266e6	0	1130.373663426101	626.0113408041801	0
4.9601120000000005	22332.336323776348	3.664489473543518e6	0	1276.332667484753	639.7452036589266	0
4.970000000000001	17171.87876910001	3.5530988285500016e6	0	1578.99431653	669.74723784	0